1000
13245
14726
201
6424
24083
7389
20735
22024
18895
28745
6170
11483
28717
28392
28752
11324
19773
27740
18255
4468
22070
16843
10030
15756
10765
3114
2980
1458
12358
8124
6008
25311
6667
21717
15928
17590
31099
4580
13870
2990
25412
14000
18064
28275
20084
19682
17911
20106
9868
8644
23826
16436
17366
11592
24988
18838
15865
27212
23947
7446
19659
1052
5771
21256
11110
32057
10666
26250
12670
13145
3925
31148
5874
25774
7043
9429
5536
6763
20016
21858
23934
7301
2061
32655
3815
21174
30582
10139
12082
14024
20900
1575
19337
15376
11300
19424
15864
20537
2695
18525
18629
22851
29788
30794
31744
21706
10075
16071
6490
31884
14819
19979
27195
5158
16807
845
15374
17438
21156
14820
30432
9766
27222
22957
553
26271
6955
9389
27625
8029
3128
2039
1527
20394
8490
29648
28054
5517
24192
32530
12618
3148
24056
22990
2282
29743
26439
21301
21493
1927
269
30393
21033
8431
3592
1135
19026
5842
19080
18616
4961
15907
5920
22166
30121
27782
2782
27006
6491
31870
14615
22195
13143
11763
14771
23592
14935
19217
5881
13467
26721
16952
17322
1828
18230
429
21424
17699
14153
22151
31794
5041
15264
8383
8720
30144
30388
14077
18213
5202
8658
4202
23753
22249
5058
16575
8090
24638
6823
31395
24701
17205
11558
3123
24287
1041
14026
2530
6209
935
12531
25674
3902
8100
23071
18775
15009
6430
22794
28622
11736
6890
5015
2452
26754
9782
17933
25188
17855
11960
17945
9923
30542
14659
30487
5943
15347
18584
21389
31668
21788
3198
12280
27479
32707
1813
6860
15447
29846
7271
32182
12344
13142
16448
25636
12353
7549
13888
2823
11825
9251
6190
7639
32046
3362
5775
17624
14078
4985
10103
26781
377
26350
6048
20170
18494
20216
12729
29726
16038
29915
28672
18352
15862
6421
27667
11128
21465
14329
259
24082
5389
24986
21419
12735
2140
18666
13632
13485
15822
20003
5161
11896
26141
2150
28432
5872
32361
4770
32313
27165
25645
8120
1810
32128
25970
6621
3596
15004
8514
20799
23210
25269
19552
32235
471
16344
11830
6382
27261
26395
27151
20666
83
28710
26758
7372
2295
17906
30014
13452
20284
29905
25812
28021
6341
6575
22290
17525
6611
22167
26982
5783
23387
28793
28050
19679
18268
31274
30884
32629
20335
12460
24105
21511
24992
27824
27550
7016
8060
19801
30759
29309
2923
67
7300
27225
8256
19140
10048
31655
1807
14449
8491
18760
24382
4836
30219
30270
1725
5519
4809
16701
6631
8324
25807
12725
22301
30283
3969
12488
21164
13963
24124
7534
27770
2851
13997
23724
29511
20067
30265
20840
3379
24955
16028
1661
2432
18227
30160
16139
32666
22237
32048
24848
24404
7048
25565
28221
22133
13175
6241
32514
12147
17362
23954
29676
3454
21658
1721
20784
10688
10466
16116
30856
30180
26429
24537
13629
18389
9843
7004
20101
29384
12920
31987
5136
29052
7582
1528
6366
1472
29193
26958
4179
28983
5987
10823
397
11096
16594
8901
17653
14520
30503
13472
20
1932
4953
10824
5033
30057
15665
2732
25167
16966
25690
868
29926
22828
21479
14144
29703
9449
18833
12003
22910
3240
21027
15610
527
15282
26393
17187
7863
23961
2565
28599
19251
27318
12081
3558
28103
6358
15238
7178
17464
17457
6572
7221
16922
25756
10867
21260
9298
25343
5234
26841
24019
25352
14062
8411
16811
21793
17405
6881
3651
25760
17898
21271
15842
5694
5084
21535
16500
10955
31155
20323
650
6688
5939
4010
26017
14932
14948
31210
3495
26419
14648
4189
10171
15851
3695
11223
3637
16649
15800
24407
28134
17177
14812
20641
25304
4496
23162
12537
18551
25851
31565
18938
27445
21228
8194
14526
2178
15745
6928
4205
15149
15257
5312
9401
25199
24727
32692
22353
27795
26542
22567
27149
12376
14255
26742
16748
30103
22815
14047
11073
28965
4749
137
32169
14331
7970
26053
8768
28052
13178
11156
24981
12695
17586
13929
731
4278
17859
8752
5089
31958
20238
7054
27972
4208
25656
24171
18147
8503
19511
32174
28819
26107
12205
22599
788
13261
29045
24435
7492
5732
30076
4667
403
18367
18899
21054
10167
19212
26114
30129
5793
11977
29854
15012
6831
14889
23326
32647
11299
2489
29674
25836
6612
24387
11957
15503
19491
10482
2829
27027
13361
952
8496
5646
15183
15597
11554
25032
18102
5945
20476
28224
9081
31623
27632
28343
22602
15369
3282
19989
14437
21599
35
3179
19654
24652
23399
28350
30132
28945
5293
21871
2649
22590
29204
32177
25705
5319
4750
30528
20228
5722
29668
8785
23774
19184
6651
18884
27037
10915
15189
11681
19074
13759
5850
4546
29260
6427
22233
9421
3161
27818
9546
21350
21263
16461
21846
23458
9594
27371
13502
8246
20420
25254
7953
15760
3586
25419
28735
16616
20113
13335
28592
29018
9265
9370
22336
26525
12746
17644
19512
29482
2815
5105
25726
23201
773
25306
3080
31593
23990
4591
24214
3223
5857
2700
18849
2322
13285
6762
2702
1268
21374
5152
23848
29235
28638
22762
28237
6272
1792
12200
26343
17519
7481
3370
8991
29145
19984
12714
27085
30079
24399
16282
14386
27119
2650
12193
30185
25516
28608
17888
9499
12425
26896
27769
25331
9814
11502
5970
19537
17598
31077
5398
6851
11888
14463
29053
3505
15741
21267
19662
29655
14081
9695
19618
26872
25094
19670
2538
7121
1445
14523
8243
12365
4718
17135
16937
4599
31499
13192
30554
19124
31
28066
12722
29556
13818
21875
1692
13910
18361
13132
19728
30522
11149
27277
31826
29348
1278
17777
22338
15175
18944
6125
139
19821
6340
3640
7966
29081
8148
17547
9951
12907
19551
3110
6557
27077
13009
21576
10540
26023
22574
15454
369
11906
32485
24999
28048
23930
573
26658
25816
8884
20373
20031
22604
9783
15791
25422
8010
20987
32364
568
5994
579
24023
25709
31657
4141
29285
8477
14023
27272
8828
11435
13549
12517
9009
27743
30867
1265
21590
12891
30369
1538
7604
13776
32212
10991
12693
23409
11620
28197
22662
25128
16100
32759
10842
18440
10089
29494
22642
31620
21486
6146
27964
11486
1271
30943
9466
21474
3445
11788
17349
15827
30954
31504
3281
14246
23757
27285
16114
10350
22832
23673
14943
12312
3232
14883
