1000
6345
9328
26059
7483
19221
12537
11560
31349
10923
30883
15905
15847
29313
2786
26984
14409
10234
12500
1970
839
21157
5668
3856
4485
23592
31022
4733
32735
11383
9827
24499
3061
22090
17135
12100
21479
26573
10906
6885
17245
13209
25836
19981
20939
9699
30101
9407
30195
31219
3084
11427
29355
25560
22133
15452
24800
603
31688
5398
6875
11569
304
16990
27843
29557
7857
11319
11875
24149
18190
3946
10798
19467
26346
20509
30080
30479
7981
23207
7719
32138
32425
1699
20770
32014
32510
12355
24232
5765
18618
31720
16237
28264
709
30703
32544
32050
12541
4301
12344
17427
26141
2910
19696
14824
19683
31098
10640
1131
19570
23754
23535
20903
19445
27609
15414
26032
22917
11630
25318
12432
14413
24090
18461
132
6635
21517
26645
9321
1818
21805
4333
4721
15246
4970
15788
26394
31008
17227
8835
20577
5675
205
20050
14642
19254
30318
1390
18724
979
31365
14754
3171
14022
5844
17267
22509
2410
11872
16552
15874
16977
13697
15370
9941
20267
12341
617
24968
25065
27321
18655
16727
26914
8283
2137
6932
26549
1162
12882
14035
28592
25135
8930
2534
17520
17728
29688
19724
26634
25233
5603
17125
6122
12782
20760
17065
31930
5423
23322
4486
28908
14638
8631
1565
6426
4362
563
8378
14419
31851
8741
25315
13076
21168
11521
30098
19587
20531
7239
8339
20552
26830
20474
20781
3742
9118
2900
29700
24234
25606
10680
9790
6923
17399
8168
485
19634
25455
7544
2444
30708
20800
25219
30518
16349
28947
7580
29299
21448
684
26119
29132
23340
11888
9770
19297
21433
15140
2622
14545
5540
20727
18250
21082
29247
28099
17730
8396
28304
16331
18805
28051
13139
6767
24370
6676
10143
30556
17973
27116
11957
28286
27366
20433
10843
30672
19814
21298
11471
8937
11261
12809
20920
23586
17327
28441
9053
3323
32528
5491
24597
7099
1881
21823
13310
3671
27578
23993
15090
21653
21234
6266
24247
32113
27422
10745
25974
23488
3022
23377
17519
24083
15966
20805
2794
7646
8324
13441
31089
27098
21797
12066
6460
20391
30573
25465
26605
26806
17438
16396
27518
28262
27944
21726
17015
22893
19323
3569
1124
4218
25369
30472
1670
27161
28015
27825
22729
1494
24037
24195
3830
16549
5300
1701
10794
18561
13303
14992
13959
4948
19206
14613
28969
15639
19455
6561
2651
4410
32677
16576
22539
17222
27502
32224
3196
6849
24023
13912
17723
5714
5371
16808
1620
18981
13156
23298
30149
32145
30497
19466
27443
19448
26392
13531
10204
19695
27294
5450
19149
1951
32581
31598
21845
13675
245
31584
6100
14399
21567
32297
26009
8941
26231
26099
4898
10974
24387
759
31262
16145
15729
13659
9324
767
4966
3968
15927
2094
10849
31796
29542
17923
27396
5417
15411
17368
12048
15781
23833
10574
24688
21884
7668
10468
2425
6204
31844
30921
14960
31911
23922
19951
26700
10342
630
3425
10430
19451
17720
10198
28527
31480
24405
21382
12425
21614
16612
3192
4009
14938
25005
26866
16666
32171
3080
6964
27541
15026
7886
1935
12733
23251
10724
23076
15292
8159
30951
15596
9527
10807
4287
12027
1920
10805
11127
24837
29710
16583
9803
15137
29483
21341
5635
28621
23277
22278
16434
4711
22229
8853
21930
5408
14730
7448
21632
19141
2670
15416
3063
18815
19984
26509
17974
1741
21885
1408
30960
19748
23085
5778
8171
32505
27401
24796
4172
21109
20731
8987
11670
3525
10184
15802
21727
13746
19688
5352
9197
20989
17895
398
4951
12018
19373
16257
31719
23873
6915
3068
2883
25610
11859
2125
27596
22839
17583
13518
9159
21518
23061
6167
28603
28166
29938
26226
7193
17882
27876
15760
8738
14557
3780
18554
3078
18061
16868
24521
25673
21098
4757
31258
13419
14345
17901
189
22216
25956
23239
23725
8125
28532
7178
20421
8716
21762
10287
28208
4738
25530
4605
19490
3799
29569
32407
13253
19413
27656
25785
30583
28348
18593
20799
13362
5606
3666
21735
6219
21671
26664
32599
608
9847
24014
2914
3212
7507
22622
8327
22492
20320
26999
19898
11271
18386
2192
8552
16217
32524
14988
693
15089
7688
22414
12296
20268
4346
25358
1737
27745
11568
10797
30825
29647
28221
7237
20643
29907
3670
4549
12546
19039
32252
30012
26020
11431
32476
691
30525
2845
4416
7774
17056
18677
6872
31736
1008
6896
30309
15132
32358
31788
30744
4
27649
18519
4868
30174
7901
8361
4255
23966
26927
21313
362
14780
28818
29728
23289
21713
4941
28223
2796
6731
12840
30231
12135
15632
19582
1382
13250
12644
8852
17457
9601
32268
21033
773
21894
10419
8526
10883
6533
16782
27512
17436
16825
21052
25812
24
5845
13296
10202
23773
29758
4305
16677
21358
21111
5281
11650
11570
21980
4253
32327
26359
13716
5797
6118
17718
3777
20381
16065
32152
30713
4371
26176
6586
26874
30242
30241
30509
19097
32662
31248
2242
17148
32592
28536
15620
4617
21229
9624
11781
4638
12706
25561
32350
12547
4458
1905
29981
26468
8414
15601
25316
18294
1967
27045
22167
10039
16163
10600
9774
18444
30999
17525
8080
3217
26824
20449
14086
15674
1257
14185
31215
58
12275
5230
6582
2211
15037
30270
8962
16591
30028
32661
13612
29696
16876
32100
19958
15171
24191
23248
32122
12698
22550
5758
5728
13145
23742
7438
11860
11473
24477
11493
695
15404
17213
10032
5525
10904
32295
29221
5848
168
28084
20620
28091
14838
19232
21119
30337
23566
30432
17262
18534
29831
3637
14694
6102
17011
32514
10642
2269
3834
3547
9730
1503
31041
606
10411
28297
14737
28102
4015
13063
8117
16317
11999
12151
7538
6782
23454
1887
12012
3912
8922
23837
22174
7091
30808
23718
1851
28277
31623
25852
11211
28230
16589
8001
22015
32487
4728
3029
9921
5987
15863
27327
9488
3477
16714
846
30475
15082
27831
3839
12619
24169
19647
19362
12406
24560
28752
30905
12561
22720
24380
17441
6550
1339
21738
27124
10951
1005
4940
2989
2625
1482
25104
653
23380
21430
3611
12606
23058
19787
32051
6327
11430
17622
10747
13407
24296
23714
7205
24949
15406
18810
12515
21935
31588
7785
18334
26913
29023
1476
9963
14177
15726
2922
11707
23529
9266
23627
9425
19900
3248
7975
17530
