1000
7757
21413
19096
17016
8092
26905
7251
31807
13730
27703
5547
4452
22255
14684
8535
594
146
7790
18036
10047
8505
10607
3278
4958
16281
17746
30299
14422
24592
6413
12808
24052
28041
23791
27576
16924
10657
6708
23946
29958
26632
2263
1627
17831
6441
32679
10637
21100
26637
10909
31750
4654
28540
31597
8827
26979
19046
2139
25838
8081
898
19792
15221
18697
10293
813
6206
30929
693
351
4816
20194
16238
23988
22675
13971
421
15980
1683
26966
11099
4756
20609
2466
23668
9359
6395
27184
27928
15094
24332
21866
26458
15266
9463
26913
17431
1286
13360
23166
28449
29122
25260
13883
22173
14966
15706
28946
2474
10708
15346
23670
10820
22266
25069
21378
13927
23038
28884
13359
27767
11978
4030
30921
20191
14890
3093
1444
2809
9507
6040
32523
18222
647
10150
15225
7262
29382
22969
9740
16001
14855
305
9526
6287
31863
16979
22966
24478
5345
24209
18886
24906
14720
5643
19606
4442
25361
16983
18938
6817
10795
3709
8799
30497
3795
28742
21252
21367
24140
18103
10855
16755
11052
16856
8445
32262
2997
30650
10789
20065
4705
19127
4447
14427
13503
1276
14265
6675
5246
19781
17803
25815
24263
22760
9316
32581
13777
32533
21828
4784
22703
4444
30476
18374
32108
7535
4402
13935
4441
31786
30393
3320
21414
20944
21857
12912
32304
25496
17691
26706
28826
26216
27583
12133
4511
10976
2305
29665
23206
19098
32418
17619
16791
15024
10467
6850
29934
26495
6975
29075
7694
15787
5465
14762
7639
17508
17460
25682
30586
11495
9122
3935
23948
31559
5119
5138
5466
11373
30750
32060
9341
32093
28548
10406
31918
14268
212
6065
6619
10127
18571
13114
18042
7750
32749
1728
31261
9977
28736
14025
1606
20465
9783
13953
1405
11626
31153
165
16545
31127
15780
22431
32380
30183
11347
20723
29081
29063
25544
12249
14426
6440
1662
21291
9029
29698
21598
14978
13727
12825
20460
26269
5180
12223
17347
6402
22165
21082
15423
14055
28187
8807
18809
21330
6091
18111
7544
9344
3075
17689
23205
26756
24724
11217
9856
32048
20760
2280
21650
12088
24966
21067
15778
1173
3843
9048
5932
1576
763
29598
24335
19616
31857
10980
12166
21661
25491
13933
3929
24085
15250
891
4693
23288
26288
786
24057
12559
28827
6910
26226
21290
21241
10264
30666
30074
26692
30148
24412
24892
216
20158
18827
11159
20042
2839
10163
21448
6396
16250
12896
3196
29678
29108
23486
13437
25303
30323
18001
17041
9845
23630
5094
10400
8993
2054
8394
29204
5542
26124
32569
8581
2643
21827
18201
4502
19023
12038
3561
23834
13101
4205
6900
4732
11456
18636
11210
13917
12593
4477
23792
22910
6990
29408
2775
17889
12069
31391
16139
1835
4306
10039
32173
21069
7573
11444
1827
4195
23336
30395
25102
4316
29007
3022
16764
9948
25008
13772
7008
13790
29157
5047
831
29086
31696
30906
7467
21814
6190
15467
15605
5511
22383
24653
1439
4826
31942
11929
7440
3527
13886
18443
9047
22153
18470
610
21605
4709
22971
26471
7242
2332
28842
32420
23225
30881
31718
16588
5351
17252
15857
26865
20975
27430
11351
26102
5750
11788
26747
72
17290
31219
13717
1993
23760
10756
4092
7693
31199
17032
18849
28873
26343
7933
20444
30856
14486
18025
32364
4000
22332
23022
9145
30053
17709
20895
6747
4508
9319
31634
7136
3123
16244
28982
12490
3375
6546
30439
25048
14565
18962
31168
3719
15469
9982
8113
3287
32340
766
7633
30290
18321
636
18677
17995
19463
5249
11620
8056
6133
29566
15955
57
25421
20461
22501
26660
18916
3163
28738
23378
19397
17334
9588
29499
470
15199
14115
366
1465
15232
19874
19078
4337
16800
12848
27993
5958
16757
23671
19058
24682
26617
31065
32706
25820
5312
20204
19602
29197
32136
8643
29116
22978
12306
32624
25115
12473
26160
4678
22336
24719
24608
25188
7782
4321
14616
10223
12712
11186
27170
4766
29042
268
28458
10876
4662
19946
16981
11753
4704
10838
8597
4322
19595
8911
21115
387
31221
237
22604
5578
14640
1864
20566
1694
27931
9365
7184
2065
25106
9265
12000
5984
4389
25402
25411
8957
24407
227
13686
7943
5035
3112
8231
10677
17049
1206
20401
21435
3546
27959
17576
16811
21708
90
1164
597
19725
14107
5883
26415
2377
1094
25380
15355
25168
26934
383
8611
30316
18403
21948
4200
13041
5660
1273
17723
7189
22032
7223
7787
18178
30739
31503
11137
2463
22177
29801
10203
21913
26830
15314
14099
22998
8103
16598
20117
24868
17374
5692
30448
14106
21184
8848
25926
30567
8235
32407
13977
15471
27205
2030
18920
16845
13458
20759
20598
31042
22808
32277
2066
27633
13505
20278
27290
15311
29440
20017
30402
22869
15543
20848
30226
16760
20057
18863
25646
22490
14668
3526
23386
12610
21649
6339
10813
25162
8358
28220
30437
9815
8875
6372
4876
29390
31429
30555
26010
19077
14784
19275
3435
25976
14840
16048
8529
190
32633
12637
27323
25445
29003
27994
8086
3734
1452
5275
2541
1925
27201
4855
15304
22378
1391
28433
13260
2725
22826
28125
690
4189
29707
25847
15719
30883
18614
9428
30313
12048
8026
22640
17727
21709
20565
23965
7887
14473
18976
21750
8653
11953
15229
4509
5343
18600
18771
13611
8778
6763
16188
1568
15002
17960
6968
7373
7666
12360
418
22385
4001
13485
11619
22946
26613
16696
12389
6894
30804
31119
6219
18627
30088
18461
19295
32652
23643
12747
7965
1124
30284
32525
15953
21792
12110
12197
497
20805
4112
3856
23256
27730
11231
23034
28501
24171
6438
20656
13265
27236
28469
19924
30386
18972
20802
13652
25471
13580
10925
20380
16708
13599
137
25867
28728
15812
31831
11684
27293
14658
5140
26887
19688
77
29559
12959
10530
28630
2676
26140
10638
4391
25860
10276
18060
2094
12328
26437
5053
15385
4139
26927
26728
28196
11304
14368
26396
12975
4813
1183
10391
148
23646
20333
3559
11773
28601
32207
22495
552
18835
4460
19652
23171
18595
29720
7273
16088
29467
31375
21163
11612
10474
13649
27930
24628
25395
583
13833
3127
2045
25000
21985
31990
9772
4638
3771
12793
11696
14373
22061
24908
30716
5300
16739
827
13497
3872
30578
19289
