1000
13239
7768
32589
17683
6209
21987
18795
13245
1912
28639
30935
4248
1479
13207
31230
3954
19601
13940
2043
19718
23412
14377
26623
11472
11983
3885
29686
18720
16257
14702
14439
10606
12276
25924
10652
13037
19035
1699
13316
1890
13367
19606
11221
17975
31520
2792
24565
25547
24258
27684
21531
2829
31782
32705
26162
15689
15923
30870
25342
9282
14196
12180
19969
19072
18715
16051
24736
11755
15174
18477
1154
24729
10882
15851
19769
11237
28301
15676
13604
27073
24161
21197
8595
2125
5485
15062
29229
27560
7718
29073
8079
8709
9662
10224
11574
7682
7475
28815
29343
27446
27532
14568
32684
4361
5472
25286
8266
6089
32151
4604
17233
25594
9076
598
18604
23533
468
31184
31417
2964
29616
11014
14066
14996
16873
7148
2510
10396
15941
25791
16866
25589
4020
23355
15948
28251
5081
32271
31825
9228
31173
13454
10309
6430
31238
13991
13739
24853
20448
12567
17054
29877
22490
31197
19056
10773
30589
26862
27536
29429
12888
10539
17585
21841
4167
5520
11560
21047
14581
30382
11989
26784
13403
21960
21462
8732
20392
26843
14063
16923
14611
24740
692
22443
22270
3919
28849
26112
20576
11845
2486
29556
28603
1364
16498
2508
12878
3338
6723
3005
22411
4193
23117
943
1227
4514
25290
20416
20801
30339
16544
20236
20012
16274
5433
29740
24401
20183
21135
24828
30633
437
32134
28577
3671
8722
27263
19659
24540
29368
10282
1848
20366
23290
3227
14458
32071
30106
6305
11001
25434
1770
9555
8507
4299
7730
4075
8803
21439
26194
22488
28664
26673
27048
25358
2280
32487
19764
23713
24013
12452
18170
24978
6766
12704
21416
28649
10377
22837
28537
19459
20432
20955
22105
20526
5937
1366
3914
23155
19290
6446
18182
19635
20093
3936
15846
21238
5456
24403
19714
25599
30041
6925
18074
12324
10344
29863
13749
29276
10597
14334
16647
22426
20043
3244
13592
28761
17269
5175
31139
24696
19481
14471
30268
16713
27666
16030
10806
27109
24290
29059
31684
4546
32759
31103
606
391
2093
13196
20583
17950
17557
7435
12
6667
10869
10165
1903
30973
27791
2516
6149
4515
30118
24243
3388
2497
27711
11091
11874
18563
9125
7007
18370
15121
7727
2658
24336
18275
1221
11576
1799
24919
14241
28611
5712
30209
23635
23263
17830
8514
3336
5783
31032
24988
3339
23705
14670
15940
9868
28391
7728
4985
5537
26320
13124
30997
9354
28703
5494
30562
23865
17554
20700
32302
29714
31629
16794
21026
20463
528
31748
25679
21351
20199
3
18442
19280
10016
15290
15098
9858
1730
8553
29551
23262
444
21649
10485
7055
12572
12889
2858
17552
129
14640
6860
8046
28627
5044
6422
25936
7473
19154
333
8756
11051
25391
16534
23931
22322
27079
8202
11176
21580
13269
5388
3429
15885
22002
27610
16327
14274
5760
99
25042
3055
24393
31065
4928
24572
29284
14726
28798
20523
26201
31587
4088
1997
11652
19175
25750
10678
11455
20893
10630
7406
9531
10489
15165
4521
30127
9964
440
21113
30389
22710
20488
13763
30320
8188
23821
17264
6003
9754
14722
25316
5854
6586
26425
9524
15818
27302
30120
32659
488
30682
18341
2574
6500
25566
26222
5754
1552
850
1516
13226
23486
6602
7737
28901
17901
22749
15967
30102
4265
21881
31843
16710
14508
26489
10184
18121
10106
23987
31371
32490
24972
10518
2073
32353
1281
2662
27996
28213
9451
29115
8804
19785
20333
21564
10504
12837
11453
13784
16333
16972
26921
31544
15370
13257
88
6129
20297
3340
19923
27901
15343
5876
1731
27500
15648
13613
253
20311
9693
6332
27451
1814
31599
216
23212
6834
3849
32252
20912
10141
23209
27450
9180
17569
9535
4562
23365
25111
12817
11011
763
31321
32606
13345
31443
9850
22593
18664
14442
27444
15833
30736
6502
21025
27559
17953
11007
9006
31543
21129
2751
21070
27395
21228
17541
30059
3220
22715
20944
22178
7658
5384
7738
30383
4638
3737
13635
5030
19782
32315
32080
2021
22425
17752
9204
5446
19412
13004
8045
28825
1244
2549
26994
8529
20132
9
22316
2429
7761
9133
12930
10746
5532
25283
30873
30439
21880
8835
24987
20570
7629
5560
29521
32189
13163
30444
18621
24705
2815
10713
22334
16999
13137
25615
14164
32058
23511
8383
6846
20943
32737
29831
28655
12251
24351
13290
16052
12295
24420
24061
14360
29767
15273
8034
32133
25191
9301
378
25387
27879
13500
6615
12709
24072
25061
19952
10970
22823
18064
32537
22050
1610
28791
12978
7161
4821
2718
22298
15183
16933
8695
14709
21072
7468
8703
12864
30845
1849
9050
28646
31142
22444
12155
26459
768
8885
30301
9847
3187
14535
28364
17633
19351
19140
18625
31724
15346
3200
20838
26031
3217
23624
13584
14815
2344
8352
12019
6070
11367
8919
32174
24487
7030
22345
22716
28044
31699
25162
21685
16115
25321
28541
7804
25573
10733
11452
7811
12229
2224
22159
9983
31665
3845
13950
6826
8591
26897
23213
22371
11986
14662
15190
5584
21906
5418
21622
27719
29666
16218
1991
30959
9566
17103
23279
30498
4867
21345
26103
17430
30020
6025
1534
5821
31833
16235
10287
28393
4827
3348
16624
32692
11918
12800
17244
6431
9086
9695
11508
21753
11597
23192
31121
2819
8907
29071
5022
20561
22052
5251
1523
28965
24956
26980
15061
28465
27523
12300
25828
29235
27953
24612
13682
23876
6157
5289
3292
15199
1776
2461
20842
19131
27660
8700
11638
21080
24620
2545
30929
30168
14141
18762
20834
31633
32270
23082
10000
14560
6141
16099
6336
7665
6833
29029
28827
27254
21028
10319
5984
27110
24417
29397
8125
11410
28463
32048
4690
4969
5344
28599
14643
10155
12464
14537
5558
17206
16911
29414
19947
21293
9129
26587
14080
85
8764
7234
17076
14015
13384
24847
20648
20547
5555
10832
26781
30837
27427
25896
5859
8324
27799
15653
7701
28841
4404
15729
19215
30565
3650
25532
3083
29719
18296
24439
778
12238
5241
20803
6006
22620
32670
7849
19205
4524
25078
11787
21984
12629
139
7898
19973
22638
3815
21002
24041
24485
15063
22211
20066
18827
9583
3930
26565
12082
27982
8831
28235
11812
3256
15802
1448
6513
26126
18497
27064
3215
12293
31907
8437
18418
16338
22424
70
11183
