1000
3772
5693
7658
12999
7478
7366
29610
30642
29995
13567
3577
13854
28454
3992
27602
32226
29994
25045
21374
2548
27883
30444
11881
31975
4670
28847
22318
18098
21967
31594
3572
6067
5138
30991
1789
1268
14460
26512
18300
16812
8434
1677
17575
4617
21890
47
30990
23340
26705
6484
25643
29814
4564
11500
10298
7682
23875
30370
14923
16498
31051
28864
22677
23023
260
18764
15117
15467
20770
12919
12855
297
15727
4665
10300
21888
14969
21813
14398
1244
20359
26850
20456
25605
25810
8428
3913
420
16882
3032
23266
16387
20631
31464
21501
15380
30585
16702
11073
9653
8594
28227
388
27954
17802
1866
19168
27147
371
1137
26633
24312
7862
5320
27101
32555
4685
28086
13117
22741
19763
10648
27932
18667
28953
31146
213
23594
15707
12075
3266
16729
18482
24508
1802
12494
22571
10506
698
27955
29144
22444
19224
16778
28101
30031
18740
8303
10925
528
26559
18589
12270
23849
26912
4788
21563
8400
25541
19514
15505
30044
22711
17375
18284
8106
6258
27397
14394
20159
27123
12415
14096
27822
10258
30873
30876
30396
18706
22105
8795
8387
1143
27141
16139
18388
2839
2277
22372
30752
1396
4682
771
2585
19529
5584
1447
6868
3939
11999
19615
25522
24242
14712
24707
13631
18848
17454
7971
6490
2209
25458
20925
24727
25868
18964
29555
7905
21289
19207
15355
23396
29323
10341
17049
30634
26784
21426
19786
4611
18822
869
8258
26411
800
16804
24985
30503
32362
22608
25922
29040
27401
15937
30012
11347
26919
27091
27148
11160
1405
11425
10090
31330
15281
31888
20795
23638
29411
19984
19647
6655
10371
25502
25100
27761
15717
13965
4539
19501
6423
23815
29409
10053
6002
4431
11585
17089
29807
15944
25535
19264
10812
13627
8984
22755
30095
28885
10449
27238
29755
2415
5741
7056
4609
16019
25827
6862
14248
14779
11343
8731
28751
28251
5096
30498
30979
15138
32306
13991
28301
12413
17781
28451
3469
8286
7277
20142
14541
23355
26435
26658
14799
15961
8380
28584
30538
8113
11656
24593
8373
20671
15031
24252
7253
14399
12623
16100
20036
20600
28366
17192
7546
6164
7303
16281
23952
25809
1933
8722
1482
20089
12242
21704
22869
17940
21136
12065
25805
11612
29672
26826
29955
625
11210
17156
27388
29646
14868
23614
4413
28796
9726
25065
22085
2181
27829
5256
4188
12716
838
20998
11915
17499
12222
6733
31468
17629
32143
16916
21028
19661
20790
18424
29741
10447
24347
32719
21081
32382
2489
2105
32403
3749
27390
15991
8168
26545
3317
9345
4167
7270
5538
27986
1925
21202
27182
9095
30628
16255
3396
7720
32341
24813
15546
14278
4027
3903
4724
31686
15986
13365
11397
15868
17616
16218
8344
20604
13163
10879
16015
19372
26843
8807
26217
7326
14017
10180
30057
19869
22536
15458
3700
15622
7274
28835
16828
13914
27958
25899
22427
8592
3921
5340
15536
18043
31493
32146
5021
15828
27094
22218
10802
22943
9496
29027
3217
5403
31672
14776
22685
9711
25066
7254
21354
9942
32643
1500
26150
15866
5209
24534
6398
17500
182
1916
6685
7693
3253
1924
24621
25248
16111
9275
22043
27103
1623
28116
29723
4285
15203
19712
27117
19084
15469
15807
15966
21104
10584
11381
2065
4372
630
10560
9087
2715
11945
25993
2621
26842
11465
12249
12158
30148
29766
25070
1496
6693
18703
29967
4683
13460
1714
12444
23714
9924
9961
27725
26200
1667
29772
5249
14817
12218
29813
27358
21379
10469
25086
5475
32724
4246
5187
13517
10282
2071
20340
17501
17235
12625
23273
9947
16006
17388
20917
1243
29338
32184
24957
24639
31094
29260
27531
253
30665
32237
15390
12027
24497
19460
28184
27491
16099
16491
27940
8890
7413
8498
22223
2790
23562
7125
4221
27995
24946
29578
1754
29201
31523
23546
25687
30478
28212
8918
32482
25684
20714
22356
14019
31458
6127
4730
17401
18826
12892
16024
24544
10755
30102
14619
20288
12384
4421
21756
15635
30668
2199
1410
27213
11508
18135
29915
21562
9354
10302
16234
21115
4410
10263
31074
22092
21984
14881
12948
12040
21301
27781
30702
30293
25896
14020
4901
18455
20979
25978
22014
2007
6673
5699
19066
12068
18985
30524
10764
1587
27629
1118
30111
32322
12042
20187
22942
14497
9188
30372
30838
7613
8933
5348
22831
8550
7596
11659
9609
26029
4117
26324
23906
21321
18189
1225
29738
4409
2469
15881
25239
8107
22629
19913
154
14050
26393
15249
25794
13202
28008
31934
18727
8672
5707
21496
17942
14972
22650
15008
5819
5621
19483
727
13573
13705
24644
18158
23375
3644
2491
27934
18752
18983
20224
4986
20463
13331
21901
30753
26955
326
21596
12728
24251
28061
4010
19480
17153
24027
16891
7491
17252
31809
5726
26269
5134
863
6130
5721
31667
11049
15017
15665
17011
24908
3162
2050
3524
1215
28599
17670
12455
24711
6221
31680
20037
18569
2807
23535
23666
3092
1882
24049
3106
2594
23324
6444
22070
23259
30033
22956
19093
12891
20022
14605
21887
24757
16028
28446
4920
26297
19129
26974
15089
21859
20864
20479
15472
15869
10408
3817
19663
22222
27818
21183
8177
5820
16678
22454
19464
6847
28803
6824
1626
32663
11991
8292
7492
954
1030
18249
21375
1425
8493
22291
162
12771
9537
17140
6888
30354
5363
20967
3636
3461
2519
8513
1106
13285
23750
13704
640
24972
20353
3465
45
5306
31126
27557
23296
1546
31880
18796
19484
22693
17194
10605
17059
6838
20556
15179
18296
10782
24729
1556
20042
20840
25536
3279
6094
12543
4306
8532
2379
18590
6635
22881
7516
13577
17173
23017
20978
30203
24681
27823
14232
20575
32632
5140
1531
8386
16361
4397
22953
12809
8035
4121
32537
27743
15533
28306
28396
28786
22035
20673
24434
29407
1804
30807
3952
27626
2331
4569
11808
28531
31731
27707
1146
30942
20145
17330
30961
30047
24770
7426
19387
14614
22686
1705
19539
27365
25521
21044
14502
31057
32120
30716
10038
25131
10388
15344
10439
7535
15901
3988
12140
18232
21834
25441
9765
5356
26833
31786
1528
2609
4363
6300
27005
19530
16131
810
22705
19797
15918
13316
6996
25889
14833
20618
2703
27711
15460
16135
9690
3420
2646
8860
28445
16590
145
21370
21013
9836
22110
