1000
19964
1340
5686
6021
11662
14721
6064
29309
20415
17902
29873
17124
23941
32745
31762
28423
27531
4806
12268
9318
5602
31907
24307
23481
1012
21136
26630
24114
26809
4084
23556
12290
21293
29996
29152
1054
25345
14708
248
7491
13712
5131
30114
16439
7958
24722
29704
6995
1052
25269
7479
18238
26423
27918
10866
17659
32498
28486
21196
7462
26633
12158
12022
1146
18392
13037
3925
10647
29458
6602
30807
4098
27830
29292
14600
7278
20799
18352
20448
13882
540
28315
4575
8762
9567
22336
18397
31418
19897
25828
13851
26816
24230
4449
16925
658
229
24520
10940
29560
15147
25162
1655
20675
792
22361
31754
16398
23146
8714
26946
21188
19569
8638
27663
15075
24515
11521
475
15615
20528
13234
12570
905
9464
19557
28962
14161
30524
12549
17469
330
31923
28350
14333
22925
10910
19737
16336
18337
1278
12393
7636
30714
28164
31591
19949
19135
2505
13337
10004
16337
2623
28664
9970
25608
30568
19281
7085
9152
18373
28652
8194
9876
23826
28396
7572
6249
14640
29174
18819
943
32611
1941
20289
8419
5565
3805
7585
16216
31450
1615
2609
11064
9166
16893
16074
13509
30300
19695
9573
15589
13161
31172
17968
27358
26031
26268
19426
28510
10422
30774
8779
30910
23552
4182
25391
15495
5764
874
1364
14902
28255
4460
474
6972
26821
26122
25547
21577
9789
25605
30195
27594
7950
16343
754
2481
11672
23439
13428
5912
9762
5967
24408
4415
1908
17223
11759
26434
5204
29486
4319
958
5945
26806
8166
18700
11367
17692
21787
28532
30556
30974
3447
5021
18283
26222
29331
2376
28583
26948
12723
17982
22018
14776
9220
31111
32182
23856
19490
8925
4324
6486
19677
15969
11643
7534
15677
22668
31068
21991
32196
7783
16828
7727
29426
15871
10697
17612
18703
11027
11408
5545
9508
7185
30238
24237
26443
21313
22501
8850
25128
2111
23650
28149
11192
1454
15869
681
27465
20267
17713
19793
18634
25472
20972
22830
24901
28442
5177
13877
25770
702
14364
1381
16590
8823
2237
8023
32179
16595
20169
2327
12042
31310
28182
11058
7926
9487
1670
32528
5651
2258
7213
9860
25783
21286
2742
8610
4472
7128
18434
5841
20718
3503
14867
24865
10938
1881
9257
22750
28614
18598
28458
2661
26063
32756
20807
20278
19489
19435
6365
32075
7586
1386
7833
8360
13330
26048
8928
29492
12433
23840
6766
1735
19810
11599
11837
21892
31982
7328
29352
11369
31244
21794
6608
9252
11647
17432
9535
7208
3264
3497
23243
27649
22015
26841
189
16100
19812
30648
9523
19851
24474
28633
29891
27200
19854
9990
25697
4919
17780
22578
12931
32544
3340
13487
899
22525
8483
5538
7492
6193
28252
25011
1560
15834
1840
31497
2785
18529
31540
18805
28791
13392
13210
13549
21578
26979
30971
9277
73
20193
1620
21497
13826
31276
19790
6582
13578
11159
20418
26489
159
3449
12924
9072
10380
27008
27967
10208
6477
18503
15370
32607
14196
12074
13722
12611
19019
28761
11056
12890
31163
16683
13716
19932
25452
2741
4954
6813
2862
10396
15460
20615
10904
2599
20136
4680
9198
27032
14387
32584
7240
3517
17006
8670
241
18882
25249
3523
31758
12105
29621
17095
7296
9916
15678
10178
13579
25058
27577
12750
14007
23729
24081
2995
2678
24676
27753
20899
11784
15565
3093
13608
6172
11243
29929
7514
10168
5055
11191
5973
8922
6748
10986
2144
16446
31577
26517
14629
29916
5874
15791
15469
22912
8146
30693
9091
9815
26949
26857
20640
26052
236
8551
31226
28162
16955
23183
8394
30180
16097
3065
27065
2513
9261
12578
21078
16878
14140
4611
31947
2445
170
29975
13489
24750
6149
3333
13865
22214
17282
27007
27432
8896
16367
28522
4882
31810
17641
7231
2187
6705
6479
6321
6538
31351
19447
24208
9646
22276
25759
30189
30422
27666
8486
3455
2028
29614
4860
29253
11777
31348
12503
10861
22431
29082
12455
14197
22106
8752
15821
17296
26281
26021
24455
15947
27124
18318
9135
11376
1774
29859
24998
9253
6922
10635
1643
28888
8153
13232
4747
28680
19926
25678
6450
14801
24961
14199
20855
26363
5716
10573
31561
23245
6473
28274
1550
24353
1181
4287
2699
18110
18643
17465
7172
2529
9981
2112
13476
4381
8247
26890
16671
8805
32372
30032
3989
9320
23165
15431
9658
11293
17206
26578
16948
2206
27171
18166
3396
16697
31020
23694
15529
14788
30109
17984
11969
28978
21617
4015
16626
3684
9168
17906
25928
12097
28118
24390
15199
11785
14486
19199
12420
20710
18271
15813
27415
6085
318
3580
1331
7267
8387
13444
23186
14507
4360
17827
28074
26431
7152
30271
10268
4693
19885
337
31311
17604
12677
406
7768
29022
19413
5000
542
17537
30038
21388
7355
13289
31647
3181
13093
16584
10987
10761
20493
8217
9501
17482
29447
15665
10753
22104
15084
19095
13525
30221
3964
21781
4872
8106
3656
3343
22593
27080
16080
14868
21411
13713
20968
3251
27216
12079
28768
17040
31531
12933
23779
20663
12259
26653
27936
2095
24365
11874
7720
26835
25680
8976
18455
5725
4071
24808
13559
9156
17832
7905
10440
7375
21562
22885
21962
21080
1836
10797
31202
10508
10080
5340
12076
9058
31493
7740
8546
20474
24773
19097
8880
23335
11072
23400
707
22955
20666
4141
23588
12481
17168
19396
16225
1009
22012
18136
11455
18762
25043
742
21
17922
24512
9248
26018
27368
23717
9714
17650
13290
3335
12759
3169
21895
5303
22640
21979
24199
29105
24791
18661
8681
3652
8753
24033
32029
15987
7042
26253
20083
11420
15814
32718
12244
31063
7229
20652
18864
4769
30470
15005
21047
1594
21487
24326
3276
21323
6540
7679
23990
32588
24710
29271
17945
29221
28470
20183
23589
23955
4978
24779
5006
13262
20135
23487
27196
29033
2088
12935
19779
15993
14790
24962
18965
11001
19105
11807
24567
2669
3134
32671
1457
12998
3545
13597
14218
8838
14844
7372
8563
21028
29264
28801
14723
13490
7604
31601
24227
11197
23692
19771
20363
29301
22363
7721
3565
17421
23445
18610
495
16741
15022
31812
29151
23015
8055
3393
8738
15279
19882
1608
12654
3822
32707
24245
1338
144
22290
31339
23154
24604
4623
22225
20078
21724
31981
2330
29733
28223
