1000
19531
29942
10698
19522
31155
27587
15257
23158
4464
13762
8510
30946
31065
8380
13165
5946
13540
27297
8042
14464
23194
12584
10270
32715
32200
1206
32106
31302
24696
8833
7611
19067
415
6645
30175
6354
23448
24919
13079
27988
26321
7592
31597
22197
13509
8652
71
658
14122
26859
7997
10999
1899
4120
1320
32036
16984
4912
1915
23953
19485
20741
10199
11567
4208
6844
30169
29681
4879
21108
17207
5259
25706
23849
24075
28026
20124
27607
17774
2884
20128
24546
3145
20481
11714
20149
24168
13338
20307
26793
23504
1105
1697
18217
15955
16641
2343
26133
32097
679
20736
19555
25633
1954
930
10252
19904
20279
12488
24870
31754
26072
32176
26701
15415
18086
4231
17480
19975
30260
20514
8938
16657
14990
19438
28981
15447
5242
24618
16070
25631
24061
27219
28781
20990
12833
8672
1563
21302
502
26928
30721
24898
31447
10945
28406
2222
8686
5794
23577
12844
18683
21547
13240
485
16464
31723
20337
16653
27168
28130
15255
1466
4858
22512
29656
3318
13201
142
21276
31506
32702
10684
15023
30270
26312
8250
13475
20311
26850
19195
5488
11520
26101
20183
24798
27892
18848
6784
30245
12187
14462
28343
18258
16859
8871
14016
8172
22832
24441
17683
16088
22015
13976
18516
18298
39
31283
3205
19997
29146
5769
23675
917
9387
15020
6030
17442
21735
32389
20373
3480
12073
10777
786
8381
31785
522
18345
20979
16085
15713
30935
19735
30883
2186
16096
20648
2085
14752
521
9260
21982
6636
7688
19919
17236
26792
27065
19278
4198
31496
26386
21011
10976
7547
12121
23202
7245
6702
28564
31539
2572
2257
2370
21920
31654
19359
11080
7298
23391
23960
30510
29591
25867
22033
1675
12136
30499
17775
25790
14376
31256
20272
20703
5086
20967
9515
23542
23495
3566
18456
14186
8437
19198
12626
18364
1085
31665
18908
20340
1360
2814
21154
18012
19752
3338
8706
12525
30630
29249
23179
3079
8313
28838
32517
8421
14145
5991
1969
21839
24308
16565
23762
19473
23681
21970
23147
27053
22708
6508
16715
4429
31066
27689
14663
11771
5541
16259
18631
23572
2514
10966
25988
18170
28168
22199
655
3850
13444
12936
16278
19406
29427
10313
7523
32371
23327
17073
23461
2173
9934
31102
25587
31417
31463
6153
26126
20595
1495
29213
2406
27370
23859
23305
22496
24833
24223
4852
17879
30519
6126
7793
31585
21465
31371
15444
17107
17271
24087
28099
16519
8596
5715
17552
22492
14753
8257
27590
24959
13357
10886
7809
5865
25686
32019
259
22313
2435
1028
4101
10468
22869
456
6731
7578
26074
11395
30843
31274
13316
15024
30511
18585
5722
8971
10057
14095
8174
5038
2183
26658
17295
25722
16983
6231
29503
2232
24300
15590
21480
17408
15505
22858
9818
10557
15561
24120
5028
23656
25713
3332
23092
17182
26467
11320
7358
21074
3987
9094
4983
21364
27264
19714
26746
24390
10425
26255
13163
31467
5792
14231
22619
2880
4718
16128
19948
4720
9079
32091
3766
5808
12126
14825
31159
17518
3220
10035
31314
25456
24147
29156
30134
3360
751
16208
31478
22294
12589
17524
7976
9694
4090
20189
29372
7419
30301
21702
24844
20523
26539
20609
11827
6637
8186
27416
1827
15169
17623
14899
22514
10415
3644
5436
23669
10378
31676
17858
7952
9846
27137
5915
22988
24616
7288
2382
28074
20333
3915
11056
25656
30062
9616
24524
12129
27442
1984
4872
7049
23396
18026
8582
10202
18775
5416
30665
14552
18759
12755
11417
22844
3554
19443
6824
31999
28422
121
15733
31413
19917
15793
21873
12060
31175
9074
5985
32501
31622
13208
27395
11026
26720
26291
31988
10929
9072
30977
10193
8
12254
922
30876
15137
30816
13803
21090
7912
12289
17253
29979
7299
12322
22902
27602
6369
30654
12729
9734
12438
12274
5226
16463
28134
22972
24348
16453
9503
2307
25518
18333
27437
20695
13179
661
23144
17659
10961
21907
6576
13472
20645
3592
628
24196
6811
15535
15835
1229
3716
23532
24956
16158
29749
24620
23296
19724
13120
24526
16406
8983
3445
30574
21691
26588
30538
20664
18104
20877
20353
2942
17004
30623
14852
15625
17611
27842
8724
31149
20135
13590
10146
7328
23855
27804
31741
16909
19381
12779
29102
10083
692
10532
17312
26099
6161
11047
22405
15290
17569
29959
32628
22139
21228
27580
32471
21778
27440
22148
29444
24745
16125
7210
4698
25616
31180
24815
6064
16226
29472
27479
19593
32482
3005
18536
15333
11105
30732
15638
31165
1064
14518
8399
5032
17508
13896
13438
23978
22638
8245
4059
24169
744
27362
24769
11049
26518
16467
10558
32143
23061
25603
9190
22186
1226
3603
21300
31768
423
31347
5396
4566
25230
21665
26152
32000
3617
29173
30786
10668
31579
26224
17728
26260
12158
23425
23267
19312
734
452
5169
29562
1570
8211
29235
6890
1711
2064
4750
28960
7545
14767
21754
30787
8217
24565
2088
10273
2815
27579
30837
9388
19269
11886
13830
10809
4640
7321
18319
29881
31626
13020
1411
20454
25893
21984
2357
22999
30336
18829
5950
21457
32405
10365
2334
30049
19094
28592
31270
30119
23017
29313
15253
16117
4977
19160
21505
153
24591
6562
3576
4854
20072
11134
23016
25050
9193
21945
1852
20747
32521
8061
6344
20259
28366
2885
14439
2718
9107
5268
32050
7432
13799
32020
16735
31098
2792
3916
26182
19029
25316
3059
13758
4583
22399
1135
8357
20070
15271
22342
17780
13877
30406
28295
17686
2403
8252
15718
23035
7285
28428
16678
25960
101
20949
2364
26385
27626
17157
2737
4841
18938
11593
17096
31033
4493
29768
27873
29935
19109
30096
20381
21561
25739
5584
25923
28499
16731
11849
25442
8606
6850
28287
26040
22769
9223
1588
12083
3400
11158
15606
16938
19463
20920
18366
15758
19685
9023
20229
19298
29356
5470
23175
1683
9988
7619
2946
32190
8275
2469
25519
14341
26197
8545
1654
7158
14058
23791
13341
24837
28900
13232
12675
19736
17438
9958
30580
27085
15013
5284
5253
20727
30285
2426
19670
14536
3281
23370
6549
1348
9077
26199
16835
3573
28137
8351
28731
27617
5233
30571
27376
25529
17731
11044
20342
30000
7528
30916
12634
4999
17757
29240
581
13623
15941
7131
15749
9299
25575
4099
14363
