1000
20594
29130
18846
4987
29445
18805
8616
5750
20489
27338
21963
28135
14697
32209
21630
23224
1908
26737
24474
31920
27372
10293
3855
6734
9561
31056
27606
8184
7075
28382
14119
6741
30432
24684
12779
12279
18283
20667
30836
24125
24118
12737
18028
32119
20577
10737
14091
20556
22795
16060
21901
8793
3432
2136
4580
14875
5907
21184
28074
8719
26790
20476
30041
3351
8329
16290
22974
23072
3591
12189
15787
31490
3239
14893
3053
17063
10681
25903
27005
24176
18479
1695
6139
32468
13998
21083
23639
29515
27621
29993
15826
15722
23838
24828
12581
24399
8978
11891
1023
26943
24834
14243
7349
2702
8707
20502
25141
10687
8346
15891
24637
18413
11400
22816
31690
13162
8935
29126
19410
19877
11382
26260
27189
26705
13874
2663
20722
32195
22566
16360
6038
18588
7811
28245
9467
32425
26867
13189
10542
13063
21547
30502
29617
9099
25023
17226
31203
30048
21051
1570
8636
9458
25967
8456
9405
11531
29962
26819
7975
10556
7531
31495
8044
30591
26803
3388
18915
7450
12319
6272
25791
29383
10133
1775
24642
23569
18300
17954
12078
3585
2257
25333
893
10490
10103
4750
17233
10722
24271
19611
18990
30338
21641
23258
19047
2352
9658
479
25302
32683
10002
15568
4422
16895
6135
18008
12361
16742
22194
23699
23188
20178
4042
31357
23941
1847
7469
16345
4380
31913
14964
25710
20061
25385
20073
27504
9462
32703
28102
11069
5154
3529
31552
32074
19149
3730
2244
10844
13049
14118
24065
26363
19552
28773
18470
29731
6747
7511
5869
14398
10498
7103
27352
25679
28053
13043
14522
31088
1563
25834
9850
17022
7240
21911
9492
5651
28580
15477
27616
29876
19178
5220
14615
22348
26798
32179
31635
16857
2883
1662
18902
28262
19420
19770
19022
9273
25841
12686
28888
3917
31717
1892
13698
11267
11749
65
10389
6932
25619
16081
2003
13028
18631
14589
23152
18630
19172
19864
6407
12295
25428
29681
18490
26610
26177
31071
25236
6459
20643
16840
27633
27037
23893
22630
20274
12993
28782
32203
17461
8290
19662
22307
20997
31151
18423
8890
16717
6640
28703
5566
4883
23661
22659
18245
20386
32651
32765
19601
17209
1497
27283
29250
18058
8421
175
30581
26787
3271
4287
27999
12504
24979
2138
10700
530
2461
12118
205
7540
18828
24459
11622
3760
27098
12935
10481
30614
19567
18493
28596
19161
7746
10538
7670
20538
21476
21555
24917
16371
16760
5752
13758
15433
32255
29065
726
2401
3034
12759
10393
30548
27273
18792
16193
12933
30137
17103
3690
28211
13694
24668
32627
7498
989
15248
3879
11647
11149
30931
669
30875
25598
25449
25436
24599
20123
1443
1731
18154
22861
4434
9385
23967
10816
11393
16704
29866
30953
30308
28223
18684
30792
22667
10048
32469
13930
30811
19814
16090
5427
23743
1604
10599
16474
7195
506
5158
17589
9858
27809
17889
11447
40
3818
9364
17975
26
25089
2503
30066
26412
6840
12570
14676
25395
28641
29986
17651
21109
8187
20083
21085
23390
31250
18686
4755
11381
28128
25502
24277
30862
26424
3565
3872
832
30885
14428
6646
20889
6478
10883
24925
21265
31260
5045
20778
5821
13855
2520
12927
24773
25134
27251
22675
13336
16334
21001
2737
9310
5974
7590
20356
1071
32080
10935
32145
17282
1825
18718
13573
4712
13037
4998
9905
7162
1717
8692
19539
28047
10946
19103
30231
24115
839
25858
20829
2645
3394
17199
19645
14272
675
21862
32072
13773
2480
11238
26897
3542
29608
19203
23277
6125
20134
1401
9078
18382
20169
20736
27478
17939
21138
18721
31426
10663
1677
21575
6724
25981
27700
7961
28862
16002
18448
25095
684
24016
15137
9507
13993
21284
2944
30259
821
7058
24643
17668
10677
119
29857
23041
8891
25264
1623
6915
8072
17929
841
4715
17615
12536
14957
27759
700
13452
5093
24241
11829
12448
5227
11798
16224
10324
12274
18133
22885
15038
12170
6862
32629
5084
11909
14878
6923
27085
29400
23024
14193
23105
9412
15765
5767
15407
13784
704
14790
9834
10891
621
18085
27734
25190
20542
17998
22086
32018
15621
30424
22597
21376
24254
29669
18108
12493
26068
6366
9102
2438
12600
10819
14318
2290
14984
16339
2556
25808
4632
21478
26814
13787
7239
25020
10827
2554
1988
7441
16798
13642
19002
16321
30104
13946
7056
18509
29833
17708
19761
6533
20686
14804
26385
10142
18842
17260
22161
31620
4343
9578
1187
113
4591
5934
20415
656
29761
25012
28411
11959
16251
18738
13370
26124
5507
8007
17584
10951
23101
14489
24958
15441
1790
17013
30412
14855
21060
7093
8472
25402
32676
13543
7373
6266
27651
15275
21528
532
10761
5469
32503
32729
17107
27892
2451
17953
28392
22570
13519
19472
23407
22494
9505
28440
20383
14262
21409
28607
18038
4360
5471
11171
20654
29947
11514
14523
21229
489
6766
17887
29756
26632
7470
25739
20666
8522
7283
8160
17553
24705
27091
1259
25386
31687
4629
42
28317
22045
12356
13388
25452
3154
30466
11833
27760
26919
25631
6738
21267
25776
21098
24314
16320
13053
24007
16469
24216
9722
19842
29007
15463
30947
13793
28630
18717
23043
31376
25314
16626
17117
1334
20620
14171
26792
8964
19154
18866
14693
30664
23775
13000
12212
21100
7551
25476
6379
10943
17877
3789
361
11385
8272
11434
15144
29561
25563
14504
12946
23888
20308
12157
1430
5123
6464
4074
4346
13837
1981
25318
26611
16292
17591
3832
27123
6461
16991
31461
27330
28498
17369
17291
8400
14179
24117
2317
19914
1595
1441
5936
21867
7028
31453
27909
13973
17981
11503
26569
6816
1883
25367
5385
28402
5230
17157
28681
15567
8310
1866
3687
13171
3477
31245
32764
6238
27671
2047
26115
4592
27311
32657
1405
53
7171
20580
22740
22530
13675
24320
25790
13377
10998
16586
21604
4489
19631
29744
8388
18259
5927
14609
28119
21479
22716
6300
21396
16853
11458
20830
24593
30806
29849
14854
24272
26160
12294
12054
26333
146
4229
10471
10428
10559
22241
29421
22688
16366
12033
26685
2270
25329
32261
22860
2208
8982
22162
32506
6878
11979
1897
7887
6538
14469
30783
17540
7266
18633
13509
24557
26134
32053
18135
12258
2593
17843
21693
16466
22951
18140
11094
12937
5174
2512
