1000
6097
9551
2695
21817
23492
21292
20237
27530
613
25296
21710
32389
5628
5809
28786
31744
18840
8182
28569
6120
27393
6292
14962
14214
12527
26807
13194
8705
14713
7011
18913
6693
19664
26203
28995
17762
14381
26946
29909
1048
21768
26624
22511
7954
4235
1127
14633
28240
1862
15127
27577
23817
2340
10142
15100
28400
6558
21476
3154
10935
16430
5831
21295
3537
15623
17922
2927
28029
30211
16211
11754
26880
12253
3293
21321
20785
26528
10443
31000
10555
24671
9270
7452
9375
14631
13640
8934
18040
7986
28834
14248
1539
28765
12796
10312
7262
25052
30731
23987
24464
32557
29556
20170
5450
27182
7301
13293
24099
23332
19044
32331
75
31004
19050
15026
14066
11738
19801
19623
13843
441
3380
19695
7918
3659
1363
12628
6329
1088
28854
8613
24979
18569
666
7679
27837
3402
23115
23292
1723
2872
29448
30323
11153
15948
24395
25197
4508
22908
17411
13993
7665
26781
3202
17610
24828
27256
27705
8965
18023
20769
11715
20253
31805
23684
29478
32145
21840
833
19285
26900
10968
23994
16633
13885
348
18281
18032
16256
29910
10872
8982
23901
12306
10635
17860
32471
29527
7137
8343
9768
28233
3995
29171
7603
28942
18011
7879
31034
14512
24593
530
14161
23234
10258
21926
5906
5191
14443
6188
30227
32719
26484
5224
19093
30435
13224
28094
3582
8867
8627
22005
11146
32686
16589
20540
18237
22850
18759
9578
28956
32677
2403
28042
6300
15811
5225
21143
21595
21016
26615
28804
21006
28368
31641
30335
698
1325
28313
28023
22312
24618
18457
18396
8339
21086
32094
7846
27043
31522
12911
16280
23455
26358
26847
28870
990
3873
4327
3413
3454
31896
12472
24450
17241
4641
5646
23525
28213
16824
17929
8695
25403
12594
7993
26067
22187
4640
25079
10041
18125
12534
4860
23000
4907
32621
27692
25293
5117
7717
20403
3943
17893
10639
29011
26925
24028
19978
10748
2850
22892
26444
10654
23623
24353
12036
31547
21346
826
16061
3904
10238
17571
26886
16405
5299
22056
11728
1267
3751
2019
19991
18166
5717
25846
17093
3187
1421
22912
6867
28299
32444
29897
1201
3328
24942
7104
1768
29768
26641
16296
11262
10720
21244
27918
9625
21219
17584
18174
10984
10459
13149
17014
5695
12503
5032
13851
1537
26814
8363
4651
1219
24290
25917
21683
31918
26584
27252
3586
31269
26248
12137
2397
424
23168
20027
28148
31993
10382
29271
27669
893
20877
1014
19104
484
2943
11495
26811
1293
28892
6798
1990
11299
14890
8493
29074
1549
13774
9314
20173
24069
29218
26865
16833
15238
19911
13252
6463
6508
25149
23088
12245
6231
31920
10106
19271
12368
6421
15258
4157
9647
4982
18238
24122
17723
906
18706
10189
11156
30345
12351
6923
7118
31550
2097
11836
10591
13406
4510
25813
14651
25880
27844
24743
7741
11245
14578
4949
21705
24514
19785
9227
8624
17204
28356
23917
6227
555
10102
14286
19468
11698
8979
21411
12489
10758
13490
30775
28410
17132
27089
27296
11950
23112
20122
12529
7672
25836
18277
5553
13976
10670
9085
32652
1751
30397
19751
29001
435
16693
15072
17916
6716
25328
1511
32125
11838
18939
11544
1056
12826
12902
26758
24588
12021
22586
14108
29777
21979
26947
12549
1280
13245
25128
14062
10426
4719
10677
29091
4047
13785
23231
7406
8684
21954
16769
14709
27956
22421
15945
13465
16016
21860
16497
18335
5190
5677
28049
21005
7886
23388
18675
13143
17377
10130
28487
26555
22482
25253
15000
27754
289
32488
25215
12008
31310
940
27799
2997
9707
8454
304
8237
10485
12499
30792
29613
32612
18682
12983
15351
16129
17137
5033
16600
31864
23683
11857
8968
1710
21968
31708
2641
27732
12437
11684
32499
32701
29869
28583
29256
19692
7640
12087
15012
13810
5820
14835
1663
10615
25897
18677
2774
10134
27553
19533
28878
2286
25624
2734
18075
15349
30712
26984
30624
27792
6504
28822
4055
462
24473
20084
24160
31122
26053
19397
11822
19750
21337
13917
4006
4931
22197
27505
29236
10357
6599
28290
1898
985
21447
1084
592
18725
8996
29855
15338
17342
14428
29795
30742
30037
5506
6767
5053
9793
28505
24146
3609
13924
19854
29465
12239
26206
24209
15492
16499
18175
31036
23061
13647
15618
25013
26727
15712
27896
21909
27841
20130
9090
9034
7915
6286
3523
20666
1344
32736
22037
5416
5893
1949
30971
10844
22777
26200
14590
10285
28325
17118
25668
10006
9729
24008
14541
225
15536
11980
716
30470
15384
28747
20328
27936
6204
10700
7523
26364
1411
16040
250
11504
23483
21766
16141
2670
10845
10506
9088
23256
25107
8266
5857
22678
14199
12674
14155
25191
8990
29832
30858
10996
8917
3967
1707
8234
28246
11462
19402
8239
3426
19095
30906
8314
10350
4586
5279
17776
25822
6879
32301
15812
5676
3164
7357
32570
6038
24312
10144
16561
28180
18200
30643
21856
18061
2647
5939
19808
9290
17452
979
32618
21419
24007
22284
24547
29977
15675
18613
18709
13371
28642
16339
6336
21501
26034
18129
21358
1436
28469
22897
28504
4798
4202
23105
1238
15032
20065
12516
14481
15579
9023
1727
1771
31313
6140
24816
28488
15319
5589
5513
18259
20851
32271
23283
4364
27038
3012
3184
21759
23501
9574
28733
5059
27714
27649
6595
28522
24541
20416
15377
1052
565
19891
138
13310
20967
15055
13787
27224
18222
16439
27441
6648
26804
27834
19368
31441
8872
32668
19974
19176
5137
20633
3241
5745
18018
31015
22974
19252
846
8956
25524
6966
15581
8144
32240
29334
15296
11876
25027
1205
2018
4291
16191
22471
6259
23700
20217
2016
1943
14624
17064
31505
1157
31502
7666
9275
32046
17632
29789
6046
2145
6003
13152
31901
8326
29153
21184
19649
30350
10405
24346
1025
28970
14336
4795
11323
5532
28856
15896
3210
5692
14550
15290
13795
13852
17350
8315
10036
29361
3760
9984
8729
2534
6050
28082
16806
1936
25584
10790
21617
29182
19066
23116
6388
9425
13101
5610
6450
19982
28621
5193
16754
4593
14895
20280
5638
25167
17420
4345
16883
23865
24696
30833
10390
22632
20189
17839
20183
13817
22129
6753
10679
10600
8252
15145
19861
2151
28318
28963
7813
14907
29554
31476
617
11211
25429
2264
15966
