5
7
0
4
8
4
5
5
7
1
2
6
5
4
3
2
6
5
5
6
8
2
9
4
100
1233
113
742
7931
8650
860
486
0900
138
3446
661
496
7882
1359
407
361
4209
3726
165
5412
014
071
7773
5998
8266
380
2509
783
1201
406
8984
4398
087
8383
1073
965
0996
348
992
5333
4380
806
198
7228
890
8158
124
586
653
2461
211
7629
2003
1819
3252
8677
294
9698
554
1250
393
6799
6935
6658
544
6163
5532
253
186
146
915
364
2934
059
342
875
125
4444
293
778
3038
520
7297
3432
1325
5122
640
0340
531
675
045
956
821
831
849
070
070
6738
926
7745
1000
79830
22367
15540
26061
11730
04830
12903
88577
08930
74783
71008
34501
45620
35666
76771
91627
27651
39959
26532
44427
92373
15785
83241
15951
06453
08913
47463
65281
03155
22174
82363
03528
07225
91085
07905
34104
85925
41395
82796
17719
03417
53324
12908
74568
07743
13630
19042
93148
20559
32874
81435
52689
29594
50588
01322
27031
33709
55837
83793
91828
01848
60930
08763
56583
94839
76458
61551
96454
25326
82663
94562
53566
14462
68255
10151
76002
43362
82343
43684
73980
08805
14363
92198
23402
31989
89135
14253
89287
01481
93597
98014
75550
92824
50440
51159
08387
26938
10338
48015
41373
58569
08936
06978
94156
66667
14061
21495
23415
23168
82771
26049
46036
24588
12149
82452
99838
69866
23826
27578
27802
08928
20552
76787
81609
58900
07255
21486
46898
35515
58405
47214
99030
35076
78364
41955
74734
08815
23246
66290
49311
99555
60594
63490
53912
88186
02490
22154
44250
42127
79554
03412
29822
78583
94469
85660
72726
47132
16383
28601
26054
67934
78816
38761
72378
58587
33108
10924
91573
34220
12770
24103
73959
72028
67081
83036
20284
18375
81704
88136
78955
56630
08823
06509
72282
94482
72584
73951
90283
14310
40790
81407
95382
32104
07590
51209
89173
30766
02898
99942
08787
30764
21916
03362
21432
60549
60827
40760
12938
51566
88987
07915
86394
53823
94851
32816
46779
64192
63159
70261
76253
40755
31888
01750
59093
54272
67220
11759
18178
66992
66584
03783
11257
62161
15748
56498
43253
83270
68011
95363
15340
31790
35291
26170
15229
05183
68861
66704
98949
87564
86878
09569
00135
58017
74670
74121
83571
47682
30278
85971
34713
71275
34455
14126
63300
81381
69801
39393
65540
50655
18962
25052
52067
28006
83064
37052
07561
81856
59265
23212
28887
40059
95309
95111
23397
23304
84392
49057
47663
09080
15103
95896
25763
85930
25157
79417
85788
42384
13041
77213
13151
50512
21553
89284
27584
09443
58410
33406
75560
98357
90487
40235
41664
52912
49937
65878
97716
50132
60574
49061
19042
19709
33313
56959
88395
13628
81981
33439
27217
61730
60256
07209
54325
60881
57579
23727
93638
10687
65129
56154
13850
92133
52904
85733
03032
11081
87289
23028
25581
24988
27179
50340
15342
32949
24904
49853
23017
19883
29332
83402
01210
76680
58895
73222
00231
68772
87959
29130
81920
24758
10071
69303
73043
23102
77130
70363
19561
51097
30815
17179
49800
18508
92808
51473
61680
86571
02835
56149
38323
37301
48789
89791
95896
93314
14576
34638
34278
90140
73494
56898
99708
45693
62006
51619
73500
65182
72452
25869
83550
58150
73415
64170
40610
55258
32785
27297
63159
89549
52522
30872
83754
18296
89816
37541
01228
54677
34491
83879
71143
52915
56790
23198
78444
35802
94983
50435
25777
44041
15402
86814
76498
73862
80980
49682
84794
07481
82214
66938
13645
22010
38733
14561
21918
04774
11981
03250
32263
36158
21939
72132
09274
50329
78011
47439
96762
09623
03519
67927
56824
63091
87684
03796
22730
73073
64674
01244
63450
20169
37915
24413
46887
03446
71812
12311
10891
09774
51678
39313
96375
20717
06717
54817
52175
31000
50078
64914
80899
79996
06380
36942
04436
91891
18635
09108
22689
77893
05639
77435
83336
10474
27157
22703
60989
64029
03224
77453
13343
52169
88414
57302
77702
00864
50157
32791
14033
15830
51025
10406
48956
22217
47860
02139
24154
06681
33105
89389
84399
69772
52328
33857
88135
12086
55395
35485
03508
43581
26022
16501
77383
51321
94230
14866
13879
44354
42775
66907
09867
32015
35654
68158
53328
76964
63210
58700
37346
20116
53495
34377
09154
00712
37733
39158
88024
43367
66148
16596
87191
67637
12794
71824
88162
04859
44499
45321
74319
07384
26987
74878
32193
74443
51328
09034
94439
85381
23898
51061
81877
28236
69651
38076
16031
04315
89545
74467
75268
89198
05029
60229
26736
05217
11532
66815
86946
62881
68789
79058
26971
75164
49961
55607
50795
68537
07523
04985
80097
74475
92322
31973
04378
08812
74919
36207
20053
57744
33864
45924
42425
32340
23720
77617
56790
85742
56588
28527
67335
69445
96929
56178
37269
10045
63646
76391
47500
55886
98156
06047
86403
41004
36105
68676
78945
10286
70774
62296
56406
96291
26470
82410
03617
98029
89747
75391
29611
49869
74825
82561
93713
20689
93911
34824
91439
49521
67251
80757
42918
44812
84673
15854
26646
14046
67581
15119
07634
45726
56296
53216
34905
65065
33266
06200
52056
10494
02664
07266
85100
21384
35087
05356
30299
37939
30251
18337
46719
46128
25778
42065
05607
24440
50662
63175
55489
98127
79218
29799
00642
53519
78491
98796
95647
44865
14988
73457
75133
79653
40249
80426
15610
50487
08172
80119
10323
22818
75626
47437
05437
38056
82681
26624
30205
10580
13828
45723
89162
21385
66893
57695
77002
59303
76152
59535
53668
52102
68962
58866
16712
52492
70049
08100
17356
95066
23675
25666
78645
58004
42286
50999
38715
19985
23107
38859
69311
91246
80895
04686
73317
31342
77336
55360
95633
29963
55147
17996
52237
09769
56993
58189
61845
34641
52175
48385
23132
00085
28871
08632
22708
47434
44605
53721
90888
09167
86598
05467
64018
84946
40929
12439
97766
79394
54698
68267
58682
43566
26492
42966
22565
29574
43492
13373
30545
12856
01892
73842
67630
29399
22294
94846
34283
37837
59149
17625
22861
55962
68906
40663
54188
44732
43251
24950
68541
91923
22291
75099
89801
80684
55086
05462
93256
35728
54892
86888
59942
99878
31306
63408
37660
52073
68794
80857
24292
01501
40057
47752
83597
89609
01916
01434
79690
75549
42097
33770
53126
42460
35271
14965
98784
02905
82629
69839
57012
07656
32855
88019
45677
18363
38359
61194
39192
60709
38730
86830
68539
86056
38960
59917
54884
11702
56880
53437
56061
09879
53711
73169
14270
86497
01311
99959
35614
39545
50372
24305
80306
54088
48177
80900
02045
42168
46662
88527
69216
07600
55844
39636
84115
54292
40576
04475
59184
46510
49958
75486
02627
31595
98974
08472
08860
23913
79331
25620
61770
56122
61055
33125
72171
22809
49314
14304
87328
23985
08351
58371
60905
31420
15904
26052
42385
05329
73749
88809
73076
12428
63983
51096
25485
31708
04696
85222
17859
92969
50625
23161
02210
35500
80164
49092
51402
15163
08256
42452
11505
17237
30984
49505
12406
01993
70560
85791
02690
95991
14751
39843
44017
0
