6 4
5237
2753
7523
5723
5327
2537
3 3
010
909
012
7 5
50808
36603
37198
44911
29994
42543
50156
5 5
61374
74304
41924
46010
09118
8 8
68785928
11981277
32480720
72495162
69969623
42118868
64235849
81412116
7 1
1
0
8
5
4
9
8
3 8
34848224
16307102
25181102
2 8
13633861
68468345
4 4
0950
0634
9264
8684
6 5
65777
80932
32260
49089
00936
85557
8 6
075967
240855
352399
791547
103244
982259
409866
926586
3 1
7
2
9
8 8
63315032
20587190
05461152
76872565
71177578
53541174
00451913
85740357
4 4
8851
6190
0521
1659
5 6
959808
303464
414335
758650
828038
6 7
4104025
1370353
3472874
5258456
5595923
0279404
6 4
0443
7108
7211
4287
6439
7711
4 6
760130
653002
902824
380915
5 3
168
513
110
386
501
6 7
3761949
8095136
4875085
5017784
4459097
4354762
1 6
170086
6 7
3761949
8095136
4875085
5017784
4459097
4354762
4 1
4
2
2
2
2 6
170086
170086