17
9 8
12 8
123456789 987654321
12 24
0 11111
1111 0
3 12
23 1211
1 1
1351515152 151245151
14512451451245124512 15125125124512451245
345 156
57569546235692356235625677237086235 2678906787620876280672087628907620867289067289762076
78347036720596729087627627287628672067289672896728097628067280 2987629806720672706207620062
23635678256376257823567825678925678926578625782567865785623785627856278256367825667235667 267826367236576235667865376276257659756785627985627
23635678256376257823567825678925678926222828272190208362262839387262527282902927256278786257825678657856237856278562782563678256672356672363567825637625782356782567892567892622282827219020836226283938726252728290292725627878625782567865785623785627856278256367825667235667236356782563762578235678256789256789262228282721902083622628393872625272829029272562787862578256786578562378562785627825636782566723566723635678256376257823567825678925678926222828272190208362262839387262527282902927256278786257825678657856237856278562782563678256672356672363567825637625782356782567892567892622282827219020836226283938726252728290292725627878625782567865785623785627856278256367825667235667236356782563762578235678256789256789262228282721902083622628393872625272829 23635678256376257823562363567825637625782356782567892567892622282827219020836226283938726252728290292725627878625782567865785623785627856278256367825667235667236356782563762278562782563678256672356677825678925678926578625782567865785623785627856278256367825667235667
6234623535353535353555555555555555555555555555555555555555555555777777777777758458957857857 383537823278327837823782783278378237827837823782378278327837823782783278378237827832783782
