1000 1000000000
137833365
232226890
14770464
218120446
291238080
13226505
21461258
285777312
19300600
133575152
68380704
105145612
74832319
212429204
193948916
76540878
220304221
50431689
156191340
117243353
10059192
3260960
29288875
198239872
77860670
205039838
9303493
124748820
27617184
64142581
33998703
15156109
60749967
233170171
148916101
3468535
151495688
166127012
271744605
158223072
124927012
104120356
73018074
4054831
223034154
34890602
7842104
171813594
29731234
130502189
69969400
241013013
39200823
188445220
75413338
237994380
123501723
18394228
242170790
32927226
48396956
89131805
290387491
46346146
93822820
301125911
75894759
179167626
210846816
4519506
81865295
26509560
115163940
71293841
26499078
84448593
273310191
21361340
30592183
53920384
99245979
14579850
143770900
72282804
2697115
7540789
35326823
27285583
86744554
124137630
218848219
147665042
7571872
4039886
206883390
51903712
24903230
36826360
68982620
175325202
155962488
42248331
14739675
40693601
46592980
128241480
169749495
184029264
103145262
103687012
6062822
3999616
23808590
8111312
61408594
211475198
187523232
183043856
16892239
28167287
24855764
234124002
121965093
150486645
13459514
55888900
52878546
17879764
147444220
275018538
33369720
108872006
287444280
177757065
1597182
178069441
127977800
58797002
109272975
37718098
20002854
51445122
254561
24005516
137326379
19449130
80908222
112588176
119058120
42422882
104212420
182933896
232189990
261369252
44444379
155113240
215331680
152933540
124654842
187432194
54332660
156126693
191298291
49538043
63529306
9059592
178711533
123980856
23270005
110026946
8587291
266009250
50688806
1783891
29206759
40010571
104112472
7625533
434776
828063
47321040
94754166
18045493
116837543
106955111
120617510
182642652
27209116
52508820
154305060
135972069
32134506
70775738
312497191
581042
12903602
105828454
170838072
69808023
171811037
34699530
112601197
81545748
5026757
15059571
114949906
6885125
217147834
208566721
9679163
10474858
33788558
74976765
41075562
166293888
312707841
175772844
232654088
108749504
143065743
106269086
42951087
5666932
39510143
869982
57797454
165825067
152626
11917250
155783
20932589
264701064
28659600
124232340
286276342
124198319
54806507
164392716
194645833
18038885
239106752
249745591
31400520
1073834
148536260
46276098
23500024
176676708
52568900
40316246
11638200
106746857
228308878
100797933
114343444
8493823
15114220
7267092
116931600
185176630
11386783
21318658
21719642
23646536
4974721
182670111
69700479
243006855
7231620
18364235
19457802
93457813
4918950
147242552
9290080
31756391
189520808
47523875
9402578
55623932
139408128
164309280
131908166
111698479
12060425
58232081
73506566
153949908
154317520
5475648
47969153
99275670
29694165
1931539
145130841
423521
229311712
74874074
3741015
48240962
1321771
73607213
138397121
3138800
41153137
49082464
20556048
55832192
74188147
114714876
27836846
55295278
59060700
62503151
225635200
109309755
49460060
29617389
49057256
3470720
35700698
3743595
232873153
123238305
235716516
158417768
161011157
239863975
78027372
108555841
19314444
10239600
51635480
11437786
13920828
39847552
191970364
33268031
234137160
9217386
4930902
76386105
103377214
139943461
43533168
176094254
43032871
102078514
89198890
108404306
233576940
13865751
44710
19990744
40380870
6507738
236871977
64781903
83509020
47954956
46931696
84326350
120538820
9213130
172466452
104282100
20030632
276678584
33284179
57753722
109613400
1908284
59252969
186631667
22787764
169907192
101707943
151927034
71268490
193230840
101778386
172004355
7951186
76908611
114936586
102769589
1102858
177415190
66313680
177307391
20688575
47744160
223094385
10653658
48893041
396438
90796006
113583792
32029921
109494693
229986963
47765682
181274016
132268160
104454457
132937768
64301308
149511747
270889406
131631196
143765277
264750688
94862414
9169026
126556477
57232152
92399379
243012200
52918666
53108700
54170468
65209337
455943
31392240
57718832
251889281
62589594
161705834
5794836
11038357
5901868
9137032
224579099
95530857
34645112
36592950
286609710
164993920
48414800
113984981
15380246
766131
43267504
73683894
129990819
68945147
60364768
15922020
50981590
29910370
148825709
5168820
16187159
36212955
68127277
18880845
39973360
297298442
24821
49193060
170777400
110858666
114997610
60804276
32326785
194634821
74401560
167956614
36073697
136930157
162638988
44931600
64367224
170757396
306509431
120178762
107203680
105805994
205811
36397196
78280906
222501216
65644026
20191650
272379623
16824960
66353028
74525422
7574721
17188402
148466409
133274766
45129126
110580171
20184159
193760385
10594998
129022733
125970388
67081720
22312012
5105221
8579981
170841654
143628734
5625296
183058720
60761764
55739291
199352320
77917186
55881720
31380301
59352926
117897186
42692221
44199681
43870384
253251995
85145107
268642638
7604288
199777621
11228396
5497130
17527626
139052426
18577260
51048066
62082400
22578434
59887350
41390381
18419517
17485898
282261373
63514698
109786880
23403351
183794826
107911000
86800801
23026680
45721875
40619920
48022480
136942277
14756445
43984117
60642541
245714832
265491482
140371296
36642166
66151927
106782669
148111536
808275
196875400
70451905
77474712
90547063
496860
51981670
1662405
26640870
10464384
71714709
4122318
70587927
31567158
179464860
1649485
297650568
59289348
204893605
34423088
81210707
68425455
18795740
225570656
82791775
124773229
79087965
251089873
315856770
6064240
172922166
87722064
76983068
2120596
97709397
108393840
71559594
43624770
193310686
70244733
27164808
37596945
73929037
173758120
81505628
118964538
2501776
79444790
43164985
24991204
62348225
288843332
33247277
134157480
33544236
25498536
81755910
180742684
124862660
142881050
92446856
26174277
58888200
27537491
152194361
186446946
201685608
299197296
7057943
12504908
208416392
151458142
51134748
225578028
70726459
135660180
127282466
235877742
9527100
5586157
3929500
132602304
140514150
8734362
221236941
100545832
73626361
33554614
192782843
38788853
60664375
20305080
37620333
301113577
43141427
52483317
23517366
102882676
215651300
71574514
21747400
93911458
191763639
126566564
5877265
20900714
59963966
147021610
38958248
4953125
2524423
121052168
49253860
18158463
10852650
64776411
323326089
1332309
59062656
17543274
144713912
40242880
197696664
68077625
106523872
38293885
74572362
23734861
23232744
13737706
12965437
9869836
187319437
282836037
32575224
273582904
9697463
3274410
187906665
110717108
269966433
6214387
6457152
474804
102730815
12452452
4509340
56080703
82308494
7111975
62630440
234416014
150739515
101134606
28549225
54556564
94237520
66297840
64917575
26471642
21142502
16020451
146645678
5352346
63531811
112842940
28501991
74857633
8273364
47327648
38805543
126389293
229648030
29015848
24048840
177358790
60852065
49455765
226063484
1151995
48105724
75912221
64083123
44785554
138384916
162240040
246473781
92062800
84036179
66071264
33830727
49707973
98881140
17741715
190932917
2420485
90009984
56700949
16180291
107710016
72877272
4514752
115077238
98524116
106214429
125341318
197422704
5354240
110940120
48870137
16794921
39243759
106746445
21437901
122715542
137068268
119167615
71885146
120208140
31719550
53078057
55215143
145590300
76128637
96191103
199003170
126265000
2673635
273061640
125323493
8710353
9697293
856672
28788315
128289736
321913052
80849468
82532093
28750173
176314133
93603110
5111760
232187114
24413404
48437969
20916599
284581875
192036384
30781560
69105240
28779900
5884248
161226089
9370572
179397583
22005036
23352005
92477725
276244202
283700736
62486096
25564071
3768842
161743146
270273822
76437111
140468583
18583834
36484469
268045393
22781947
17898140
7041765
213909
56150033
247079980
88663865
143294086
307799151
12419700
16494676
229427243
16750572
194999370
106911744
125015276
99956441
238573732
71046282
222840817
146100650
203322823
60993900
23834703
7381859
9258368
240467744
10638829
20120826
82331262
168422333
50019383
161622450
85611336
77857944
1090575
62040426
7272173
147414616
189294336
22127600
66112124
7544146
958666
170376992
14365490
37979190
70450176
69178154
44275015
59986042
118859535
89396560
113104856
84087310
2257223
77525854
74128574
9408938
196716690
28683300
8069831
153003957
74066193
29916304
7759182
65552553
82206976
155562993
185900866
131580405
5240177
61338773
5695169
232881647
178323996
245281806
97252925
83386013
155993879
68895552
186585678
129066394
13627161
217552029
6720398
9534663
100539026
60414732
46856439
1019505
108363855
50790080
145469224
10270719
126906136
250455231
39331277
3196736
170452753
91696580
46735042
60781718
233319467
104645610
198126
914986
93023590
69187761
165358576
150367533
59397664
179696304
92981517
217503544
32835704
22290517
34504470
237512870
5429064
76197648
36179082
87520853
149564288
99073550
810563
45257177
72670605
46881996
159714300
1305696
83181312
12150428
80498110
99075550
175079882
4322890
26317152
88535908
205859050
198782383
84440043
9898083
22913706
36962046
53210464
17008720
33726997
74156500
63696113
48088416
98222332
12513280
7373095
56632033
10845472
92017120
210275764
146909885
20068966
24498870
42961300
49542951
150998217
22804245
38112880
146136380
24452211
196456680
106784956
152305816
120014845
101918797

0 0