1000 1000000000
39447174
56809266
12405176
225005477
56181430
227815711
316696742
27475624
38917417
64680534
235407089
23303044
85885261
28323581
7139187
12459686
13624660
2890176
26945226
145430357
217784010
35641270
124693166
155567202
28848788
82592289
160190712
74023680
12209738
122165582
183215472
92946732
39751968
11185892
126422863
50126265
45861154
75150240
10743654
236343926
48109548
171164842
12182610
138999407
28053888
106257980
56908132
184555428
122800990
16193870
10484166
122675428
15967793
313050479
68048453
63306719
96053133
44381668
104765140
150073316
53401070
119467726
159578128
9777300
10350370
36903396
189104696
46565228
37170465
29236233
105777758
34433826
36800172
211482084
160517104
13067418
35315
246022028
8712400
2821769
18507034
184720328
14370249
31563090
72347627
36325781
110144895
36043133
173757854
230282598
22837930
63522332
163390092
21816525
14787633
16146667
92856980
62563200
29688348
135800560
75376079
135804007
253546804
161196528
75956365
48664267
179820276
16422659
151175240
73501572
14225356
162258320
153449296
42934910
178890958
200540466
11254368
233382746
64171874
19036559
33763044
226752662
18121133
2175333
188109869
87447456
43727463
83510955
17648723
82903956
283755829
226618023
101374474
2993342
147372756
208609368
22647552
75380291
18943088
23592930
181472900
27169218
66831599
141062961
69690474
131062304
85748278
1492211
22437184
151848676
132904538
106838990
70650638
215777678
23651239
35014371
208450935
3285632
12790413
39903876
184634039
220554124
664421
156356504
5135256
37730250
38978872
86953665
231711396
115158024
257268180
32659835
36538406
41790142
10130341
62028411
44242526
12327416
38956492
80174912
252995972
163771716
110717436
70619879
20491562
191178236
1567894
80143373
8768320
74269183
6561132
26711125
989577
110127118
61739347
283491432
161005155
98709825
401954
179602497
34401866
53467773
231406754
138751966
2415251
169251786
29395877
30475583
639053
19425560
19846791
192179914
198650238
130085628
35230018
202606294
9658784
162982362
16881200
19940520
14286856
217844516
96484584
91358198
12200292
44890617
34364385
142699166
22423625
59907570
241687986
34422574
1008436
16518785
110530791
3480213
16778477
34079926
297565827
54593939
151737520
148195320
218993814
34334646
86025599
182443900
111081241
36267851
4590800
55929154
9795426
14995222
11028172
104769743
150817616
108102960
118600104
42302900
297670048
138429753
59404400
90883718
159076032
5071494
37960594
227567109
233605903
55977237
99829034
79252344
92838328
196434189
36868461
19528329
221882360
68147662
35522218
37643896
102771877
22254105
2157727
3533161
76670272
20161716
16407222
51554098
152933225
127502225
19186423
17308228
161086838
138314100
168585193
51755220
14478719
3691036
87191360
24478392
1588100
79948911
164498675
50211201
284181615
222471824
10770712
119531736
31167506
5854333
2606326
5061948
287632613
104610146
176939840
182532216
16825911
131206183
124594614
166242580
82723784
978088
28371720
102580261
36379329
163318400
58554708
172892748
269472582
63680549
272089986
270472154
41730759
58508948
65682098
48213408
122878176
23520920
38154089
63089650
128995020
49975363
5466604
160310507
4494426
66586903
167133120
103564296
53112049
16963354
97914592
6301250
2552175
1153622
79096402
61798144
17691314
84587158
206200013
109241396
8999492
39712738
150346605
17705700
197644486
263074220
90643041
172380768
227054074
283442970
170465601
16956640
104280133
25997825
201068
17641512
12396897
197669789
7878123
6003698
6497493
12435506
208559717
3253580
34029669
183012200
6748705
31423896
193731970
35624010
84174179
58918517
22307119
266292287
24645840
254368289
178088758
210341785
71375101
58942253
139771896
48215825
167855277
183426752
99447385
213126739
72422940
204967437
194350625
88545446
143140592
61566372
18306304
246046122
9251036
7922655
108413810
9803625
45539494
10829500
40830569
37591743
96029344
33908698
40419594
90394700
124991856
548784
17297173
217125017
205178666
119792948
193642583
159564768
14585142
265887829
17688674
236914524
5834382
22698760
12466015
24734213
26188134
143313984
239733971
71548015
109479189
275785135
12478374
25181078
40675723
65375958
41530729
8568595
12760845
239968751
284200
122311448
81707385
63965775
18568290
294949685
18290742
111040116
202188872
83283233
56581830
10138361
147704926
6060508
144916988
286469228
87112968
68112796
12269483
235050
59467200
3186278
7844718
86383903
124619045
223299533
50408734
24810900
5176379
46984960
41303628
13582392
69934552
82427835
20052672
69462872
277935980
184207828
2539746
23405634
29756048
199447745
178262148
136655228
13348896
260837871
19653336
17399812
258521149
7920924
187617226
215490742
32067568
87230323
291481130
8904543
1215861
34238864
51504978
43607187
244780762
2452913
62995617
160634224
101118996
191294060
201263085
66245148
48721158
7025744
17056741
104546442
67795938
38015780
142554400
50458374
125087232
2498760
43180375
27942018
136971797
208374648
119247876
216583893
25099775
50227
89416266
149248440
13881036
5458200
236683731
126516036
78269148
138209324
79650998
123187875
1824158
106848240
55450460
2854973
188803278
144083454
73072827
3511530
135446850
83370583
107474544
7811562
31544316
288343032
210069619
15977725
44474449
14283983
95260026
260928448
45535295
56049898
78258162
78435192
71671504
30495120
183008502
10250724
13126983
15617245
9620308
169997733
1404511
33804208
90512694
136440900
62846745
68388943
186699498
237385366
170094056
99043740
90054982
242664106
35395054
29771060
397378
140352003
704680
62332004
222446244
70405751
257714325
73124100
4107540
836924
91193336
26462112
19416618
35920440
10953828
103612468
51148381
1379200
53120556
50901400
67034988
207208894
315480514
5769129
159805608
23230152
256751561
76261662
108445989
95614473
255911264
57982750
9348488
104740671
29239454
118455412
227738796
83527156
43343318
155673348
62798521
68745993
21085786
22771660
244292802
187859886
66377950
17681736
221907950
5424389
3602263
185544385
116864469
158215082
159596920
236078080
23947076
6030180
6612228
48791190
5982483
178003501
15644421
125678340
103878852
25064654
18107253
4253319
23706726
182938979
7869540
10625472
35890998
24191718
123222651
6858126
70198916
177387724
25242246
284573209
140641448
126256238
68052458
3504732
21827960
115739946
87768192
98800906
3913003
76592063
86378534
78121365
111234296
226977245
20379072
67676834
22909426
3804736
214215235
196968205
1014300
202399392
63013691
233588014
271011733
66113820
42134514
133812280
140275488
15015526
6749991
15659618
15465985
235536924
8233680
19318160
17201088
197703233
128523024
59660763
194050954
95772655
491363
11608380
144140658
43419260
50505634
180284134
182797
39082176
93447680
95162378
39947977
167056530
57134168
57682714
182335153
47503946
173297443
91129104
23254644
11250534
9917784
106235966
9446498
31412160
82880112
156262002
8487693
49147340
1516854
29650742
128143530
168790331
24115712
53190228
113420860
117202250
110790701
24040865
22027442
193336649
61139320
14029848
23130598
74962168
17133080
22281281
20068552
20693962
11753408
279109103
145880388
30918778
118141909
83341726
29742721
241256431
179237760
672678
98747020
159162236
64866034
161935820
27651408
7757631
88373028
79551640
49102539
138550
134777591
50729250
15404015
127967449
246952008
48533610
46414801
187053403
5271399
14480565
13775566
203227632
77836789
191269161
306136586
78257892
2335580
47974680
114837527
130648014
81207697
120738770
104612960
46155130
151518725
212114518
144182142
55778310
6727008
248805094
37240240
24538490
15820994
35960165
45381320
170553276
31822150
118140413
183266788
20145089
244545148
61005867
12582383
1687649
16292963
108533331
6045996
7026624
19679452
73920610
48929385
324065301
12392493
119153038
36355931
152433689
12462429
164529462
18901004
244995960
76547617
180493418
115612560
28930751
20416728
54720736
104550338
228599340
59706738
92705571
85739400
96306441
55606758
379480
3224125
37584942
112119767
25908573
247341298
72166064
16062574
2233748
183732948
1715620
75147632
32355000
3168351
214150914
32580198
33556369
72378104
39410369
56130327
55365494
153762418
79228104
96009660
136246341
28779961
13164144
4074002
203939480
79692480
97869681
22722322
109580688
163402240
135930141
163781825
108913042
19508640
96436670
69055400
76834560
35218291
33664456
41382068
33298288
27509400
53006583
167533456
12900960
112295998
35306880
21495280
95087864
22048680
169067467
56527120
86121706
5514600
158129343
32559302
71424602
183065913
5457008
133069877
71639570
6193968
125454
75562325
237353541
76795646
78189500
14183755
23128418
40019973
177289940
240514018
53998713
10655318
256584319
37526818
175746333
60198626
133533064
74851475
129859776
48437143
105270078
11416759
26563992
46484140
61406403
268416493
175089365
277307290
158698929
39749330
41347891
89010123
212917484
20206968
85280455
78845490
157801443
70058035
96687523
2788215
15867215
15359303
64440715
43730424
21042145
205121130
141345707
34192653
255199142
88426441
134198957
218419421
9175121
136145115
3070650
83827767
309117204
61795275
9882678
101259026
6782544
41668718
10813270
1069920
241874402
37914764
148744516
231585081
23092630
193741487
182994660
48947405
54007960
39270583
200141498

0 0