1
30 30 500
0 0 5 5
0 5 10 10
5 0 15 5
0 0 5 5
0 5 10 10
5 0 15 5
0 10 20 15
10 5 15 10
15 0 20 10
20 0 22 13
0 0 5 5
0 5 10 10
5 0 15 5
0 0 5 5
0 5 10 10
5 0 15 5
0 10 20 15
10 5 15 10
15 0 20 10
20 0 22 13
20 13 22 15
22 0 25 15
0 15 10 25
10 15 20 30
0 25 10 30
20 15 25 20
20 20 30 25
20 25 30 30
25 10 30 20
25 0 30 10
0 0 5 5
0 5 10 10
5 0 15 5
0 0 5 5
0 5 10 10
5 0 15 5
0 10 20 15
10 5 15 10
15 0 20 10
20 0 22 13
20 13 22 15
22 0 25 15
0 15 10 25
10 15 20 30
0 25 10 30
20 15 25 20
20 20 30 25
20 25 30 30
25 10 30 20
25 0 30 10
0 0 5 5
0 5 10 10
5 0 15 5
0 0 5 5
0 5 10 10
5 0 15 5
0 10 20 15
10 5 15 10
15 0 20 10
20 0 22 13
0 0 5 5
0 5 10 10
5 0 15 5
0 0 5 5
0 5 10 10
5 0 15 5
0 10 20 15
10 5 15 10
15 0 20 10
20 0 22 13
20 13 22 15
22 0 25 15
0 15 10 25
10 15 20 30
0 25 10 30
20 15 25 20
20 20 30 25
20 25 30 30
25 10 30 20
25 0 30 10
0 0 5 5
0 5 10 10
5 0 15 5
0 0 5 5
0 5 10 10
5 0 15 5
0 10 20 15
10 5 15 10
15 0 20 10
20 0 22 13
20 13 22 15
22 0 25 15
0 15 10 25
10 15 20 30
0 25 10 30
20 15 25 20
20 20 30 25
20 25 30 30
25 10 30 20
25 0 30 10
0 0 5 5
0 5 10 10
5 0 15 5
0 0 5 5
0 5 10 10
5 0 15 5
0 10 20 15
10 5 15 10
15 0 20 10
20 0 22 13
0 0 5 5
0 5 10 10
5 0 15 5
0 0 5 5
0 5 10 10
5 0 15 5
0 10 20 15
10 5 15 10
15 0 20 10
20 0 22 13
20 13 22 15
22 0 25 15
0 15 10 25
10 15 20 30
0 25 10 30
20 15 25 20
20 20 30 25
20 25 30 30
25 10 30 20
25 0 30 10
0 0 5 5
0 5 10 10
5 0 15 5
0 0 5 5
0 5 10 10
5 0 15 5
0 10 20 15
10 5 15 10
15 0 20 10
20 0 22 13
20 13 22 15
22 0 25 15
0 15 10 25
10 15 20 30
0 25 10 30
20 15 25 20
20 20 30 25
20 25 30 30
25 10 30 20
25 0 30 10
0 0 5 5
0 5 10 10
5 0 15 5
0 0 5 5
0 5 10 10
5 0 15 5
0 10 20 15
10 5 15 10
15 0 20 10
20 0 22 13
0 0 5 5
0 5 10 10
5 0 15 5
0 0 5 5
0 5 10 10
5 0 15 5
0 10 20 15
10 5 15 10
15 0 20 10
20 0 22 13
20 13 22 15
22 0 25 15
0 15 10 25
10 15 20 30
0 25 10 30
20 15 25 20
20 20 30 25
20 25 30 30
25 10 30 20
25 0 30 10
0 0 5 5
0 5 10 10
5 0 15 5
0 0 5 5
0 5 10 10
5 0 15 5
0 10 20 15
10 5 15 10
15 0 20 10
20 0 22 13
20 13 22 15
22 0 25 15
0 15 10 25
10 15 20 30
0 25 10 30
20 15 25 20
20 20 30 25
20 25 30 30
25 10 30 20
25 0 30 10
0 0 5 5
0 5 10 10
5 0 15 5
0 0 5 5
0 5 10 10
5 0 15 5
0 10 20 15
10 5 15 10
15 0 20 10
20 0 22 13
0 0 5 5
0 5 10 10
5 0 15 5
0 0 5 5
0 5 10 10
5 0 15 5
0 10 20 15
10 5 15 10
15 0 20 10
20 0 22 13
20 13 22 15
22 0 25 15
0 15 10 25
10 15 20 30
0 25 10 30
20 15 25 20
20 20 30 25
20 25 30 30
25 10 30 20
25 0 30 10
0 0 5 5
0 5 10 10
5 0 15 5
0 0 5 5
0 5 10 10
5 0 15 5
0 10 20 15
10 5 15 10
15 0 20 10
20 0 22 13
20 13 22 15
22 0 25 15
0 15 10 25
10 15 20 30
0 25 10 30
20 15 25 20
20 20 30 25
20 25 30 30
25 10 30 20
25 0 30 10
0 0 5 5
0 5 10 10
5 0 15 5
0 0 5 5
0 5 10 10
5 0 15 5
0 10 20 15
10 5 15 10
15 0 20 10
20 0 22 13
0 0 5 5
0 5 10 10
5 0 15 5
0 0 5 5
0 5 10 10
5 0 15 5
0 10 20 15
10 5 15 10
15 0 20 10
20 0 22 13
20 13 22 15
22 0 25 15
0 15 10 25
10 15 20 30
0 25 10 30
20 15 25 20
20 20 30 25
20 25 30 30
25 10 30 20
25 0 30 10
0 0 5 5
0 5 10 10
5 0 15 5
0 0 5 5
0 5 10 10
5 0 15 5
0 10 20 15
10 5 15 10
15 0 20 10
20 0 22 13
20 13 22 15
22 0 25 15
0 15 10 25
10 15 20 30
0 25 10 30
20 15 25 20
20 20 30 25
20 25 30 30
25 10 30 20
25 0 30 10
0 0 5 5
0 5 10 10
5 0 15 5
0 0 5 5
0 5 10 10
5 0 15 5
0 10 20 15
10 5 15 10
15 0 20 10
20 0 22 13
0 0 5 5
0 5 10 10
5 0 15 5
0 0 5 5
0 5 10 10
5 0 15 5
0 10 20 15
10 5 15 10
15 0 20 10
20 0 22 13
20 13 22 15
22 0 25 15
0 15 10 25
10 15 20 30
0 25 10 30
20 15 25 20
20 20 30 25
20 25 30 30
25 10 30 20
25 0 30 10
0 0 5 5
0 5 10 10
5 0 15 5
0 0 5 5
0 5 10 10
5 0 15 5
0 10 20 15
10 5 15 10
15 0 20 10
20 0 22 13
20 13 22 15
22 0 25 15
0 15 10 25
10 15 20 30
0 25 10 30
20 15 25 20
20 20 30 25
20 25 30 30
25 10 30 20
25 0 30 10
0 0 5 5
0 5 10 10
5 0 15 5
0 0 5 5
0 5 10 10
5 0 15 5
0 10 20 15
10 5 15 10
15 0 20 10
20 0 22 13
0 0 5 5
0 5 10 10
5 0 15 5
0 0 5 5
0 5 10 10
5 0 15 5
0 10 20 15
10 5 15 10
15 0 20 10
20 0 22 13
20 13 22 15
22 0 25 15
0 15 10 25
10 15 20 30
0 25 10 30
20 15 25 20
20 20 30 25
20 25 30 30
25 10 30 20
25 0 30 10
0 0 5 5
0 5 10 10
5 0 15 5
0 0 5 5
0 5 10 10
5 0 15 5
0 10 20 15
10 5 15 10
15 0 20 10
20 0 22 13
20 13 22 15
22 0 25 15
0 15 10 25
10 15 20 30
0 25 10 30
20 15 25 20
20 20 30 25
20 25 30 30
25 10 30 20
25 0 30 10
0 0 5 5
0 5 10 10
5 0 15 5
0 0 5 5
0 5 10 10
5 0 15 5
0 10 20 15
10 5 15 10
15 0 20 10
20 0 22 13
0 0 5 5
0 5 10 10
5 0 15 5
0 0 5 5
0 5 10 10
5 0 15 5
0 10 20 15
10 5 15 10
15 0 20 10
20 0 22 13
20 13 22 15
22 0 25 15
0 15 10 25
10 15 20 30
0 25 10 30
20 15 25 20
20 20 30 25
20 25 30 30
25 10 30 20
25 0 30 10
0 0 5 5
0 5 10 10
5 0 15 5
0 0 5 5
0 5 10 10
5 0 15 5
0 10 20 15
10 5 15 10
15 0 20 10
20 0 22 13
20 13 22 15
22 0 25 15
0 15 10 25
10 15 20 30
0 25 10 30
20 15 25 20
20 20 30 25
20 25 30 30
25 10 30 20
25 0 30 10
0 0 5 5
0 5 10 10
5 0 15 5
0 0 5 5
0 5 10 10
5 0 15 5
0 10 20 15
10 5 15 10
15 0 20 10
20 0 22 13
0 0 5 5
0 5 10 10
5 0 15 5
0 0 5 5
0 5 10 10
5 0 15 5
0 10 20 15
10 5 15 10
15 0 20 10
20 0 22 13
20 13 22 15
22 0 25 15
0 15 10 25
10 15 20 30
0 25 10 30
20 15 25 20
20 20 30 25
20 25 30 30
25 10 30 20
25 0 30 10
0 0 5 5
0 5 10 10
5 0 15 5
0 0 5 5
0 5 10 10
5 0 15 5
0 10 20 15
10 5 15 10
15 0 20 10
20 0 22 13
20 13 22 15
22 0 25 15
0 15 10 25
10 15 20 30
0 25 10 30
20 15 25 20
20 20 30 25
20 25 30 30
25 10 30 20
25 0 30 10