1
30 30 50
0 0 5 5
0 5 10 10
5 0 15 5
0 10 20 15
10 5 15 10
15 0 20 10
20 0 22 13
20 13 22 15
22 0 25 15
0 15 10 25
10 15 20 30
0 25 10 30
20 15 25 20
20 20 30 25
20 25 30 30
25 10 30 20
25 0 30 10
0 0 20 20
0 0 25 25
1 1 4 5
0 0 29 29
1 5 5 9
28 28 29 29
27 27 28 28
26 26 27 27
25 25 26 26
24 24 25 25
23 23 24 24
22 22 23 23
21 21 22 22
20 20 21 21
19 19 20 30
19 19 20 20
1 1 5 6
5 5 6 6
7 7 8 8
9 9 10 20
9 9 10 10
8 8 15 23
5 6 21 30
14 15 26 28
20 25 30 30
25 10 30 20
25 0 30 10
0 0 20 20
0 0 25 25
1 1 4 5
0 0 29 29
1 5 5 9
28 28 29 29
