5519 2409 411 332 2784 8109
9836 5197 1449 9531 190 3816
5963 6130 1369 5449 3603 9356
1348 555 1309 4804 2434 8850
8663 3383 4123 3619 4001 5934
8457 5753 9750 6241 5838 6223
3436 8448 2394 4680 2161 1985
2753 4304 9101 7601 7761 4274
5394 3946 508 9857 1990 8900
1720 3563 5070 7450 5870 2353
704 5427 1216 333 5770 4723
4476 5990 4244 1832 231 3291
8675 5127 3439 9631 2716 3461
2137 4968 5192 2105 9032 4103
3628 2315 7089 6665 4956 9892
4886 5263 8076 5414 2387 302
3423 8951 1310 8074 357 2572
1616 6107 51 947 3707 4363
1642 2552 8823 8038 8810 2504
8694 5916 3971 2202 8355 6929
8004 7734 9940 7141 2020 5960
948 9391 1677 3316 8263 6397
2758 6018 191 2494 1531 998
9108 9846 8940 5418 7947 2702
2126 2788 2176 9876 2900 7482
4642 1543 2542 8714 4435 3073
5890 7571 8363 8592 8154 780
9632 9159 576 6909 387 8993
4833 1910 4536 5344 9184 826
3066 4871 2621 1176 6937 3806
1281 714 9201 7185 8214 1449
5034 5551 1303 8768 8743 668
6133 4579 2850 2792 5241 6753
1007 9658 3159 5186 5030 5375
9949 2184 4956 278 7969 5139
2409 2306 5666 5875 9704 5444
6563 6569 938 5836 8118 8061
9704 3629 5773 2709 956 1523
611 1492 7753 1004 5026 5953
5879 167 3395 3387 664 8195
859 568 4449 6515 2285 6722
6371 8064 3956 5598 1842 1342
1780 7096 4409 6835 8757 5873
4769 1993 416 3632 9839 1271
7407 52 491 7668 1885 9798
7183 9930 821 816 784 7688
7956 9668 883 2204 9272 7921
6505 6823 1814 1790 2170 2527
103 2566 3054 5182 1350 4770
4992 4484 4957 2737 342 9291
540 920 817 4833 7102 3655
2982 7189 9330 8214 8697 3
4301 6249 1912 4098 7533 5350
9437 1754 3596 2091 8420 2903
522 7837 7104 4396 7598 2827
9953 9675 5288 5068 9583 1979
5793 4079 8999 7973 1915 6068
1155 7344 9432 1997 4418 5296
3118 9691 6931 2572 499 1834
7751 419 9982 9609 1684 8772
9412 3051 1664 417 4764 7969
81 3705 9209 2954 7768 3596
5884 6625 4303 9909 9132 499
4412 5565 1024 712 6372 993
46 454 5547 9251 3843 5865
5083 6991 8733 903 580 8248
7711 2547 6669 8527 1563 1483
116 9421 8923 7579 383 2293
6667 173 8787 5165 7378 1594
4922 368 2419 4255 6072 3234
658 6981 6717 3780 5223 3563
1898 6937 5700 1062 5673 8588
4920 6079 329 5764 964 4550
8841 749 962 6928 6635 1071
9288 3395 4416 7476 2860 8159
124 7294 2049 1184 5689 690
8728 5906 5712 720 870 4212
8487 299 1842 2941 4294 7380
1939 6922 9771 4339 1512 6343
3082 7962 9676 2199 7884 1720
7235 4525 5713 6785 8679 4398
6698 9668 2415 3180 7591 1310
398 4894 1993 3415 9423 5256
7196 321 7734 1067 3714 9012
7363 4941 4790 54 9406 4610
6536 3845 5851 8807 8544 7676
2133 2132 1512 7197 7670 6074
7036 219 1200 5168 3805 7567
24 6371 5776 7478 1554 1858
9341 1888 7946 4526 3255 658
1546 2440 4569 5683 809 4153
9878 4098 9345 8974 1687 9527
419 2354 6963 9017 657 6358
6426 9897 182 8481 3221 7974
5936 2711 6818 4765 6694 2422
3292 1590 4004 2723 6075 1981
5661 4259 5607 2878 300 7079
9779 5547 4107 7112 5208 4469
481 9219 8253 2947 2545 5877
2358 8139 1769 45 6633 5702
