1 1 1 1 1 1
37 99 87 37 12 24
42 20 37 97 45 72
5 78 16 79 27 50
70 63 0 45 27 60
15 21 68 37 68 10
69 83 94 52 12 43
76 6 14 90 53 33
63 9 77 61 85 71
81 18 76 53 53 82
67 17 10 85 50 26
22 31 78 38 36 88
12 93 7 24 35 92
84 82 94 69 82 29
32 61 70 91 8 49
3 6 92 67 89 69
44 17 78 69 60 14
55 64 41 54 27 70
25 1 68 25 71 65
41 39 12 0 75 66
78 52 88 39 81 66
24 58 83 58 91 76
94 43 73 37 73 43
5 11 58 58 33 80
43 27 63 9 22 71
52 47 57 63 5 54
55 28 46 92 97 19
17 83 0 80 43 48
83 24 22 44 59 77
98 78 48 99 29 62
18 64 34 89 37 92
65 73 73 66 67 14
62 24 74 81 50 52
81 1 85 95 9 93
53 57 68 11 52 79
28 84 30 25 82 81
65 27 97 75 70 96
73 69 26 74 43 64
74 81 32 35 99 4
83 46 78 39 11 35
65 85 90 35 39 29
16 32 77 37 48 6
64 23 69 64 39 32
91 36 55 46 40 32
9 84 94 5 46 3
79 96 31 15 25 46
53 78 49 44 55 0
58 34 25 47 14 33
10 75 52 61 96 37
92 12 79 77 56 16
37 32 75 84 96 63
48 45 80 61 48 95
96 35 54 31 69 95
64 92 42 9 54 21
99 35 26 84 79 51
40 83 61 18 73 28
92 94 73 37 84 46
49 54 76 76 56 82
73 11 33 98 56 56
26 40 16 67 44 66
62 62 20 68 23 93
79 1 58 2 92 32
51 61 13 15 47 22
60 97 48 38 82 1
11 41 69 67 82 32
93 52 83 47 42 39
25 1 95 38 60 8
19 31 32 69 64 4
86 41 57 49 22 7
98 82 82 78 98 5
3 9 25 66 89 99
10 34 19 26 64 77
45 87 79 41 74 17
82 13 1 80 39 70
3 67 71 31 84 89
48 56 45 59 95 76
38 30 17 47 87 76
9 45 81 48 24 12
91 1 96 69 80 64
32 14 95 42 82 50
45 11 77 52 29 69
81 69 98 54 21 38
5 36 53 83 23 91
42 52 6 21 92 24
75 56 88 24 77 39
67 23 66 34 60 11
82 40 39 68 91 38
41 19 80 48 96 96
58 8 7 93 96 7
49 38 36 76 26 98
4 65 63 5 80 20
66 85 20 24 65 40
18 75 76 51 73 7
78 41 20 36 29 18
58 14 87 48 78 42
46 73 5 20 19 36
76 20 56 28 88 41
55 35 55 13 23 94
66 79 49 97 17 39
97 98 40 7 10 31
