12680
3794
6231
16842
13533
2322
20760
1097
32095
31953
5707
15005
4824
13375
9396
7307
17360
8791
18350
6933
1035
22361
19403
6291
5203
6523
1211
26373
22392
30171
27247
168
30868
23993
4477
11975
18067
9187
711
4820
26867
28272
13912
17847
20937
28849
13710
358
4357
357
10366
2230
27894
24876
21140
16753
25617
17727
17018
13480
31726
31325
14651
26954
403
13321
3241
19702
7925
23538
2300
7950
27068
30131
5563
4621
20295
27324
8672
5914
496
21136
6967
2013
19345
2866
29959
8849
26951
13785
500
3162
21621
27627
9508
19929
7436
16425
7841
