26
77 175 212 279 369 449 537 570 615 673 731 764 813 835 917 930 1008 1071 1125 1139 1221 1283 1315 1368 1458 1491
1 18 94 124 146 238 311 396 441 496 583 650 727 729 826 870 889 944 957 989 1055 1100 1148 1175 1227
62 62 139 200 220 316 336 397 409 493 514 539 621 644 688 735 754 829 832 874 947 997 998 1044
29 100 130 209 219 265 284 299 362 377 390 483 572 608 680 730 797 887 962 1030 1091 1165 1165
48 69 120 196 286 380 418 422 519 571 660 751 823 859 925 962 987 1028 1068 1071 1166 1214
34 119 170 268 296 363 370 410 473 495 506 546 590 662 706 790 867 935 1027 1080 1149
87 91 112 196 221 250 286 309 391 430 479 577 579 592 630 695 759 763 768 777
31 91 175 195 269 298 332 406 470 474 553 599 684 725 762 825 897 925 940
47 129 136 155 183 194 234 282 288 326 358 373 387 471 551 626 700 761
85 91 105 108 177 274 364 417 478 505 554 572 658 720 744 775 866
58 59 109 206 210 294 342 415 510 577 674 688 750 793 802 857
34 101 145 226 324 328 382 434 440 510 556 581 668 675 726
94 127 208 210 221 230 304 364 383 433 476 503 564 578
94 184 282 306 397 492 589 682 709 756 766 826 869
86 113 133 212 278 304 393 410 508 572 656 736
30 99 149 243 321 404 425 450 524 604 660
29 41 70 88 121 209 247 296 363 379
34 46 106 198 205 245 285 300 398
77 121 133 169 210 276 278 283
98 173 201 276 355 355 447
51 78 106 137 190 193
25 87 130 167 171
47 114 186 255
77 96 149
38 97
37
