32
5 81 128 149 186 198 272 293 331 408 463 547 641 714 766 766 834 918 962 1014 1093 1156 1251 1311 1408 1500 1524 1532 1545 1562 1581 1597
26 123 165 170 210 289 323 400 497 526 601 602 629 647 677 775 829 862 863 894 945 1009 1055 1134 1192 1266 1334 1351 1421 1507 1540
80 89 181 222 231 313 336 422 516 563 650 691 767 844 868 960 1011 1063 1107 1183 1207 1276 1328 1366 1421 1431 1524 1572 1626 1649
16 39 99 193 206 265 326 386 412 465 554 564 627 723 788 847 865 888 975 1011 1076 1087 1173 1217 1299 1387 1397 1459 1465
80 133 183 232 251 296 391 487 548 592 685 696 743 835 911 963 989 1067 1078 1147 1244 1296 1353 1376 1464 1498 1500 1539
13 87 178 226 249 256 303 376 423 455 552 616 672 678 698 726 808 846 859 896 961 1052 1140 1216 1307 1401 1435
35 81 123 218 265 283 375 425 470 555 621 654 659 690 717 772 796 798 847 852 921 990 1062 1118 1196 1290
34 108 183 259 337 397 491 554 598 695 754 772 786 847 848 870 915 964 1057 1145 1191 1288 1351 1354 1391
31 87 101 153 166 194 237 332 401 435 454 524 524 613 678 709 713 778 792 890 907 916 949 960
59 87 126 140 163 222 229 323 326 372 390 431 498 516 601 629 725 780 865 918 1005 1087 1115
60 90 182 191 207 294 337 403 497 544 571 664 728 734 805 819 822 871 900 983 996 1064
68 110 152 155 231 269 283 315 343 414 453 469 565 566 611 620 683 703 790 810 856
66 107 195 235 301 304 325 359 367 419 462 538 621 627 682 754 789 841 854 914
64 105 127 198 284 359 449 464 498 533 539 613 671 769 856 952 1010 1106 1194
20 104 156 241 275 299 347 391 437 469 543 624 624 644 742 772 818 876
4 21 48 145 194 250 286 364 461 550 602 627 672 716 795 800 814
66 75 102 158 238 279 360 360 423 474 475 573 619 700 704 738
41 52 99 193 236 323 350 361 416 419 473 540 546 590 645
52 72 130 228 305 402 432 466 518 569 572 589 683 777
74 86 172 259 324 388 389 449 473 474 493 507 536
77 120 129 205 226 308 373 393 491 511 561 586
36 106 121 149 170 262 286 338 401 487 543
73 152 203 227 296 390 404 475 573 643
13 27 102 186 226 306 325 355 403
17 84 112 210 299 383 399 459
5 89 128 195 210 306 374
93 165 250 253 347 348
59 120 190 191 262
25 87 112 174
41 127 220
38 92
91
