95
61 135 145 174 245 307 333 421 497 524 592 608 680 712 769 823 860 887 977 1066 1085 1103 1199 1278 1358 1434 1446 1450 1512 1573 1644 1722 1736 1743 1814 1862 1881 1911 1912 1921 2018 2047 2108 2193 2274 2289 2316 2317 2387 2448 2471 2543 2595 2600 2680 2747 2748 2813 2889 2948 2973 3033 3103 3110 3200 3245 3333 3430 3525 3587 3619 3711 3713 3762 3845 3854 3875 3931 4021 4072 4109 4166 4245 4312 4316 4397 4482 4501 4543 4596 4668 4713 4737 4820 4827
2 53 134 190 257 259 287 381 386 464 465 539 577 580 662 716 783 813 832 852 915 990 991 1015 1087 1157 1167 1225 1285 1314 1404 1478 1525 1543 1573 1574 1619 1670 1735 1776 1827 1900 1917 1928 1949 2007 2092 2095 2151 2247 2318 2360 2410 2496 2586 2680 2688 2702 2732 2758 2762 2785 2799 2854 2928 2995 3025 3113 3128 3190 3277 3290 3379 3471 3524 3524 3529 3548 3582 3595 3669 3714 3778 3853 3860 3923 3970 4050 4106 4165 4197 4202 4273 4368
55 71 135 175 214 230 290 358 435 468 491 496 581 668 702 736 804 845 870 917 983 1068 1085 1124 1164 1208 1301 1352 1403 1455 1508 1555 1644 1647 1689 1723 1762 1778 1836 1843 1933 1945 1947 1980 1994 2045 2092 2148 2244 2273 2326 2354 2424 2496 2549 2609 2622 2662 2706 2800 2848 2914 2952 3038 3103 3157 3236 3241 3273 3326 3410 3439 3494 3533 3555 3618 3674 3677 3758 3808 3813 3816 3875 3949 4038 4107 4199 4277 4353 4354 4430 4482 4487
76 88 122 220 304 400 470 512 544 555 646 716 809 835 874 933 1025 1096 1184 1229 1302 1386 1421 1480 1524 1528 1587 1603 1649 1657 1709 1734 1778 1834 1850 1933 1934 1992 2000 2018 2103 2110 2174 2181 2217 2225 2289 2373 2470 2518 2573 2618 2655 2674 2688 2727 2825 2881 2954 3044 3123 3127 3201 3235 3307 3359 3429 3510 3597 3676 3726 3752 3835 3872 3895 3903 3917 3919 3920 3941 3977 4013 4054 4059 4130 4226 4302 4308 4379 4392 4397 4426
90 163 227 305 396 468 512 538 555 573 667 724 753 818 873 961 1017 1109 1182 1255 1313 1378 1426 1518 1559 1565 1612 1673 1707 1742 1784 1814 1862 1937 1957 1986 2055 2148 2241 2264 2309 2392 2486 2511 2574 2626 2681 2716 2793 2806 2866 2941 2990 3041 3128 3179 3273 3345 3356 3385 3474 3555 3643 3710 3723 3737 3742 3818 3825 3907 3990 4043 4056 4084 4148 4209 4266 4318 4349 4356 4433 4472 4477 4554 4579 4596 4674 4768 4832 4908 4919
55 134 139 193 279 304 345 384 417 459 467 558 622 667 720 795 818 837 858 954 987 1025 1121 1127 1180 1223 1297 1350 1360 1427 1468 1516 1520 1597 1657 1713 1716 1725 1778 1783 1816 1860 1892 1990 2068 2118 2123 2184 2272 2360 2366 2441 2459 2487 2544 2569 2667 2754 2791 2840 2894 2899 2935 3021 3086 3180 3274 3300 3305 3380 3478 3516 3551 3570 3587 3587 3678 3700 3780 3794 3850 3893 3949 3952 3986 3987 4027 4106 4137 4219
14 28 85 146 227 274 325 396 449 451 505 523 589 629 645 649 667 667 733 772 791 875 923 1016 1032 1051 1081 1171 1181 1229 1320 1403 1412 1419 1439 1450 1491 1501 1593 1680 1759 1789 1870 1887 1983 2050 2126 2199 2288 2296 2339 2402 2410 2492 2502 2585 2610 2688 2710 2730 2809 2879 2919 2999 3025 3117 3135 3138 3163 3180 3225 3277 3289 3355 3446 3480 3556 3595 3635 3672 3756 3805 3834 3874 3957 4035 4038 4130 4152
42 42 134 142 184 244 245 311 362 456 535 629 696 778 792 880 960 1019 1036 1072 1102 1152 1187 1236 1288 1296 1298 1326 1329 1346 1380 1420 1500 1526 1624 1626 1646 1704 1707 1730 1796 1864 1925 1978 1995 2002 2055 2095 2140 2174 2270 2327 2406 2479 2524 2552 2611 2641 2704 2773 2814 2874 2929 2943 3017 3050 3064 3077 3097 3156 3235 3326 3360 3388 3447 3500 3588 3622 3705 3801 3848 3881 3971 4036 4117 4212 4290 4354
21 43 69 153 197 261 300 368 383 411 505 547 565 578 638 699 758 791 854 947 1004 1013 1068 1155 1236 1284 1284 1318 1408 1438 1518 1613 1706 1786 1857 1951 1971 2051 2052 2083 2083 2171 2254 2290 2339 2429 2438 2457 2512 2531 2580 2601 2661 2754 2807 2841 2892 2937 2945 3027 3049 3054 3084 3141 3189 3264 3334 3403 3435 3520 3613 3636 3674 3735 3745 3832 3838 3922 3943 3992 4037 4126 4205 4233 4328 4401 4494
57 125 183 267 346 395 471 513 595 657 703 778 804 812 887 889 952 1000 1070 1151 1190 1233 1242 1269 1300 1362 1382 1479 1534 1551 1609 1640 1714 1772 1864 1948 1986 1992 2011 2076 2174 2199 2205 2226 2251 2286 2353 2398 2466 2521 2528 2626 2702 2774 2774 2868 2912 2961 3022 3056 3144 3185 3259 3308 3310 3361 3390 3433 3452 3535 3566 3648 3681 3711 3750 3782 3862 3919 3923 3999 4049 4147 4184 4222 4255 4322
18 41 103 159 190 193 253 294 369 441 489 576 594 680 709 743 773 786 795 882 884 898 944 1020 1063 1148 1168 1192 1289 1354 1446 1505 1544 1591 1648 1694 1718 1720 1772 1825 1858 1913 1936 1957 2039 2057 2082 2152 2209 2214 2259 2268 2290 2346 2373 2432 2506 2601 2682 2767 2863 2895 2976 3014 3083 3119 3215 3302 3305 3317 3407 3476 3519 3605 3634 3643 3659 3690 3697 3760 3837 3884 3943 3964 3965
35 108 136 136 199 239 287 301 368 442 498 529 621 666 727 732 735 786 828 851 945 1017 1039 1126 1127 1149 1189 1262 1321 1384 1443 1451 1458 1541 1605 1653 1731 1827 1914 1917 2007 2100 2122 2192 2246 2311 2367 2403 2428 2480 2563 2572 2605 2652 2691 2723 2809 2877 2968 3021 3116 3186 3252 3341 3359 3360 3371 3440 3510 3557 3642 3729 3736 3743 3748 3802 3895 3911 3980 4057 4070 4134 4200 4264
98 150 198 260 292 377 445 490 535 620 714 774 868 885 953 989 1086 1172 1208 1272 1369 1401 1434 1506 1523 1576 1586 1667 1755 1756 1775 1845 1861 1940 1987 2046 2115 2177 2253 2351 2385 2398 2406 2415 2465 2535 2631 2670 2724 2728 2770 2772 2809 2837 2931 2968 3033 3061 3155 3225 3280 3303 3337 3369 3419 3435 3478 3555 3562 3600 3684 3771 3789 3844 3921 4013 4093 4138 4154 4249 4319 4408 4422
40 120 127 163 243 257 349 399 437 438 479 539 613 708 758 810 853 898 989 1008 1014 1102 1112 1196 1240 1307 1382 1389 1432 1441 1466 1539 1626 1691 1715 1780 1837 1908 1999 2011 2066 2067 2076 2082 2130 2212 2277 2278 2330 2394 2447 2512 2580 2654 2724 2743 2810 2885 2922 2928 2968 3036 3130 3180 3211 3228 3309 3357 3403 3484 3552 3579 3638 3650 3678 3718 3738 3815 3854 3877 3952 3984
2 72 86 122 151 233 269 325 382 396 462 541 616 700 727 772 803 812 857 882 944 992 1052 1126 1175 1265 1348 1427 1478 1541 1596 1694 1751 1791 1794 1863 1938 2021 2118 2159 2168 2252 2279 2290 2332 2359 2359 2398 2465 2498 2573 2585 2597 2636 2679 2697 2765 2809 2860 2881 2954 3031 3035 3133 3223 3260 3276 3279 3372 3412 3482 3532 3543 3581 3625 3686 3754 3789 3839 3918 3952
66 144 234 286 361 422 473 499 546 607 678 755 781 787 837 858 943 1000 1003 1070 1151 1197 1283 1314 1363 1429 1496 1518 1592 1643 1669 1694 1702 1723 1764 1774 1811 1853 1920 1934 1940 2009 2042 2072 2155 2175 2233 2244 2313 2365 2431 2504 2548 2634 2670 2748 2801 2863 2961 3031 3057 3100 3125 3198 3222 3309 3390 3405 3424 3506 3557 3626 3710 3765 3807 3901 3933 4008 4019 4089
31 80 106 196 271 299 372 389 433 452 512 586 661 702 708 773 810 896 955 1047 1068 1122 1182 1255 1264 1284 1354 1388 1449 1520 1601 1660 1730 1745 1795 1884 1916 1989 2040 2092 2171 2224 2312 2406 2423 2456 2540 2573 2599 2648 2710 2772 2826 2826 2874 2933 2995 3080 3104 3111 3185 3264 3288 3369 3421 3463 3504 3545 3623 3627 3638 3676 3745 3840 3898 3985 4043 4121 4180
53 88 114 121 165 204 237 281 283 372 372 414 479 557 605 687 773 867 911 944 958 1048 1114 1193 1267 1354 1358 1433 1441 1454 1459 1473 1522 1585 1676 1721 1773 1779 1819 1885 1911 2001 2029 2029 2093 2188 2278 2359 2432 2510 2564 2661 2729 2782 2868 2930 2941 3009 3063 3144 3148 3154 3171 3186 3281 3350 3393 3461 3461 3553 3630 3646 3650 3679 3737 3743 3792 3846
97 127 216 260 292 333 398 456 512 568 608 610 658 711 733 803 891 908 917 991 1087 1184 1276 1324 1401 1480 1530 1557 1559 1561 1630 1721 1748 1772 1797 1884 1936 1937 2000 2010 2052 2090 2092 2132 2138 2139 2148 2197 2263 2316 2373 2427 2518 2604 2644 2675 2714 2740 2773 2836 2927 2994 3058 3113 3126 3167 3185 3255 3274 3324 3340 3362 3442 3510 3598 3690 3761
68 72 165 232 280 329 378 467 497 540 548 585 595 657 737 818 831 905 909 968 1013 1070 1078 1129 1226 1300 1315 1395 1491 1523 1552 1562 1597 1642 1710 1792 1796 1844 1899 1973 2022 2022 2077 2095 2165 2261 2338 2385 2470 2507 2510 2549 2630 2702 2780 2875 2961 3047 3065 3090 3142 3158 3239 3248 3263 3329 3371 3443 3454 3511 3541 3592 3599 3609 3666 3761
32 74 85 172 236 318 345 349 434 478 495 512 604 701 776 843 893 959 994 1071 1126 1127 1222 1293 1337 1367 1454 1500 1594 1658 1670 1732 1829 1879 1882 1905 1972 2015 2079 2150 2219 2219 2240 2245 2271 2318 2353 2384 2475 2536 2575 2622 2660 2736 2755 2840 2902 2969 2975 2984 3027 3079 3102 3181 3246 3266 3295 3389 3431 3476 3481 3513 3550 3561 3603
68 103 181 237 251 311 335 338 406 487 504 516 607 614 629 647 658 671 734 739 816 825 922 948 1013 1085 1098 1155 1206 1277 1278 1376 1413 1509 1530 1539 1623 1647 1669 1758 1776 1811 1857 1937 1975 1980 2047 2066 2109 2111 2189 2267 2328 2415 2490 2581 2605 2681 2745 2776 2839 2881 2914 2976 3042 3069 3081 3151 3234 3270 3341 3370 3460 3542
83 129 178 246 310 370 391 432 514 593 603 651 745 825 898 904 925 975 1050 1054 1077 1144 1177 1250 1327 1355 1379 1413 1450 1453 1461 1508 1550 1585 1599 1692 1785 1842 1923 2020 2069 2118 2187 2207 2247 2256 2303 2352 2445 2493 2559 2652 2683 2688 2721 2741 2786 2864 2953 2991 3019 3078 3086 3167 3205 3288 3288 3348 3437 3517 3598 3667 3721
41 104 121 168 218 312 340 434 498 584 619 684 713 798 881 919 948 986 1044 1046 1047 1098 1170 1248 1283 1326 1359 1392 1454 1457 1550 1618 1629 1708 1744 1837 1876 1964 2059 2091 2141 2201 2234 2315 2363 2394 2409 2483 2578 2673 2752 2813 2904 2929 2974 3045 3095 3147 3208 3260 3354 3399 3436 3498 3531 3616 3677 3687 3757 3782 3824 3836
66 146 226 305 340 373 376 447 448 512 592 649 704 738 794 813 903 910 987 1009 1035 1070 1073 1171 1257 1273 1331 1398 1491 1511 1605 1640 1720 1736 1787 1795 1816 1893 1957 2000 2080 2096 2115 2202 2276 2282 2377 2400 2430 2491 2491 2555 2621 2638 2669 2709 2769 2847 2926 3013 3035 3048 3059 3060 3133 3135 3143 3204 3294 3363 3420
2 80 171 210 305 393 483 574 653 708 746 778 825 911 968 1059 1105 1157 1211 1272 1311 1340 1403 1485 1489 1521 1572 1663 1745 1842 1881 1949 1999 2047 2057 2125 2200 2201 2260 2264 2347 2402 2437 2494 2580 2594 2642 2733 2804 2874 2966 2989 3026 3069 3124 3162 3198 3253 3297 3331 3393 3441 3476 3500 3596 3646 3703 3722 3784 3855
8 33 56 91 110 160 204 239 239 311 380 412 432 500 541 597 688 728 816 866 901 947 979 989 1020 1099 1139 1198 1291 1378 1421 1441 1487 1573 1662 1667 1698 1761 1791 1791 1836 1844 1933 1996 2026 2112 2174 2191 2191 2274 2320 2352 2403 2429 2507 2516 2537 2566 2645 2699 2749 2804 2853 2879 2895 2946 3013 3099 3180
38 38 51 90 99 177 178 266 317 370 404 431 432 525 552 640 696 726 760 780 877 886 912 941 1028 1086 1113 1188 1205 1240 1250 1304 1399 1456 1496 1556 1574 1651 1740 1778 1798 1816 1892 1936 1990 1999 2069 2086 2088 2150 2178 2245 2294 2315 2391 2399 2433 2529 2553 2557 2573 2646 2662 2668 2715 2766 2776 2782
16 46 130 217 252 257 328 370 415 485 492 571 585 683 781 804 879 882 895 925 954 992 1062 1068 1083 1140 1192 1255 1339 1418 1421 1517 1529 1599 1647 1667 1688 1699 1706 1741 1749 1799 1888 1975 2003 2014 2022 2089 2099 2139 2194 2211 2301 2302 2388 2394 2408 2465 2543 2568 2653 2738 2802 2879 2934 2966 3022
91 180 257 285 345 353 373 456 484 545 559 639 644 659 675 706 764 787 837 883 933 981 1026 1089 1152 1162 1220 1220 1230 1257 1305 1394 1419 1457 1553 1594 1665 1716 1764 1822 1878 1897 1969 1969 2030 2118 2128 2205 2223 2236 2238 2323 2329 2417 2502 2583 2604 2609 2646 2717 2798 2840 2884 2926 2950 2992
3 15 66 138 235 333 336 425 523 532 615 679 775 816 844 874 888 888 953 992 1032 1054 1067 1067 1072 1170 1173 1225 1271 1285 1340 1408 1486 1550 1550 1592 1621 1715 1783 1828 1876 1885 1925 1936 1986 2065 2161 2193 2286 2329 2368 2405 2475 2555 2581 2592 2686 2753 2753 2794 2869 2886 2948 3012 3068
83 123 191 193 241 265 307 334 394 418 446 486 543 546 607 702 731 795 852 883 945 963 999 1081 1097 1124 1152 1201 1271 1330 1392 1405 1416 1434 1524 1594 1661 1677 1700 1786 1871 1916 1969 2001 2050 2144 2183 2202 2233 2325 2330 2407 2488 2508 2566 2658 2702 2761 2825 2907 2911 2942 3021 3093
52 150 231 317 391 451 462 485 549 591 647 738 779 872 948 962 1042 1047 1069 1126 1188 1222 1268 1268 1281 1370 1411 1499 1556 1595 1612 1618 1682 1754 1804 1804 1899 1944 1961 2045 2080 2148 2190 2267 2293 2389 2455 2526 2595 2693 2778 2799 2839 2875 2927 2948 2990 3029 3107 3182 3261 3270 3329
31 105 154 195 250 320 351 388 450 547 551 601 648 653 719 805 840 890 987 993 1002 1057 1127 1138 1158 1167 1210 1242 1290 1317 1361 1440 1451 1510 1572 1603 1697 1744 1794 1841 1934 1944 1994 2048 2103 2196 2237 2238 2330 2362 2405 2430 2495 2558 2615 2660 2672 2723 2790 2884 2894 2962
19 49 108 170 233 266 323 404 411 424 490 579 606 668 721 733 765 819 898 984 987 1012 1037 1060 1144 1203 1257 1325 1416 1505 1566 1643 1719 1769 1804 1884 1917 2008 2088 2128 2203 2282 2294 2307 2388 2404 2491 2583 2602 2679 2753 2794 2855 2874 2899 2905 2918 2960 3014 3028 3051
78 175 219 255 317 359 432 497 584 679 679 685 764 775 791 867 959 964 1038 1092 1178 1190 1274 1304 1357 1453 1546 1624 1693 1757 1762 1848 1899 1911 1971 2056 2131 2163 2223 2305 2342 2377 2421 2437 2467 2555 2650 2654 2657 2703 2711 2775 2857 2919 2983 3021 3032 3098 3172 3258
1 85 103 137 178 273 306 392 473 480 499 526 614 638 707 802 833 851 858 928 1021 1070 1122 1167 1215 1267 1357 1397 1406 1467 1517 1531 1604 1665 1751 1785 1793 1826 1899 1971 2026 2035 2119 2179 2205 2291 2367 2380 2446 2468 2530 2539 2581 2631 2708 2775 2827 2875 2903
9 105 108 135 145 165 254 259 338 387 399 407 454 512 545 601 671 739 782 864 865 872 937 975 1048 1113 1192 1253 1323 1370 1436 1439 1480 1542 1553 1576 1671 1720 1727 1754 1840 1937 1946 2014 2101 2137 2156 2243 2305 2372 2384 2392 2456 2462 2524 2590 2627 2638
72 161 227 298 370 371 428 451 549 615 679 737 741 806 896 912 916 1011 1053 1071 1124 1218 1285 1295 1301 1385 1469 1470 1543 1582 1582 1642 1688 1749 1791 1837 1911 1978 2072 2106 2188 2281 2361 2387 2401 2493 2541 2549 2620 2663 2694 2712 2780 2831 2866 2882 2919
55 67 82 90 99 179 211 241 321 371 447 477 482 501 583 652 703 784 803 819 859 902 908 990 1061 1108 1141 1188 1280 1321 1365 1378 1446 1516 1570 1587 1674 1694 1772 1813 1877 1898 1953 1995 2074 2085 2178 2246 2338 2414 2499 2540 2637 2710 2788 2793
50 104 151 164 177 255 338 378 464 516 527 533 578 657 743 839 878 933 986 1049 1063 1141 1163 1242 1327 1371 1428 1490 1508 1573 1603 1607 1665 1754 1782 1825 1887 1951 2007 2025 2102 2128 2187 2209 2221 2268 2341 2353 2388 2411 2444 2533 2621 2669 2729
7 9 47 100 103 113 178 276 319 404 462 487 545 600 637 661 709 731 759 819 878 954 981 1078 1172 1270 1339 1376 1441 1488 1559 1594 1638 1664 1746 1822 1851 1892 1930 1986 2064 2095 2137 2211 2235 2295 2354 2431 2455 2461 2531 2589 2649 2737
49 94 148 232 242 335 417 506 524 530 616 667 741 753 811 853 930 938 1005 1007 1099 1194 1251 1263 1274 1320 1358 1387 1421 1501 1516 1572 1633 1675 1767 1818 1850 1863 1941 2017 2099 2167 2193 2271 2351 2383 2435 2435 2525 2620 2683 2699 2732
95 115 211 308 397 477 573 646 688 745 791 831 877 890 964 1058 1152 1190 1219 1299 1350 1399 1422 1464 1554 1574 1634 1647 1740 1754 1851 1908 1968 1985 2052 2098 2105 2142 2168 2183 2222 2292 2378 2454 2502 2515 2547 2577 2596 2691 2716 2764
18 60 62 130 158 177 211 309 322 388 473 508 573 581 611 615 642 733 777 832 886 972 1036 1123 1198 1283 1300 1341 1390 1417 1422 1465 1528 1611 1657 1702 1769 1819 1901 1928 2023 2088 2112 2116 2182 2274 2329 2369 2385 2408 2491
65 117 195 217 229 318 343 372 375 413 472 536 586 611 665 762 791 810 874 907 1000 1021 1069 1135 1210 1217 1239 1309 1357 1428 1437 1527 1611 1696 1767 1834 1843 1929 1946 2022 2084 2102 2166 2227 2296 2361 2391 2396 2441 2514
60 130 152 155 208 287 320 332 422 483 524 552 574 591 619 707 741 805 864 958 1008 1085 1123 1131 1193 1208 1233 1319 1399 1424 1516 1526 1604 1643 1696 1781 1796 1830 1861 1954 1995 2070 2125 2180 2213 2242 2321 2400 2486
37 105 184 189 251 272 282 302 399 465 491 567 595 640 727 737 779 831 884 947 961 1057 1102 1166 1185 1231 1285 1297 1395 1493 1555 1644 1710 1770 1809 1869 1936 2008 2021 2069 2118 2177 2227 2309 2398 2441 2495 2587
42 48 67 93 105 131 179 273 329 423 484 504 510 522 547 603 700 783 790 881 920 950 1037 1046 1106 1201 1266 1330 1425 1428 1467 1480 1541 1562 1598 1626 1654 1745 1809 1827 1839 1841 1891 1910 1953 1975 2017
43 76 82 131 205 240 336 426 436 523 609 618 696 741 752 808 906 986 1015 1101 1189 1263 1298 1342 1406 1477 1567 1590 1657 1669 1767 1834 1887 1918 1938 2007 2083 2102 2154 2214 2216 2261 2326 2378 2459 2501
28 36 65 108 190 279 309 381 452 471 482 557 565 587 608 629 718 762 803 817 855 857 922 988 1034 1059 1146 1150 1241 1248 1277 1279 1357 1430 1459 1507 1561 1562 1625 1673 1759 1764 1844 1873 1890
23 53 144 155 251 254 315 408 426 430 492 494 583 598 695 733 744 813 859 929 950 1021 1077 1117 1123 1126 1169 1205 1210 1254 1347 1355 1385 1430 1481 1530 1566 1650 1664 1709 1732 1785 1786 1797
53 130 148 157 197 248 261 338 345 418 502 560 585 642 649 702 706 727 816 908 998 1009 1049 1115 1171 1250 1319 1390 1444 1514 1597 1638 1725 1742 1759 1782 1789 1806 1846 1890 1952 1953 1966
50 69 101 194 231 302 377 475 479 559 628 631 724 760 784 870 941 1028 1037 1062 1091 1149 1169 1172 1197 1252 1261 1344 1433 1445 1510 1588 1659 1734 1764 1838 1900 1963 1982 2043 2136 2148
60 157 193 230 236 317 386 417 437 481 563 575 598 646 724 787 850 854 858 917 945 1023 1034 1055 1103 1126 1199 1217 1227 1303 1344 1375 1394 1486 1553 1562 1618 1651 1658 1683 1736
75 160 238 247 327 399 444 460 532 579 671 764 835 906 920 1006 1033 1120 1178 1231 1235 1276 1296 1375 1435 1473 1553 1609 1685 1738 1784 1835 1891 1982 2057 2062 2150 2166 2215 2313
69 123 212 228 299 378 428 464 544 638 728 729 789 805 895 966 1054 1120 1192 1224 1232 1325 1334 1391 1430 1453 1551 1638 1658 1697 1753 1792 1875 1906 1912 2005 2058 2143 2199
89 176 233 243 296 322 329 423 446 517 560 641 697 778 817 872 880 962 1040 1078 1155 1239 1334 1417 1479 1495 1550 1635 1709 1762 1821 1915 1945 2010 2015 2105 2161 2197
78 94 150 163 194 286 334 346 367 433 474 529 556 612 658 704 762 844 935 1009 1083 1137 1189 1255 1349 1412 1456 1490 1534 1626 1627 1714 1727 1797 1888 1912 1980
78 154 228 321 378 466 501 508 519 529 562 588 627 672 748 759 784 850 892 897 990 1002 1030 1082 1145 1175 1212 1235 1248 1296 1326 1385 1474 1529 1531 1563
76 153 163 198 234 264 293 308 379 417 467 525 617 623 721 748 799 809 897 972 1002 1029 1126 1160 1190 1228 1289 1372 1436 1481 1566 1599 1604 1640 1716
92 145 164 244 311 344 428 459 538 575 579 583 602 639 654 722 759 767 794 840 938 979 1053 1113 1206 1232 1285 1361 1378 1438 1523 1563 1599 1670
32 122 166 181 274 341 355 379 420 510 570 653 749 776 804 898 908 924 1014 1018 1082 1160 1171 1253 1286 1374 1398 1495 1542 1560 1654 1733 1805
24 54 91 163 175 244 248 294 345 399 460 484 521 533 606 610 708 712 721 734 806 835 859 947 1037 1055 1153 1190 1224 1293 1344 1437
3 34 94 117 148 172 178 272 307 332 406 467 542 566 576 657 706 761 838 860 877 894 918 984 999 1080 1166 1235 1259 1289 1336
90 99 174 246 293 391 424 474 481 533 550 608 678 710 785 841 904 983 1067 1137 1228 1313 1323 1368 1430 1478 1502 1518 1571 1600
22 32 40 125 136 138 179 277 297 338 391 462 560 646 658 664 706 755 775 834 885 967 982 1052 1073 1104 1122 1163 1235
77 173 178 236 304 342 375 386 393 490 513 594 654 701 722 780 844 884 888 966 973 1037 1059 1098 1135 1220 1287 1318
11 33 33 111 201 205 216 246 280 298 311 379 463 474 550 635 718 769 857 866 901 909 954 961 996 1053 1107
52 52 144 227 319 414 426 520 534 550 625 648 743 747 780 823 920 982 1048 1115 1185 1248 1325 1347 1431 1501
65 118 141 163 173 183 197 262 286 322 357 441 508 558 630 675 685 704 789 846 862 867 905 910 959
19 68 106 184 212 248 330 387 453 545 586 660 754 831 895 955 1005 1058 1117 1139 1193 1264 1271 1274
92 95 157 201 238 285 293 333 393 399 434 494 566 612 627 655 684 742 792 846 922 931 992
82 143 161 246 294 346 393 452 494 534 558 625 669 704 710 716 735 767 861 921 990 1070
11 55 73 168 196 287 288 374 375 433 500 513 583 598 670 718 778 779 801 872 966
8 97 154 171 235 295 379 424 432 438 475 524 608 671 702 787 877 883 892 960
86 174 234 258 339 401 409 500 558 582 591 625 625 722 745 750 833 869 943
55 109 121 207 214 296 394 402 487 545 560 651 697 710 727 792 855 859
39 93 140 238 269 346 378 426 462 468 486 487 502 571 665 725 802
33 79 99 153 163 217 307 324 364 455 497 517 519 566 652 712
71 121 140 163 179 232 272 290 332 354 438 501 550 559 631
42 78 134 147 205 233 324 389 438 457 541 553 614 666
3 21 63 63 111 163 239 309 339 384 387 413 423
39 84 182 194 216 302 323 365 376 410 473 539
49 143 195 221 312 316 323 354 423 462 504
13 79 142 239 309 332 429 442 533 534
20 34 124 146 190 259 296 393 398
30 52 137 220 247 286 373 376
66 71 169 227 288 319 382
54 117 168 179 235 251
4 50 90 91 95
73 165 187 277
94 180 224
73 85
93
