58
70 81 167 168 242 252 305 389 430 488 576 666 709 746 816 869 884 956 1046 1104 1179 1231 1252 1278 1280 1351 1374 1450 1523 1532 1593 1658 1673 1757 1819 1833 1866 1887 1951 1971 1982 2044 2054 2057 2098 2155 2175 2204 2254 2326 2332 2429 2444 2479 2543 2568 2577 2656
85 95 175 266 320 335 353 372 432 475 551 603 680 739 783 831 890 900 912 991 1087 1114 1129 1129 1209 1240 1286 1297 1329 1374 1437 1443 1450 1481 1501 1585 1671 1708 1740 1762 1795 1810 1824 1884 1888 1931 2026 2062 2114 2155 2201 2209 2272 2301 2334 2395 2466
70 87 94 109 197 234 249 307 310 385 401 452 480 529 626 664 686 719 763 777 811 859 901 915 1010 1031 1122 1166 1208 1270 1329 1370 1461 1522 1618 1682 1761 1793 1869 1890 1953 1967 2026 2026 2028 2121 2172 2219 2249 2263 2315 2352 2369 2393 2471 2550
47 138 167 188 282 375 470 534 586 684 688 777 840 924 973 1054 1074 1159 1193 1239 1239 1264 1340 1378 1456 1470 1552 1616 1616 1693 1751 1843 1878 1883 1948 1984 2019 2072 2138 2164 2237 2265 2361 2422 2429 2496 2589 2629 2681 2708 2718 2779 2860 2894 2966
99 177 253 326 368 377 475 562 567 646 733 824 913 948 950 1017 1035 1088 1127 1217 1223 1225 1313 1377 1381 1393 1452 1454 1529 1559 1610 1641 1669 1680 1712 1728 1808 1904 1915 1984 2064 2129 2180 2225 2268 2356 2388 2474 2516 2573 2573 2621 2632 2689
86 101 190 212 297 366 445 495 530 570 602 632 726 772 818 854 924 931 1020 1074 1166 1177 1193 1205 1280 1294 1305 1333 1400 1477 1503 1511 1549 1643 1668 1746 1841 1864 1887 1954 2038 2125 2153 2213 2271 2317 2384 2402 2473 2569 2584 2661 2755
22 109 149 243 276 322 397 477 513 569 578 629 678 722 769 829 846 860 889 919 974 1014 1016 1024 1069 1099 1160 1200 1233 1280 1315 1336 1391 1488 1522 1609 1636 1712 1797 1860 1885 1952 1988 2060 2082 2175 2245 2286 2339 2360 2366 2401
25 30 54 62 82 159 163 201 210 294 299 320 358 399 472 558 629 672 682 706 803 887 975 1052 1105 1134 1190 1267 1349 1421 1510 1608 1678 1744 1809 1819 1912 1930 1934 1994 2007 2045 2079 2110 2153 2231 2293 2350 2394 2488 2567
58 105 199 288 367 448 460 548 642 642 698 792 850 918 996 1039 1086 1123 1137 1182 1219 1248 1273 1312 1379 1467 1493 1516 1518 1533 1622 1713 1750 1769 1808 1886 1913 1951 1968 1990 1996 2043 2060 2115 2192 2279 2284 2324 2365 2430
90 120 152 193 268 282 315 356 414 419 473 528 623 642 670 673 697 718 719 775 803 885 891 906 967 998 1060 1156 1173 1187 1282 1327 1355 1438 1481 1508 1534 1553 1570 1586 1598 1673 1757 1788 1878 1881 1953 1990 1999
5 20 81 116 187 259 299 353 353 400 459 556 650 746 831 903 957 962 1025 1047 1135 1223 1292 1373 1398 1496 1499 1561 1622 1626 1631 1651 1686 1708 1786 1827 1882 1953 1959 1980 2043 2048 2085 2124 2205 2223 2269 2295
12 96 120 142 171 178 189 211 275 308 339 344 420 455 494 530 575 581 611 668 746 795 838 883 927 967 1053 1094 1142 1158 1187 1233 1277 1359 1435 1524 1544 1554 1647 1694 1722 1783 1856 1880 1891 1956 1971
98 184 268 301 304 359 399 426 495 583 676 741 755 793 824 910 966 1032 1069 1159 1162 1172 1195 1213 1241 1315 1404 1486 1522 1615 1693 1752 1759 1791 1803 1806 1814 1884 1944 2028 2124 2185 2225 2248 2324 2393
91 108 144 159 175 203 244 266 322 354 452 530 590 599 662 689 732 776 800 876 951 1004 1016 1099 1110 1195 1285 1337 1422 1432 1490 1519 1522 1588 1614 1657 1683 1731 1734 1783 1785 1815 1866 1907 1957
98 138 222 232 318 384 424 520 609 671 694 771 817 887 959 1037 1107 1203 1281 1345 1371 1393 1426 1431 1441 1529 1587 1625 1677 1712 1795 1863 1958 1968 1983 1998 2052 2065 2126 2161 2182 2200 2290 2321
34 53 108 198 245 286 336 387 421 506 588 616 682 694 778 806 893 957 1007 1067 1110 1135 1169 1249 1306 1309 1311 1387 1435 1480 1541 1565 1623 1697 1750 1788 1867 1915 1960 1987 2065 2097 2112
5 75 169 209 226 298 302 307 312 388 434 466 477 533 564 608 659 729 751 829 926 1004 1042 1085 1149 1154 1237 1280 1321 1411 1449 1523 1594 1661 1727 1732 1769 1855 1941 1976 1992 2024
45 115 212 268 324 417 431 516 547 606 680 681 749 772 823 878 900 988 1011 1060 1102 1128 1138 1142 1211 1244 1247 1307 1307 1358 1397 1437 1439 1524 1536 1548 1641 1717 1779 1866 1937
96 157 232 314 327 341 400 451 454 544 625 663 724 755 777 831 878 893 960 1050 1131 1190 1220 1227 1306 1319 1341 1360 1404 1427 1489 1535 1581 1631 1635 1694 1748 1750 1796 1858
78 121 182 263 347 424 483 561 608 665 698 767 848 939 965 1024 1055 1100 1133 1198 1263 1320 1321 1390 1434 1453 1483 1520 1533 1631 1670 1733 1808 1875 1883 1969 2001 2033 2084
13 14 111 136 137 163 251 302 368 457 490 529 558 591 657 742 806 900 927 974 984 1055 1077 1134 1198 1230 1260 1350 1378 1433 1441 1471 1503 1551 1641 1700 1711 1720
35 59 106 182 272 352 414 475 552 649 712 785 804 899 934 974 999 1019 1107 1160 1245 1266 1305 1335 1388 1413 1440 1443 1515 1515 1600 1649 1696 1756 1786 1871 1883
46 124 212 270 284 293 324 350 411 438 484 577 617 686 707 781 840 850 904 955 1018 1110 1159 1222 1278 1348 1438 1522 1595 1645 1724 1802 1868 1918 1989 1998
11 64 149 209 287 347 389 439 468 514 595 611 626 720 766 786 850 887 929 1000 1085 1153 1244 1275 1346 1400 1495 1549 1576 1583 1672 1736 1791 1847 1877
22 50 120 121 171 265 336 398 418 460 464 512 522 575 649 660 746 838 881 918 931 994 1090 1134 1221 1274 1317 1363 1454 1474 1563 1592 1682 1718
50 66 149 193 198 254 327 369 378 401 408 450 479 535 618 644 663 697 781 831 875 881 895 916 922 986 1082 1150 1181 1200 1235 1311 1360
8 82 158 173 201 257 321 361 414 448 495 531 579 600 684 762 772 812 847 915 945 994 1045 1053 1144 1159 1221 1292 1299 1307 1376 1459
12 93 185 266 284 310 311 395 443 487 564 604 637 680 692 753 766 769 781 836 880 975 987 1002 1095 1115 1177 1185 1257 1300 1385
23 110 208 294 386 422 449 545 638 673 699 739 832 856 933 934 1004 1021 1057 1134 1230 1273 1313 1335 1393 1452 1469 1491 1541 1609
61 99 196 218 270 321 368 432 521 562 636 701 706 747 805 815 851 938 1004 1017 1049 1068 1162 1257 1310 1349 1374 1376 1422
95 107 123 189 276 374 391 396 471 520 577 602 669 763 774 810 889 896 947 963 1022 1089 1108 1129 1157 1219 1259 1350
77 138 192 278 308 332 345 392 436 512 610 662 708 725 763 794 853 933 998 1013 1067 1087 1163 1261 1307 1361 1430
68 156 175 263 356 443 518 590 633 707 725 751 829 891 931 947 972 1019 1096 1103 1193 1240 1260 1306 1374 1434
89 181 229 256 322 348 414 494 589 617 700 776 808 839 901 971 1013 1106 1122 1166 1220 1257 1347 1403 1466
36 104 111 168 257 311 399 412 483 499 527 527 595 646 729 762 772 840 933 991 1023 1044 1103 1153
28 31 70 121 177 221 273 293 352 369 431 529 586 657 685 688 749 784 807 819 917 1006 1078
80 141 185 220 256 348 382 459 466 475 539 582 598 683 706 714 716 812 880 961 968 997
48 111 186 266 290 319 340 382 463 482 575 660 743 787 799 857 903 961 1045 1139 1152
1 95 156 249 343 414 445 489 573 580 590 637 715 774 795 880 893 896 941 1004
93 137 188 241 254 342 433 472 504 570 582 624 721 814 855 913 991 994 1014
49 82 163 187 257 308 401 444 452 541 633 710 713 773 781 783 876 952
30 111 141 170 214 269 301 374 452 456 511 536 611 702 768 807 881
22 70 128 151 234 297 315 399 426 433 515 584 636 676 697 751
34 102 172 192 192 238 250 323 374 430 524 606 654 727 787
86 153 201 273 277 325 330 334 368 377 387 407 435 522
5 81 129 208 247 327 332 416 449 489 552 558 622
47 72 133 158 160 237 293 366 429 432 447 523
4 58 112 199 229 316 386 469 490 540 610
61 137 156 181 206 246 334 346 366 400
14 89 151 164 235 236 296 393 487
33 33 47 66 87 135 200 264
29 94 173 234 314 398 469
91 99 138 170 225 264
99 109 173 182 193
93 138 171 248
40 105 129
87 173
60
