70
19 54 125 161 199 241 295 317 344 349 447 509 603 680 693 742 744 781 827 867 935 1021 1074 1114 1138 1182 1189 1283 1311 1328 1409 1457 1514 1594 1679 1701 1780 1870 1888 1943 1950 2010 2048 2094 2163 2252 2294 2354 2422 2440 2446 2474 2554 2631 2646 2648 2711 2808 2837 2838 2850 2916 3011 3022 3082 3167 3234 3286 3323 3341
43 57 144 223 304 341 411 483 484 547 579 671 693 722 818 848 922 933 955 1049 1051 1066 1076 1139 1140 1153 1154 1156 1201 1218 1246 1307 1398 1480 1569 1651 1693 1756 1847 1869 1943 2013 2044 2070 2144 2231 2294 2369 2389 2471 2503 2527 2564 2632 2634 2677 2735 2783 2860 2870 2916 2927 2960 3002 3076 3085 3136 3160 3196
61 159 177 275 328 351 370 406 457 460 485 569 662 705 710 757 760 799 828 904 971 981 1008 1101 1142 1152 1218 1265 1358 1393 1483 1554 1628 1655 1682 1735 1778 1864 1870 1949 2031 2037 2115 2164 2239 2266 2360 2400 2466 2510 2538 2546 2629 2667 2675 2681 2705 2792 2818 2834 2835 2861 2867 2921 2982 3069 3165 3232
34 59 115 186 238 276 294 335 357 438 518 538 561 572 604 659 724 749 784 785 867 932 1025 1054 1110 1139 1166 1254 1340 1398 1457 1474 1545 1607 1680 1757 1797 1832 1842 1875 1961 1983 2073 2163 2203 2209 2224 2290 2333 2388 2419 2508 2560 2575 2605 2690 2730 2802 2847 2921 2944 3037 3072 3093 3160 3205 3298
61 96 100 107 152 233 321 402 450 548 615 653 690 698 735 784 869 946 1025 1102 1131 1225 1232 1320 1330 1384 1400 1424 1474 1566 1605 1693 1771 1805 1831 1876 1925 2002 2041 2087 2177 2260 2266 2312 2322 2329 2425 2506 2602 2612 2687 2752 2803 2825 2827 2842 2930 3003 3026 3039 3058 3132 3167 3234 3321 3367
51 93 149 155 213 227 236 330 335 401 472 521 608 657 680 692 783 788 878 958 1010 1029 1029 1114 1195 1268 1358 1358 1401 1470 1509 1598 1601 1606 1635 1691 1740 1784 1875 1914 1930 1942 2002 2004 2083 2093 2161 2219 2304 2397 2428 2519 2592 2623 2657 2754 2788 2848 2920 2938 3036 3105 3189 3278 3356
21 98 177 217 252 280 313 379 460 518 609 676 733 765 792 882 893 898 933 935 949 1022 1056 1144 1157 1180 1213 1267 1344 1413 1493 1536 1598 1651 1733 1809 1826 1924 1925 1978 2033 2126 2132 2200 2219 2225 2234 2241 2264 2357 2404 2500 2566 2567 2591 2622 2678 2723 2736 2825 2863 2900 2911 2948
89 152 188 218 271 354 432 479 481 525 613 632 685 767 774 786 866 884 912 950 969 1063 1071 1088 1186 1273 1354 1357 1385 1411 1444 1516 1557 1610 1675 1767 1812 1872 1883 1971 2039 2072 2118 2197 2255 2307 2334 2386 2403 2457 2491 2521 2562 2591 2625 2698 2730 2777 2802 2815 2875 2951 2964
30 77 98 157 234 261 264 317 408 501 531 573 604 666 762 851 898 949 969 1053 1150 1180 1257 1318 1319 1353 1419 1505 1569 1652 1673 1694 1757 1773 1781 1844 1865 1929 2009 2074 2114 2207 2260 2261 2340 2370 2373 2395 2480 2564 2645 2696 2783 2806 2814 2873 2940 3005 3044 3114 3135 3212
88 130 134 178 184 268 347 409 471 494 587 660 724 730 778 838 883 945 976 983 1037 1110 1175 1264 1352 1356 1375 1447 1447 1485 1555 1613 1621 1690 1736 1745 1793 1879 1911 1966 1978 1985 2063 2086 2162 2162 2246 2331 2335 2392 2412 2500 2594 2638 2663 2698 2776 2856 2925 3010 3043
15 33 109 113 117 179 255 276 372 453 470 559 567 663 674 720 803 861 935 984 1046 1101 1185 1198 1216 1292 1387 1427 1514 1520 1540 1611 1688 1785 1801 1898 1952 2045 2137 2190 2284 2335 2387 2442 2470 2492 2588 2666 2684 2745 2772 2824 2868 2885 2922 2982 2991 3046 3092 3121
30 116 189 280 351 409 505 512 554 608 700 723 750 834 834 895 970 1066 1086 1111 1137 1143 1223 1302 1379 1434 1503 1542 1631 1647 1738 1836 1856 1897 1927 1947 2040 2115 2187 2235 2332 2363 2454 2508 2602 2650 2686 2749 2821 2861 2869 2952 3038 3064 3068 3161 3208 3298 3390
97 189 226 301 301 386 461 519 545 552 596 625 657 716 797 888 905 967 999 1066 1073 1118 1156 1225 1323 1361 1439 1444 1500 1545 1565 1662 1689 1699 1716 1788 1866 1924 1983 1991 2021 2049 2131 2218 2285 2361 2396 2474 2505 2553 2600 2640 2678 2712 2763 2861 2924 3004
44 63 86 162 168 232 303 394 474 567 645 725 767 785 881 918 948 957 1018 1024 1117 1139 1198 1233 1257 1285 1285 1370 1384 1458 1476 1547 1567 1590 1640 1692 1778 1832 1850 1899 1966 2050 2093 2099 2139 2147 2187 2258 2306 2385 2401 2417 2448 2525 2539 2601 2620
47 79 135 162 223 267 296 328 353 440 534 606 620 623 676 721 744 752 848 892 974 990 1017 1037 1064 1094 1174 1265 1346 1400 1431 1439 1479 1549 1564 1632 1637 1715 1745 1766 1830 1913 1949 1993 2068 2073 2104 2104 2127 2136 2158 2174 2207 2241 2304 2354
10 10 98 191 250 334 432 519 607 654 688 772 809 809 819 875 894 976 992 1047 1100 1156 1229 1270 1301 1377 1440 1528 1561 1607 1700 1767 1789 1809 1843 1870 1888 1945 2028 2106 2114 2206 2208 2304 2379 2413 2479 2502 2505 2531 2614 2645 2692 2723 2750
1 32 71 82 150 190 242 336 354 446 524 546 596 645 716 779 803 851 887 897 992 1011 1065 1117 1150 1206 1260 1260 1327 1368 1421 1421 1451 1489 1512 1574 1606 1703 1800 1801 1876 1958 2022 2086 2184 2214 2286 2362 2449 2541 2638 2702 2745 2798
80 162 179 243 243 276 310 315 404 461 465 470 519 547 577 610 687 693 723 813 873 960 1035 1056 1111 1129 1182 1241 1241 1317 1393 1440 1520 1552 1580 1618 1714 1775 1846 1935 1993 2021 2040 2056 2094 2120 2202 2258 2290 2354 2452 2500 2547
24 81 147 204 248 277 278 337 408 410 466 532 565 607 633 707 778 870 904 926 1021 1115 1205 1209 1290 1371 1436 1484 1570 1585 1605 1609 1623 1717 1812 1878 1948 1993 1996 2087 2166 2264 2280 2283 2361 2419 2432 2490 2550 2631 2690 2779
7 76 159 219 251 345 383 443 492 532 540 543 553 559 583 598 670 722 810 816 858 876 927 1020 1040 1133 1149 1220 1255 1348 1419 1440 1502 1510 1591 1609 1634 1690 1732 1782 1861 1912 1955 1971 2044 2127 2175 2259 2340 2363 2376
14 24 105 171 266 334 422 506 540 551 610 670 687 717 809 819 899 914 991 1015 1060 1130 1184 1282 1294 1368 1459 1511 1513 1605 1659 1724 1739 1783 1867 1921 1930 2026 2035 2042 2103 2116 2192 2194 2224 2253 2282 2306 2359 2425
36 54 75 147 216 291 347 438 506 509 550 607 667 738 754 767 860 949 1031 1062 1099 1103 1172 1246 1264 1317 1374 1418 1464 1481 1519 1573 1658 1700 1797 1891 1934 1946 1956 1971 1989 2038 2062 2152 2234 2322 2335 2431 2477
34 46 110 191 220 286 326 354 415 458 476 569 582 611 672 723 819 864 871 916 995 1028 1071 1093 1122 1138 1198 1276 1287 1291 1372 1425 1454 1492 1536 1605 1676 1736 1800 1823 1872 1950 1999 2040 2113 2135 2216 2244
72 151 188 251 335 415 497 530 592 626 627 659 724 801 868 965 970 1021 1098 1149 1205 1260 1267 1354 1388 1390 1391 1476 1569 1576 1592 1675 1709 1771 1844 1854 1922 1927 1980 2054 2107 2147 2245 2294 2308 2334 2394
34 108 194 228 229 268 321 362 445 456 552 641 679 681 752 828 887 929 931 993 1010 1017 1074 1151 1191 1281 1321 1327 1382 1434 1470 1545 1628 1663 1690 1730 1741 1756 1807 1854 1896 1955 2052 2150 2189 2250
4 89 155 188 244 256 296 304 385 480 578 625 716 747 843 856 944 984 1032 1102 1103 1183 1280 1289 1333 1351 1417 1463 1544 1607 1652 1721 1799 1871 1958 1991 2018 2105 2161 2177 2198 2248 2335 2417 2513
43 88 146 210 300 396 440 527 530 531 613 636 687 717 736 811 894 934 994 1073 1149 1229 1278 1342 1356 1421 1431 1450 1546 1566 1602 1606 1671 1763 1853 1894 1962 2033 2040 2046 2057 2134 2166 2243
59 140 156 206 222 247 344 425 473 543 618 683 758 845 847 856 953 1029 1064 1073 1164 1216 1258 1349 1378 1462 1557 1588 1658 1670 1755 1847 1902 1942 1994 2021 2097 2121 2206 2260 2305 2363 2450
73 92 157 197 223 252 267 357 411 474 534 615 700 736 756 784 860 863 868 877 928 999 1092 1124 1195 1238 1322 1380 1448 1483 1497 1544 1622 1666 1728 1732 1733 1805 1864 1962 1992 2081
73 83 175 235 273 281 289 382 467 467 498 543 552 595 689 740 815 898 988 1084 1165 1166 1186 1203 1270 1281 1342 1361 1369 1405 1478 1511 1580 1645 1721 1807 1872 1897 1932 2016 2113
92 102 126 143 198 258 352 438 505 586 603 677 754 833 892 979 990 1022 1094 1127 1196 1264 1285 1337 1356 1452 1457 1460 1508 1525 1602 1615 1666 1725 1786 1812 1838 1911 1938 1967
49 52 141 222 315 404 453 504 592 626 669 745 789 833 868 913 989 1001 1016 1041 1078 1133 1168 1188 1268 1318 1342 1355 1451 1537 1600 1638 1735 1744 1765 1825 1873 1901 1933
14 75 161 210 261 356 434 453 545 621 700 728 801 834 840 914 949 966 1013 1100 1129 1218 1221 1297 1367 1393 1448 1475 1515 1538 1558 1565 1610 1693 1696 1718 1763 1803
95 169 228 323 371 435 503 563 627 706 795 823 840 876 971 987 1055 1055 1057 1127 1218 1249 1276 1362 1398 1431 1475 1518 1613 1614 1628 1705 1768 1835 1871 1913 1981
51 145 175 249 336 380 402 420 483 489 556 633 655 689 699 762 828 918 1008 1104 1133 1161 1222 1296 1330 1418 1512 1517 1532 1566 1624 1709 1736 1751 1785 1817
98 171 208 215 287 313 337 409 506 592 645 662 738 818 891 957 1031 1066 1161 1205 1283 1353 1415 1496 1497 1581 1603 1645 1685 1745 1799 1872 1940 2020 2064
40 115 209 255 296 331 336 382 473 487 500 553 610 617 644 681 689 691 725 757 763 826 868 913 989 1037 1071 1123 1207 1224 1309 1364 1430 1524
21 103 120 124 176 243 269 308 387 423 453 476 564 573 638 718 740 787 823 827 910 984 1010 1026 1040 1115 1115 1137 1172 1183 1217 1278 1361
62 145 180 197 228 282 306 346 359 446 525 549 621 634 636 691 719 796 876 882 971 994 1014 1059 1114 1211 1228 1321 1408 1497 1514 1552
1 70 87 96 179 188 238 268 324 410 502 561 581 624 683 704 785 868 879 909 916 1012 1057 1107 1116 1119 1119 1169 1264 1337 1345
12 110 160 257 314 322 339 344 397 423 448 487 531 613 659 716 795 796 846 918 1015 1088 1164 1251 1270 1305 1396 1419 1433 1515
25 122 218 258 306 388 404 424 428 518 606 669 718 769 820 840 849 860 924 986 1013 1018 1090 1166 1249 1297 1311 1332 1414
5 21 48 125 178 242 335 368 409 468 540 632 644 729 825 879 904 973 1004 1021 1065 1146 1174 1180 1182 1221 1251 1291
43 115 150 193 208 219 262 327 380 435 448 468 565 649 698 700 790 853 889 969 982 999 1044 1092 1180 1187 1227
26 47 55 145 207 299 299 330 417 505 579 658 675 759 841 874 948 987 996 1066 1113 1164 1180 1258 1272 1301
28 60 142 228 315 345 417 493 498 541 606 635 710 756 831 850 854 874 932 976 1005 1081 1086 1094 1167
89 132 164 174 177 266 309 368 454 547 637 682 693 773 816 899 907 967 1062 1113 1117 1132 1190 1207
82 96 134 186 237 304 316 356 451 546 624 703 779 868 956 1051 1099 1153 1212 1284 1366 1397 1452
17 59 114 156 205 216 278 294 350 366 367 448 527 572 640 652 745 756 771 817 852 898
41 98 133 216 245 312 344 369 419 425 522 557 611 640 704 762 779 841 924 933 970
3 16 50 105 136 174 268 270 271 327 372 389 486 489 583 668 757 819 826 838
48 93 105 166 191 253 273 300 331 415 494 531 562 585 662 690 744 748 784
59 73 169 261 302 323 368 389 476 493 562 640 677 769 865 895 968 977
82 141 231 238 304 390 400 413 465 484 515 536 574 635 715 786 865
90 173 267 296 331 421 469 501 577 671 683 697 781 867 936 968
19 65 106 162 177 240 242 260 345 398 431 446 478 541 606
2 26 83 132 177 219 271 361 366 387 387 424 502 503
93 98 195 220 304 347 353 444 446 505 513 602 638
51 77 119 215 313 341 405 431 501 504 587 611
63 72 88 99 158 254 297 377 398 429 522
43 121 207 280 306 363 444 472 533 626
87 108 176 259 263 330 428 436 473
35 90 178 218 268 308 333 424
7 46 80 136 158 158 232
95 146 180 256 325 407
64 107 142 172 236
40 77 149 179
66 69 73
94 101
66
