51
42 122 215 241 322 409 415 452 494 505 574 672 727 756 826 849 853 856 926 980 1011 1021 1053 1118 1209 1221 1281 1295 1327 1404 1473 1518 1615 1673 1771 1802 1880 1919 2003 2028 2089 2148 2192 2205 2229 2262 2316 2375 2400 2449 2529
20 51 52 95 193 228 326 412 480 574 618 645 724 796 800 841 853 937 995 1074 1168 1198 1272 1340 1350 1392 1461 1537 1599 1610 1623 1638 1721 1728 1775 1822 1897 1982 2045 2117 2178 2260 2268 2332 2372 2444 2514 2545 2560 2594
14 80 82 137 147 218 293 329 367 384 446 493 502 503 545 594 645 656 727 811 876 893 968 992 1047 1053 1082 1144 1181 1192 1275 1347 1388 1389 1438 1444 1474 1494 1583 1627 1636 1679 1712 1790 1865 1867 1953 2008 2096
84 98 125 209 260 348 410 451 512 607 675 675 735 793 849 905 931 1016 1027 1057 1070 1096 1102 1125 1131 1133 1144 1216 1226 1232 1269 1276 1374 1447 1518 1543 1584 1659 1703 1796 1817 1855 1931 2012 2104 2178 2226 2265
69 76 133 156 239 301 379 473 511 546 556 637 694 777 790 814 890 961 997 1007 1096 1105 1135 1146 1209 1209 1237 1262 1314 1381 1402 1446 1483 1538 1627 1670 1671 1738 1763 1769 1830 1882 1979 1984 1992 1997 2007
32 51 126 220 306 338 396 482 545 594 663 691 783 806 872 930 931 961 983 998 1048 1113 1121 1137 1155 1233 1250 1307 1378 1436 1483 1549 1639 1650 1744 1828 1852 1888 1975 2064 2159 2184 2270 2309 2382 2402
3 55 59 82 123 221 243 259 308 344 401 478 517 549 575 619 706 735 773 801 892 892 905 912 973 1002 1025 1046 1081 1165 1240 1333 1428 1432 1459 1541 1639 1704 1764 1788 1840 1915 1940 1970 2046
26 63 96 193 247 324 348 422 516 579 662 701 701 732 783 828 873 900 927 997 1021 1031 1087 1111 1209 1297 1390 1465 1499 1593 1688 1723 1817 1914 1938 1985 1992 2081 2121 2213 2296 2306 2343 2421
8 87 104 199 260 340 380 423 457 525 601 695 737 787 852 925 949 958 969 1034 1097 1117 1170 1174 1237 1259 1260 1311 1350 1361 1438 1467 1531 1627 1724 1734 1768 1779 1865 1897 1961 2048 2108
35 132 147 161 258 320 406 413 477 488 527 622 653 660 758 773 868 960 1002 1046 1091 1188 1276 1341 1403 1427 1441 1495 1539 1589 1615 1624 1638 1667 1735 1783 1879 1958 1974 2062 2141 2219
12 63 151 181 194 269 291 328 331 344 415 455 481 549 619 667 674 738 830 873 886 895 946 1001 1024 1035 1052 1066 1121 1174 1176 1237 1252 1312 1346 1385 1414 1476 1544 1567 1583
95 147 181 238 283 380 466 494 567 648 650 699 728 740 800 812 892 893 906 943 1021 1090 1110 1162 1260 1283 1326 1412 1448 1474 1535 1560 1595 1625 1658 1756 1772 1830 1906 1948
74 87 176 187 212 218 299 386 453 541 574 642 670 740 812 854 925 930 996 1089 1133 1161 1183 1276 1288 1329 1426 1468 1554 1567 1582 1610 1697 1784 1870 1911 1946 2039 2059
28 47 60 101 123 172 207 300 333 356 383 422 454 472 529 563 573 612 633 731 779 825 890 949 1042 1119 1120 1196 1253 1334 1412 1446 1475 1491 1502 1515 1560 1633
45 67 154 184 220 223 278 349 392 478 560 625 625 643 693 762 831 857 923 957 1003 1059 1109 1183 1197 1239 1252 1323 1333 1366 1425 1441 1466 1517 1612 1615 1687
7 95 101 161 187 231 302 309 353 408 423 447 535 628 717 731 761 839 842 939 962 983 1020 1058 1154 1209 1288 1337 1375 1441 1527 1601 1610 1638 1643 1673
64 109 182 250 327 367 390 467 550 597 601 692 703 780 824 902 914 931 1027 1045 1052 1147 1194 1231 1326 1357 1418 1496 1575 1617 1653 1678 1738 1800 1824
6 31 84 108 132 137 155 229 290 313 363 423 470 477 561 627 698 776 794 882 937 1035 1080 1122 1139 1235 1308 1361 1420 1468 1558 1566 1602 1608
17 44 46 50 73 107 114 114 187 281 325 388 423 424 440 472 499 558 579 658 739 816 835 883 916 1009 1104 1112 1161 1206 1283 1330 1352
31 129 224 321 368 371 452 548 626 681 776 869 953 1018 1019 1022 1117 1207 1238 1277 1327 1336 1367 1373 1453 1498 1585 1664 1752 1795 1880 1916
12 63 115 115 129 153 174 213 237 251 330 345 386 416 442 537 557 632 638 675 750 762 812 860 877 941 1031 1072 1100 1141 1208
96 132 170 174 184 253 296 375 468 498 499 548 618 643 662 720 749 788 816 831 847 856 902 924 1011 1104 1162 1241 1262 1347
79 126 134 188 275 318 348 429 457 484 509 588 632 727 781 807 844 902 999 1044 1094 1122 1161 1195 1223 1294 1318 1406 1481
80 102 121 179 269 323 420 495 515 598 653 697 739 806 845 862 935 1021 1092 1178 1272 1338 1350 1440 1516 1607 1678 1751
33 65 121 136 206 279 298 379 450 537 622 646 690 707 735 788 805 836 896 936 1031 1034 1049 1113 1160 1234 1236
45 94 173 250 341 390 442 487 508 604 630 642 687 760 790 809 809 893 990 1060 1073 1118 1211 1288 1369 1401
65 117 185 188 221 278 331 425 456 496 584 657 660 739 821 878 928 986 1030 1118 1198 1283 1303 1371 1386
90 169 208 217 229 285 299 354 367 456 517 540 548 554 575 673 755 825 895 964 1036 1078 1092 1131
53 121 142 147 201 246 331 411 438 446 459 556 625 651 681 759 815 833 861 861 926 965 1062
54 118 155 165 176 197 278 363 371 396 400 482 527 609 696 778 806 863 907 1001 1059 1097
1 34 93 171 211 230 316 346 380 429 516 593 679 753 814 822 855 907 1002 1039 1077
92 103 111 112 177 189 278 314 333 389 476 507 537 586 597 635 696 779 859 882
62 82 129 144 196 219 313 389 441 500 587 638 718 805 861 950 953 963 1032
30 63 93 174 198 286 300 319 411 499 559 643 722 804 891 927 939 985
70 104 141 225 305 314 336 425 455 490 491 507 526 599 657 746 837
58 85 124 173 175 254 301 357 448 476 492 543 582 648 711 760
60 146 151 214 281 306 372 437 474 509 600 663 677 742 796
26 68 103 168 233 325 398 486 573 612 651 678 769 854
66 90 169 258 303 334 364 428 462 533 627 667 701
75 157 196 278 278 361 409 501 518 519 579 623
79 116 160 190 229 242 283 372 428 480 507
80 119 148 181 197 267 352 357 444 511
43 73 113 122 214 284 371 467 478
7 67 155 218 229 292 327 366
4 22 117 148 206 209 273
29 75 113 156 239 315
36 69 97 100 166
73 127 213 271
73 150 218
86 86
95
