80
89 103 154 240 273 284 318 343 383 463 549 616 649 701 779 873 931 1003 1064 1088 1106 1147 1205 1269 1337 1405 1482 1521 1590 1623 1642 1718 1802 1863 1892 1896 1985 1987 2056 2123 2123 2134 2181 2269 2349 2373 2449 2450 2494 2531 2560 2612 2614 2686 2715 2767 2820 2860 2913 2915 2942 3017 3019 3050 3057 3131 3214 3280 3361 3454 3457 3488 3549 3595 3659 3692 3760 3806 3817 3844
73 128 222 226 303 368 462 464 467 540 637 730 824 918 946 967 978 1035 1111 1182 1267 1293 1379 1412 1455 1459 1514 1548 1619 1682 1709 1723 1819 1857 1860 1875 1970 2012 2082 2133 2211 2255 2315 2354 2426 2492 2548 2604 2654 2680 2717 2720 2745 2843 2935 2962 3023 3038 3041 3050 3066 3144 3233 3271 3341 3347 3418 3433 3489 3570 3657 3726 3774 3810 3874 3922 3930 3951 4010
79 155 161 227 256 330 402 420 422 450 468 533 589 662 713 803 811 852 937 1023 1035 1040 1064 1070 1132 1201 1246 1248 1261 1358 1408 1449 1510 1544 1572 1611 1612 1663 1728 1807 1886 1936 1999 2073 2137 2197 2203 2242 2306 2360 2377 2387 2485 2517 2586 2589 2657 2658 2728 2766 2779 2857 2863 2885 2902 2970 3006 3009 3065 3085 3141 3159 3174 3209 3215 3246 3248 3290
22 89 175 227 274 347 404 480 553 631 693 789 818 831 840 884 981 1025 1115 1137 1219 1292 1307 1399 1482 1575 1575 1661 1675 1683 1708 1737 1776 1807 1893 1967 2000 2080 2129 2155 2209 2265 2315 2323 2361 2396 2445 2470 2566 2639 2699 2729 2759 2802 2884 2915 2959 3049 3108 3109 3173 3224 3295 3375 3432 3438 3448 3507 3548 3557 3578 3589 3678 3757 3833 3914 3946
86 150 156 187 284 324 352 401 473 521 561 655 668 720 796 839 916 980 983 1019 1107 1146 1182 1229 1233 1240 1252 1268 1284 1301 1364 1415 1431 1499 1513 1603 1629 1705 1754 1774 1868 1954 2025 2075 2164 2238 2245 2291 2367 2380 2428 2521 2521 2606 2643 2680 2766 2786 2842 2869 2920 3002 3096 3140 3194 3257 3282 3304 3391 3444 3463 3496 3512 3569 3597 3686
68 119 198 274 282 288 301 309 391 393 482 485 532 594 610 690 785 805 819 890 984 1015 1077 1110 1148 1233 1297 1382 1395 1395 1448 1491 1509 1557 1641 1689 1696 1718 1763 1778 1779 1850 1866 1918 1969 1989 2002 2091 2172 2179 2235 2237 2246 2287 2381 2472 2522 2548 2556 2644 2681 2725 2768 2774 2807 2868 2873 2959 3035 3056 3094 3106 3143 3153 3190
95 126 186 197 226 288 347 402 415 450 497 536 558 579 638 706 765 773 774 810 844 874 896 917 940 1034 1083 1114 1168 1171 1243 1314 1369 1465 1503 1531 1561 1575 1600 1639 1730 1817 1902 1960 1972 2040 2044 2104 2128 2147 2212 2234 2273 2315 2409 2420 2420 2428 2462 2472 2530 2554 2599 2630 2695 2720 2810 2832 2918 2951 3038 3072 3107 3156
79 140 145 178 193 290 310 344 363 395 486 516 597 645 714 752 843 853 949 1003 1051 1080 1145 1212 1254 1255 1304 1343 1406 1469 1519 1596 1627 1634 1639 1717 1797 1887 1980 2070 2095 2146 2171 2242 2258 2262 2352 2429 2448 2456 2462 2528 2567 2641 2649 2695 2791 2812 2844 2917 2922 2968 3021 3022 3056 3154 3229 3315 3340 3384 3385 3481 3515
5 35 105 172 220 257 347 445 480 556 610 616 684 735 793 841 923 926 926 1024 1122 1189 1207 1270 1355 1396 1460 1464 1525 1530 1566 1643 1709 1765 1814 1854 1899 1983 1995 2093 2156 2219 2254 2330 2347 2413 2479 2549 2583 2675 2676 2740 2776 2804 2806 2882 2948 3031 3071 3080 3125 3206 3262 3336 3398 3411 3466 3535 3591 3615 3665 3733
15 92 140 145 161 192 204 228 297 389 472 529 596 673 769 788 872 916 977 1043 1133 1146 1231 1258 1315 1386 1442 1470 1511 1566 1652 1696 1751 1842 1895 1982 2044 2078 2082 2135 2168 2216 2294 2360 2360 2431 2448 2465 2498 2522 2525 2562 2654 2747 2765 2786 2853 2912 2951 2975 3029 3112 3181 3229 3230 3264 3298 3348 3397 3470 3495
87 101 171 207 223 262 332 382 464 512 596 652 667 708 733 755 783 838 901 919 1015 1065 1092 1117 1198 1212 1309 1403 1459 1522 1577 1606 1642 1686 1711 1738 1799 1884 1931 1988 2001 2018 2062 2098 2127 2152 2170 2207 2210 2242 2275 2301 2323 2400 2413 2460 2497 2499 2529 2590 2591 2684 2780 2821 2823 2834 2875 2920 3018 3054
82 150 240 310 393 473 515 543 638 715 799 851 923 939 948 1030 1106 1111 1194 1215 1256 1336 1351 1372 1395 1455 1518 1560 1563 1572 1625 1711 1777 1864 1942 2028 2068 2118 2173 2206 2291 2315 2412 2431 2479 2546 2548 2556 2619 2654 2735 2806 2806 2830 2893 2920 2990 3044 3132 3144 3200 3254 3338 3367 3367 3456 3485 3575 3589
24 121 138 168 201 253 333 419 497 575 669 695 745 817 821 854 937 984 1072 1152 1218 1244 1291 1297 1338 1428 1478 1570 1590 1663 1720 1779 1782 1817 1871 1949 1980 2019 2055 2127 2196 2247 2326 2358 2392 2473 2488 2516 2588 2685 2763 2774 2783 2794 2810 2828 2880 2880 2917 2977 2977 3009 3014 3108 3123 3194 3213 3300
21 56 86 134 216 284 379 432 471 493 540 571 597 681 748 771 838 902 938 954 1044 1120 1192 1228 1247 1255 1353 1450 1457 1497 1576 1602 1670 1673 1722 1741 1824 1835 1910 1982 2075 2161 2249 2296 2299 2308 2331 2419 2517 2606 2676 2757 2839 2858 2892 2945 2984 3070 3123 3125 3169 3180 3183 3254 3276 3363 3396
48 107 200 243 324 418 473 550 594 675 684 694 785 817 890 923 982 1055 1116 1214 1274 1370 1412 1441 1444 1464 1553 1603 1614 1707 1726 1793 1848 1864 1932 1959 2041 2055 2146 2242 2285 2347 2402 2490 2513 2582 2670 2747 2797 2832 2902 2940 2955 3050 3080 3111 3165 3209 3221 3302 3342 3412 3426 3506 3530 3615
19 67 152 246 292 368 399 469 523 540 622 703 795 805 819 875 922 946 1024 1040 1128 1142 1212 1264 1317 1370 1433 1443 1512 1564 1658 1676 1738 1761 1773 1821 1868 1962 2013 2062 2107 2158 2238 2252 2278 2360 2433 2484 2513 2535 2565 2571 2615 2694 2718 2718 2737 2756 2852 2897 2966 2972 3040 3129 3185
67 157 219 236 310 314 380 383 425 461 544 560 652 660 714 799 894 946 1035 1042 1115 1162 1227 1278 1308 1372 1448 1529 1545 1550 1645 1728 1818 1878 1972 2024 2111 2162 2173 2209 2249 2328 2405 2474 2560 2616 2639 2661 2667 2706 2764 2832 2922 2955 3003 3031 3062 3062 3141 3198 3296 3319 3371 3439
8 79 154 195 246 264 355 442 530 578 635 717 773 792 827 904 913 1005 1086 1094 1167 1198 1265 1320 1388 1433 1433 1468 1488 1488 1489 1557 1575 1653 1658 1710 1741 1822 1866 1901 1932 2021 2075 2110 2148 2200 2290 2315 2375 2403 2496 2583 2593 2645 2716 2797 2879 2932 2988 3021 3112 3187 3188
74 102 154 211 253 291 375 395 485 492 554 626 714 736 811 824 898 908 972 976 1028 1062 1129 1150 1234 1244 1331 1368 1426 1500 1546 1583 1591 1627 1692 1770 1818 1849 1875 1971 1971 2022 2053 2141 2230 2267 2330 2376 2441 2448 2482 2577 2612 2639 2645 2650 2726 2811 2827 2833 2834 2908
69 83 115 154 162 246 339 354 417 489 533 631 701 749 821 886 940 996 1072 1166 1243 1265 1317 1338 1392 1424 1432 1475 1496 1590 1623 1666 1724 1784 1824 1853 1925 1991 2076 2117 2133 2199 2238 2316 2385 2458 2509 2541 2584 2614 2633 2650 2695 2701 2701 2788 2849 2884 2942 2951 3042
11 26 107 197 218 277 374 437 521 538 550 612 633 665 683 702 757 784 795 879 957 994 1003 1098 1144 1210 1262 1298 1362 1409 1417 1445 1474 1562 1598 1600 1671 1723 1752 1848 1918 1983 2052 2090 2091 2099 2138 2162 2218 2303 2324 2417 2451 2463 2473 2570 2581 2597 2679 2723
97 120 183 219 221 301 303 386 388 405 417 510 539 627 635 676 765 850 914 1012 1023 1118 1148 1192 1240 1296 1345 1376 1417 1423 1518 1530 1556 1626 1720 1758 1805 1808 1824 1915 1941 2026 2048 2137 2176 2209 2276 2302 2398 2414 2425 2489 2518 2529 2582 2650 2747 2768 2825
81 129 199 254 279 351 363 379 437 498 549 617 654 735 757 797 821 868 898 933 942 991 1078 1170 1224 1310 1379 1429 1489 1570 1656 1715 1760 1778 1809 1879 1906 1982 1983 2025 2059 2067 2073 2166 2259 2286 2314 2353 2403 2478 2567 2610 2673 2674 2696 2717 2726 2762
94 123 193 209 280 359 388 396 492 589 613 613 637 718 730 753 785 855 947 989 1026 1117 1146 1160 1173 1245 1269 1293 1365 1368 1446 1544 1633 1676 1687 1730 1758 1795 1845 1887 1942 1983 2061 2089 2095 2135 2180 2195 2273 2302 2325 2355 2373 2437 2468 2496 2578
51 136 149 179 224 249 320 370 465 518 544 585 634 666 691 772 825 839 903 906 928 930 995 1073 1116 1154 1166 1241 1265 1298 1351 1414 1465 1562 1646 1666 1715 1732 1751 1800 1835 1860 1910 1943 1971 1981 2008 2045 2075 2088 2126 2133 2161 2215 2241 2290
37 83 118 164 197 224 322 330 425 499 577 578 591 623 704 752 807 824 846 902 987 1013 1103 1165 1181 1198 1295 1339 1393 1479 1502 1594 1669 1686 1753 1754 1802 1814 1856 1909 1960 2047 2102 2167 2200 2260 2327 2417 2515 2594 2663 2665 2693 2729 2762
87 89 117 134 208 304 395 445 541 616 694 792 841 866 957 993 1010 1043 1108 1204 1245 1245 1245 1303 1308 1361 1379 1423 1515 1574 1672 1714 1737 1763 1768 1855 1946 1989 2060 2136 2167 2168 2186 2226 2254 2272 2360 2365 2370 2374 2376 2383 2472 2477
55 66 70 125 128 144 230 312 401 477 544 619 687 713 739 822 859 900 951 1010 1094 1118 1135 1211 1235 1278 1284 1353 1398 1411 1419 1453 1496 1544 1630 1719 1777 1859 1935 2029 2116 2183 2183 2261 2358 2426 2467 2470 2483 2540 2636 2643 2725
8 29 73 111 129 222 308 310 373 399 467 559 629 661 745 816 872 960 1047 1131 1148 1234 1250 1281 1355 1390 1470 1495 1503 1594 1642 1721 1785 1872 1941 2014 2083 2107 2166 2209 2235 2244 2334 2369 2414 2425 2440 2529 2607 2691 2748 2827
5 83 98 166 190 229 325 341 389 434 464 465 561 654 740 826 834 874 907 1003 1098 1154 1230 1247 1262 1331 1337 1353 1361 1420 1509 1590 1661 1669 1714 1779 1801 1822 1849 1882 1888 1937 1989 2018 2042 2092 2129 2169 2185 2254 2261
48 131 134 134 224 315 358 384 400 425 468 540 552 592 686 715 753 844 923 964 1000 1080 1161 1219 1231 1319 1327 1379 1388 1437 1458 1479 1522 1549 1563 1592 1614 1677 1730 1824 1836 1871 1871 1955 2050 2148 2188 2217 2282 2360
52 62 155 198 200 236 286 342 387 450 524 556 646 714 804 885 980 1016 1097 1180 1184 1258 1346 1408 1437 1445 1516 1529 1563 1624 1704 1757 1764 1765 1846 1883 1941 1967 1975 1987 2066 2066 2095 2161 2217 2298 2351 2381 2463
82 132 216 295 371 459 514 576 594 680 695 741 825 902 907 956 1028 1115 1191 1270 1281 1288 1353 1413 1495 1569 1589 1673 1722 1778 1848 1894 1921 1944 2009 2064 2121 2134 2215 2282 2368 2464 2477 2510 2518 2532 2578 2595
89 97 145 225 246 274 319 390 426 447 483 504 600 683 710 802 834 931 931 1019 1042 1066 1100 1146 1230 1298 1380 1415 1496 1497 1508 1591 1594 1640 1651 1712 1747 1761 1765 1799 1876 1966 1995 1995 1999 2079 2123
63 114 199 229 248 272 313 337 373 452 526 602 678 687 699 753 807 877 897 993 998 1076 1140 1155 1155 1176 1189 1274 1311 1404 1450 1539 1567 1602 1609 1685 1757 1816 1860 1947 1953 1985 1986 2001 2068 2104
80 135 208 248 298 304 381 405 443 518 574 654 678 738 774 812 856 908 908 943 1030 1054 1113 1186 1261 1341 1401 1407 1449 1540 1540 1598 1693 1707 1723 1784 1857 1871 1904 1991 2046 2050 2075 2138 2212
87 167 221 318 360 381 474 543 578 651 710 740 822 861 917 1015 1088 1142 1159 1171 1220 1311 1386 1418 1484 1492 1528 1621 1657 1721 1796 1819 1883 1923 1931 2016 2107 2174 2229 2327 2367 2460 2515 2583
94 111 150 234 331 420 518 556 563 608 633 710 792 813 895 987 1023 1085 1106 1141 1209 1280 1289 1338 1393 1447 1505 1536 1580 1663 1710 1717 1752 1753 1755 1778 1851 1907 1947 1991 2043 2098 2145
71 120 199 283 330 416 464 560 647 690 701 718 804 814 839 878 913 936 1025 1093 1117 1169 1201 1297 1341 1423 1505 1528 1588 1659 1696 1772 1856 1889 1961 2011 2027 2120 2197 2199 2266 2272
85 123 180 232 292 323 408 432 477 574 629 641 730 795 881 957 1041 1115 1188 1262 1299 1344 1441 1504 1577 1608 1621 1704 1750 1777 1845 1889 1986 2008 2089 2094 2169 2233 2299 2366 2430
62 156 156 239 290 294 375 438 511 543 634 671 751 753 801 844 871 888 893 974 1039 1135 1157 1200 1269 1304 1311 1333 1398 1472 1515 1564 1598 1598 1626 1683 1776 1828 1923 1924
40 85 160 215 224 319 381 402 487 545 573 620 621 686 756 851 879 933 955 1035 1093 1104 1121 1204 1238 1321 1348 1442 1467 1470 1556 1622 1664 1741 1742 1783 1835 1921 1979
37 38 72 118 158 177 274 369 388 475 513 551 622 684 776 798 836 865 885 934 942 1022 1054 1149 1163 1164 1220 1285 1365 1394 1487 1542 1640 1652 1748 1823 1913 1913
28 100 156 245 285 346 392 488 527 593 658 692 735 808 852 939 967 1001 1080 1154 1221 1307 1400 1454 1498 1546 1553 1560 1619 1668 1733 1754 1848 1898 1935 1955 2031
23 114 188 271 300 304 313 358 452 540 613 700 787 872 947 1002 1007 1041 1085 1158 1158 1196 1216 1309 1337 1402 1460 1513 1562 1637 1650 1672 1741 1770 1778 1844
61 137 198 276 308 366 425 442 454 492 553 576 657 746 750 780 828 887 919 952 1043 1068 1148 1211 1272 1341 1388 1399 1476 1491 1494 1533 1615 1704 1751
53 81 86 153 184 219 245 279 315 317 401 445 512 512 530 601 667 708 718 776 870 922 925 977 1013 1056 1095 1162 1225 1316 1350 1415 1453 1497
14 27 82 140 167 212 229 301 375 439 489 528 576 589 634 636 664 720 748 805 846 847 896 977 1002 1004 1010 1063 1147 1213 1280 1346 1351
11 37 89 185 276 324 343 395 463 517 532 599 677 756 774 788 823 874 956 992 1005 1068 1099 1132 1138 1186 1193 1197 1241 1270 1270 1304
69 152 213 294 314 384 476 519 570 632 685 763 799 836 893 934 989 1051 1062 1085 1144 1195 1248 1301 1373 1449 1510 1544 1586 1656 1730
91 185 267 268 277 296 381 446 454 461 527 577 643 645 692 703 718 789 860 950 973 1025 1066 1096 1113 1209 1298 1395 1400 1447
4 45 143 237 323 382 471 498 553 582 623 650 720 793 796 833 930 1019 1095 1131 1224 1272 1313 1366 1391 1457 1540 1606 1699
74 102 198 288 358 373 442 507 602 623 653 749 749 820 820 905 968 1012 1064 1099 1125 1127 1128 1185 1261 1324 1397 1449
87 136 205 210 222 225 298 359 417 449 464 466 506 591 651 742 757 820 829 861 892 920 924 991 1066 1067 1076
97 142 207 272 302 343 390 476 526 538 547 554 557 577 655 684 770 867 913 1008 1085 1118 1131 1167 1208 1269
80 174 233 248 263 269 325 415 420 451 481 481 520 618 682 723 738 809 868 961 974 974 991 1033 1086
62 116 151 205 264 316 324 332 405 443 486 510 541 633 659 681 704 781 834 860 944 1035 1079 1147
94 131 170 202 221 227 248 292 324 400 425 477 533 548 646 650 687 773 854 896 918 987 1021
45 79 139 155 197 212 298 329 337 378 476 514 579 648 718 771 804 829 891 917 926 1021
88 123 169 198 247 320 334 345 405 474 556 563 587 611 666 728 738 827 876 909 979
95 172 208 247 276 301 309 396 481 541 589 627 712 807 849 879 961 983 1012 1059
59 90 122 197 230 297 390 428 502 599 631 664 697 764 859 907 918 925 1017
89 161 235 314 358 453 550 561 653 746 828 834 856 954 1024 1072 1152 1176
17 90 140 157 200 249 279 280 347 373 419 454 504 544 602 676 732
54 146 224 307 328 384 401 444 507 594 656 720 756 817 915 987
62 101 119 173 214 277 345 388 388 475 480 491 548 601 609
45 73 151 172 239 242 249 331 423 449 502 593 652 679
6 85 126 143 147 195 286 301 395 421 421 506 545
2 33 130 216 219 230 290 297 378 426 462 543
42 89 97 138 235 324 421 473 484 546 641
57 110 203 223 268 354 425 475 552 623
34 96 125 143 206 211 304 395 404
46 128 196 255 283 363 432 504
73 80 139 151 199 216 267
88 143 236 321 350 408
83 122 149 246 263
31 74 84 149
54 73 171
70 129
20
