23
9 90 169 249 309 323 327 386 418 503 599 650 706 795 846 869 912 1006 1096 1149 1208 1270 1288
31 42 61 142 218 271 325 387 435 528 608 696 699 768 779 873 953 1042 1123 1153 1153 1186
96 121 138 203 207 230 267 353 356 453 486 558 610 661 718 721 743 757 774 835 867
44 114 204 234 279 317 393 451 469 557 632 663 691 748 778 796 830 838 922 944
54 117 196 249 259 274 278 281 314 371 455 547 597 635 665 691 758 831 882
15 61 96 112 191 282 314 373 421 485 501 585 590 598 626 716 737 766
7 64 122 132 207 239 268 356 404 446 459 554 613 682 734 807 844
30 110 176 233 305 320 349 439 503 596 601 668 730 795 847 917
19 30 87 90 161 175 184 209 236 298 384 386 473 561 591
78 120 154 181 267 350 397 411 462 510 603 618 673 717
8 106 142 224 263 275 290 354 387 417 493 526 534
19 63 115 163 182 206 232 234 304 314 320 403
78 78 85 149 172 173 258 331 386 396 493
82 110 121 193 274 323 421 474 515 603
61 74 136 150 181 181 183 195 243
47 121 170 190 246 273 315 362
34 38 119 207 260 299 385
36 90 149 179 246 276
14 34 95 108 185
63 95 123 135
92 148 160
75 105
83
