56
28 29 111 173 253 258 354 441 445 498 545 612 685 690 742 795 864 926 949 1043 1112 1185 1206 1236 1241 1291 1324 1412 1504 1571 1585 1598 1613 1619 1711 1763 1833 1919 1927 1971 2036 2116 2134 2173 2250 2265 2284 2367 2414 2491 2551 2565 2599 2645 2660 2733
94 114 210 226 251 255 320 412 433 445 485 486 562 605 632 720 735 825 831 907 954 999 1070 1082 1133 1190 1279 1296 1371 1468 1509 1533 1588 1593 1609 1686 1740 1794 1851 1949 1950 1973 2063 2145 2194 2292 2342 2359 2395 2398 2419 2434 2481 2559 2596
35 102 116 159 235 284 323 358 407 462 547 568 625 625 664 671 724 795 860 906 977 1024 1077 1128 1203 1278 1338 1350 1439 1489 1557 1585 1678 1720 1803 1893 1959 1977 2034 2050 2117 2132 2199 2274 2314 2401 2449 2468 2491 2499 2581 2623 2656 2692
81 175 225 259 287 348 378 418 462 500 580 661 683 717 767 822 830 918 960 980 1054 1131 1134 1191 1235 1313 1330 1378 1422 1469 1505 1601 1621 1645 1727 1803 1895 1977 2042 2050 2051 2098 2127 2178 2189 2197 2290 2332 2354 2393 2476 2487 2540
63 86 141 201 259 357 441 482 548 591 605 693 763 818 842 902 929 948 1003 1013 1032 1059 1134 1184 1270 1329 1398 1495 1536 1586 1677 1752 1847 1919 1955 1961 1976 2050 2123 2209 2246 2258 2342 2414 2462 2560 2618 2682 2761 2774 2867 2883
2 2 40 104 178 182 221 232 283 329 352 383 461 482 549 605 692 788 816 828 860 862 874 904 960 1051 1072 1127 1185 1250 1293 1323 1350 1379 1462 1558 1568 1650 1711 1715 1725 1749 1772 1804 1852 1888 1912 1975 1978 2045 2065
75 135 198 212 305 383 442 454 461 479 569 602 643 657 692 705 720 790 837 891 983 1027 1107 1181 1195 1269 1349 1439 1487 1554 1588 1671 1723 1784 1833 1845 1908 1991 2064 2155 2170 2215 2216 2220 2224 2286 2376 2464 2473 2536
46 94 161 223 285 303 336 399 415 473 477 553 643 652 695 707 712 753 767 788 839 916 1012 1072 1078 1080 1131 1189 1204 1238 1324 1355 1380 1460 1548 1609 1668 1716 1785 1837 1934 1967 2063 2072 2150 2198 2270 2293 2367
46 138 168 227 276 368 391 401 487 568 640 710 736 818 871 898 996 1082 1098 1111 1138 1160 1177 1258 1283 1348 1373 1458 1470 1550 1589 1589 1663 1681 1710 1721 1766 1829 1851 1868 1892 1963 2020 2088 2098 2148 2188 2280
62 128 219 227 297 311 375 393 451 469 540 587 657 690 728 747 838 914 939 1002 1063 1155 1239 1265 1356 1419 1474 1544 1624 1690 1727 1781 1814 1817 1853 1930 1985 2073 2109 2164 2226 2263 2342 2387 2438 2456 2492
66 134 168 176 201 256 342 408 442 516 593 677 756 756 785 811 859 948 992 1072 1072 1091 1104 1113 1151 1230 1304 1369 1378 1422 1467 1544 1613 1697 1719 1769 1816 1859 1929 1994 2027 2095 2096 2154 2201 2285
58 80 84 102 113 154 157 212 286 381 389 447 503 532 546 642 684 730 792 820 867 877 906 1004 1096 1103 1116 1194 1289 1353 1426 1440 1534 1608 1654 1664 1757 1776 1834 1854 1937 1977 1980 2038 2116
54 134 152 218 276 345 347 432 464 484 542 569 624 686 704 797 877 883 907 911 978 980 1052 1108 1206 1293 1322 1393 1416 1475 1523 1534 1542 1623 1694 1782 1848 1858 1870 1956 1998 2010 2026 2089
8 73 83 85 153 188 199 270 288 377 394 427 476 533 587 677 736 744 752 844 890 921 1008 1016 1070 1075 1151 1224 1276 1320 1344 1361 1455 1456 1543 1637 1707 1710 1741 1744 1822 1848 1913
34 57 139 169 187 281 361 383 422 425 517 564 606 648 717 741 777 834 841 937 961 1043 1090 1184 1204 1223 1316 1316 1345 1382 1410 1461 1494 1555 1577 1626 1678 1693 1694 1782 1814 1816
77 175 205 288 305 395 437 477 510 515 559 630 708 788 789 816 857 948 950 964 969 984 1069 1153 1238 1300 1310 1347 1439 1454 1482 1531 1572 1617 1653 1720 1777 1798 1825 1887 1891
82 138 232 298 304 332 424 450 489 581 647 713 722 734 832 858 938 971 983 1058 1074 1131 1165 1251 1301 1343 1359 1454 1526 1624 1697 1743 1760 1823 1846 1926 1969 2033 2130 2207
40 138 220 235 325 332 429 476 552 636 661 727 742 761 793 859 897 953 1040 1077 1086 1126 1134 1170 1232 1320 1379 1462 1531 1580 1589 1656 1696 1729 1817 1871 1903 1941 1996
94 173 222 222 301 349 433 436 513 601 606 678 757 762 764 847 942 968 1044 1085 1125 1202 1289 1368 1385 1442 1481 1522 1603 1613 1656 1686 1749 1826 1862 1949 1973 2032
97 184 248 293 331 427 449 494 503 505 598 675 771 810 816 877 937 981 1075 1136 1210 1245 1339 1353 1385 1453 1551 1572 1641 1721 1729 1730 1803 1820 1838 1848 1875
23 82 102 158 207 250 295 333 395 434 465 483 505 520 602 625 721 805 847 933 1031 1117 1134 1137 1137 1172 1206 1207 1209 1285 1326 1392 1435 1516 1549 1563
97 106 124 137 186 278 283 369 389 428 438 524 612 653 654 716 750 814 848 855 859 866 900 939 978 1003 1062 1132 1218 1293 1388 1408 1408 1409 1451
53 129 143 150 209 233 309 404 499 506 555 560 643 714 728 826 903 989 1010 1090 1109 1120 1215 1260 1336 1355 1380 1411 1498 1596 1668 1693 1707 1759
51 125 128 137 218 264 358 439 532 614 663 756 820 916 945 1019 1091 1152 1196 1276 1343 1378 1420 1455 1470 1536 1536 1552 1581 1613 1684 1706 1752
53 111 143 200 233 288 367 421 489 517 581 674 749 750 777 829 909 997 997 1061 1091 1142 1212 1233 1277 1289 1349 1367 1455 1483 1546 1585
96 133 168 220 300 369 467 473 479 540 577 602 640 692 732 782 828 830 831 892 977 982 1070 1089 1100 1152 1177 1216 1295 1297 1384
69 137 157 203 265 343 393 466 491 540 602 646 673 723 788 833 883 958 958 962 1038 1056 1084 1175 1257 1285 1303 1390 1424 1474
36 80 146 189 251 324 354 425 459 530 610 672 690 698 716 750 792 797 833 931 1006 1016 1092 1096 1163 1179 1257 1318 1400
9 102 103 196 210 275 279 370 383 428 494 570 664 703 720 803 833 895 970 981 1000 1085 1136 1225 1234 1308 1388 1478
31 104 192 280 314 368 465 529 540 631 673 679 724 770 797 856 936 1003 1098 1187 1284 1353 1367 1384 1403 1478 1559
78 149 178 217 306 343 373 470 520 615 619 679 733 820 889 949 1024 1055 1069 1148 1231 1233 1258 1347 1382 1468
97 150 179 252 330 375 420 472 521 558 633 711 720 803 857 863 931 1004 1097 1124 1145 1212 1254 1277 1358
10 80 142 212 212 306 355 406 460 500 583 648 656 727 819 907 994 1076 1099 1164 1216 1276 1339 1369
76 110 158 223 308 330 381 404 459 526 527 586 623 635 666 748 787 847 932 934 978 984 1002
47 109 175 257 311 329 427 481 494 561 612 618 634 677 774 806 870 893 932 1026 1067 1086
3 57 145 230 258 308 358 398 467 503 573 667 671 766 791 797 867 912 997 1006 1045
86 170 249 279 346 423 497 571 623 690 766 821 851 867 900 997 1079 1152 1238 1296
43 100 176 272 310 334 382 433 519 589 609 626 637 719 763 810 854 931 961
87 102 183 229 261 314 370 452 500 520 548 636 673 687 731 789 855 876
96 184 271 289 321 398 420 457 471 564 615 646 677 749 754 814 842
78 141 144 192 282 363 402 469 528 570 581 605 656 710 799 881
80 176 233 314 336 354 409 489 585 602 685 735 775 860 862
45 70 124 164 240 315 332 378 421 439 523 606 634 660
29 51 71 153 220 231 309 357 443 535 617 644 732
40 131 164 169 254 322 378 456 470 545 559 561
84 87 185 229 290 329 339 411 444 489 557
65 134 164 178 212 218 236 308 389 412
63 75 134 225 257 305 390 446 470
42 42 70 161 201 277 335 422
92 190 258 343 362 381 387
90 124 211 300 376 405
89 129 142 233 303
35 101 185 279
83 132 186
2 92
52
