21
46 135 223 246 340 429 460 495 555 594 670 766 795 822 897 956 1047 1128 1215 1288 1352
7 11 18 89 98 195 279 327 416 432 433 489 561 650 724 783 861 947 1026 1079
10 82 127 130 161 168 234 315 371 415 488 532 604 664 712 783 836 920 943
74 158 198 223 230 260 352 395 406 498 596 644 733 814 868 922 976 1012
40 96 157 190 244 265 321 341 388 472 519 610 633 644 687 754 800
78 125 206 222 268 340 384 399 472 527 603 644 677 702 789 801
89 116 122 139 233 271 278 341 421 498 562 624 695 761 840
78 83 99 190 228 250 250 286 378 434 456 512 529 544
95 124 194 290 348 362 451 546 609 695 721 794 818
62 76 121 210 274 359 384 416 490 586 620 703
73 73 142 183 217 236 291 363 460 534 617
19 60 149 194 236 246 298 372 405 421
49 49 140 198 230 260 262 349 439
65 113 165 176 234 288 356 404
29 36 68 155 181 233 255
97 186 201 227 304 368
37 48 141 162 246
97 184 262 276
38 111 129
55 126
16
