97
83 112 167 236 287 379 428 470 494 512 542 580 614 674 739 807 846 883 903 970 976 1053 1117 1207 1226 1266 1285 1311 1324 1388 1388 1478 1563 1624 1638 1729 1730 1771 1844 1845 1890 1970 2055 2102 2148 2155 2231 2293 2304 2333 2338 2434 2522 2588 2620 2640 2672 2699 2705 2741 2786 2868 2880 2926 3023 3089 3146 3192 3198 3278 3328 3348 3379 3397 3415 3444 3471 3546 3591 3615 3686 3775 3848 3940 3948 3996 4032 4123 4170 4187 4257 4305 4353 4403 4488 4575 4603
89 118 191 201 254 284 309 387 400 450 539 584 618 656 679 758 777 786 876 903 995 1035 1036 1093 1189 1215 1222 1287 1301 1352 1355 1440 1522 1567 1570 1576 1636 1719 1794 1874 1932 2011 2022 2037 2049 2094 2161 2251 2273 2332 2344 2407 2441 2464 2538 2594 2660 2713 2754 2839 2922 2980 2997 3067 3075 3167 3214 3244 3306 3311 3379 3409 3466 3539 3606 3606 3701 3778 3875 3934 3953 4002 4061 4140 4198 4289 4362 4395 4424 4429 4493 4537 4562 4643 4731 4819
39 70 73 141 219 228 258 271 293 366 379 388 422 491 579 611 645 719 743 823 841 913 1008 1083 1088 1097 1169 1193 1261 1273 1281 1317 1371 1462 1512 1566 1655 1688 1715 1731 1801 1888 1973 2071 2105 2180 2230 2286 2292 2295 2372 2397 2417 2428 2498 2562 2580 2642 2691 2746 2842 2908 2912 2918 2965 3043 3098 3162 3195 3230 3283 3300 3336 3339 3351 3422 3482 3553 3579 3656 3733 3805 3882 3896 3931 4010 4074 4153 4156 4190 4248 4261 4317 4401 4436
92 110 175 242 267 275 373 417 514 573 646 646 722 759 816 909 941 944 1038 1104 1199 1288 1356 1431 1432 1438 1505 1558 1580 1634 1660 1660 1741 1814 1814 1835 1844 1913 1937 2002 2035 2121 2149 2189 2201 2253 2308 2375 2435 2484 2536 2606 2674 2744 2837 2874 2972 3050 3123 3190 3241 3294 3365 3390 3452 3484 3485 3520 3555 3592 3629 3646 3738 3815 3878 3891 3913 3960 3966 4059 4152 4238 4239 4240 4311 4335 4423 4442 4487 4572 4610 4629 4649 4725
26 103 117 142 201 212 283 367 451 487 536 537 590 667 761 788 861 914 978 979 1045 1096 1194 1250 1262 1285 1293 1294 1314 1327 1416 1425 1436 1490 1506 1594 1630 1667 1695 1745 1779 1869 1934 1967 2007 2086 2155 2208 2254 2316 2316 2397 2443 2446 2528 2561 2603 2688 2738 2742 2788 2826 2897 2989 3066 3155 3200 3268 3337 3423 3490 3515 3592 3677 3683 3743 3780 3830 3860 3910 3941 4012 4036 4067 4079 4097 4107 4185 4265 4344 4378 4464 4483
66 89 118 212 262 337 360 421 433 529 596 621 680 710 790 824 829 836 932 990 1054 1111 1171 1178 1225 1235 1312 1363 1371 1389 1440 1449 1501 1551 1630 1682 1719 1793 1808 1900 1956 2023 2112 2123 2206 2299 2397 2483 2525 2603 2640 2721 2782 2802 2892 2935 2955 3014 3085 3085 3097 3153 3160 3223 3264 3268 3332 3396 3483 3494 3515 3526 3570 3651 3714 3807 3874 3924 3952 3979 4023 4092 4161 4233 4247 4274 4324 4332 4387 4468 4531 4621
67 67 139 235 289 370 433 497 568 614 639 681 764 850 871 918 969 1019 1112 1169 1247 1299 1352 1379 1391 1478 1556 1614 1667 1716 1734 1748 1827 1827 1904 2001 2007 2037 2056 2066 2159 2202 2224 2300 2369 2447 2503 2576 2587 2629 2660 2711 2711 2756 2765 2829 2903 2918 2943 2969 2971 3051 3104 3183 3277 3278 3340 3368 3454 3494 3519 3598 3690 3747 3760 3842 3920 4015 4034 4128 4186 4253 4332 4388 4430 4444 4458 4482 4541 4553 4598
11 79 117 169 191 281 324 394 413 490 541 585 659 703 746 758 853 925 953 973 1026 1062 1131 1223 1312 1340 1409 1416 1481 1540 1621 1631 1716 1726 1760 1813 1906 1982 2050 2111 2184 2225 2274 2365 2381 2435 2487 2526 2551 2552 2562 2592 2606 2630 2713 2747 2788 2849 2921 3004 3077 3173 3196 3286 3382 3444 3473 3531 3603 3605 3618 3620 3688 3711 3777 3822 3870 3936 3968 3996 4049 4140 4164 4239 4303 4339 4385 4458 4530 4562
30 33 86 119 152 229 290 341 367 393 447 491 499 564 616 672 753 794 832 887 914 932 966 1027 1124 1172 1187 1207 1295 1385 1403 1418 1510 1590 1620 1681 1686 1751 1820 1903 1980 2051 2111 2132 2216 2255 2297 2356 2379 2453 2526 2561 2641 2700 2791 2801 2810 2904 2997 3054 3093 3169 3251 3318 3379 3468 3524 3534 3564 3619 3700 3750 3833 3909 3942 4022 4093 4111 4143 4173 4236 4236 4299 4348 4377 4388 4410 4432 4509
24 80 145 167 196 240 273 356 422 422 463 556 622 652 682 771 847 883 889 977 982 1064 1117 1139 1171 1210 1288 1298 1339 1434 1498 1573 1573 1649 1742 1803 1861 1912 1951 2003 2009 2062 2114 2193 2211 2231 2312 2400 2467 2520 2535 2594 2606 2639 2737 2803 2849 2905 2941 2994 3024 3076 3168 3186 3236 3286 3316 3390 3471 3497 3591 3599 3658 3691 3766 3836 3881 3909 3960 3980 3986 4080 4143 4144 4207 4293 4315 4326
76 163 235 324 386 391 432 498 559 655 747 824 849 910 910 948 990 1063 1138 1178 1267 1269 1335 1406 1412 1498 1533 1559 1649 1674 1732 1748 1759 1792 1860 1906 1943 1980 2013 2046 2122 2177 2211 2293 2320 2341 2371 2448 2473 2508 2561 2628 2630 2694 2737 2811 2854 2937 2988 3034 3070 3166 3197 3287 3292 3303 3345 3387 3446 3453 3527 3601 3603 3692 3739 3741 3774 3817 3871 3876 3914 4009 4052 4073 4117 4122 4200
12 65 122 191 261 309 336 385 471 539 601 648 650 695 736 792 886 984 1065 1114 1155 1155 1191 1210 1261 1337 1396 1410 1480 1567 1656 1712 1720 1746 1749 1828 1833 1921 1929 1931 1940 2012 2062 2128 2167 2186 2227 2279 2322 2413 2452 2454 2455 2544 2622 2680 2770 2856 2904 2973 3053 3062 3114 3155 3194 3210 3245 3249 3297 3325 3334 3397 3399 3447 3505 3527 3595 3612 3689 3711 3730 3793 3882 3976 4060 4137
27 116 160 240 250 296 308 406 410 496 521 556 651 653 656 699 764 859 923 1006 1100 1168 1168 1248 1341 1350 1415 1469 1550 1603 1690 1738 1739 1755 1836 1862 1873 1889 1915 1971 1992 2020 2055 2109 2153 2221 2281 2305 2393 2436 2471 2500 2587 2683 2723 2787 2794 2834 2907 2973 3061 3100 3105 3198 3198 3220 3236 3289 3328 3414 3490 3576 3633 3717 3800 3806 3869 3897 3913 3979 4040 4073 4079 4168 4255
29 123 153 157 187 268 328 331 378 406 423 513 594 606 654 663 663 679 690 726 788 818 896 954 1000 1058 1136 1173 1253 1265 1301 1368 1389 1452 1501 1545 1618 1693 1748 1787 1792 1835 1864 1879 1926 2004 2062 2115 2143 2237 2289 2342 2390 2475 2498 2550 2567 2640 2716 2758 2838 2871 2964 2984 3052 3097 3101 3160 3211 3297 3329 3365 3442 3478 3528 3609 3667 3738 3828 3853 3935 3994 4043 4116
17 21 68 164 234 279 365 438 455 459 509 572 668 703 787 839 869 963 991 1042 1102 1188 1201 1276 1317 1410 1422 1426 1433 1486 1531 1570 1594 1681 1700 1760 1833 1884 1927 1928 1982 2077 2126 2159 2226 2249 2339 2437 2496 2519 2559 2625 2713 2787 2842 2894 2898 2992 3040 3126 3205 3220 3314 3372 3386 3472 3540 3574 3598 3669 3759 3824 3868 3904 4001 4091 4167 4167 4198 4243 4315 4361 4389
85 112 188 216 256 293 364 445 539 551 634 697 714 726 821 901 934 990 1067 1150 1232 1255 1347 1406 1422 1473 1521 1548 1558 1646 1729 1737 1766 1842 1903 1992 2029 2049 2117 2175 2246 2299 2389 2412 2479 2507 2565 2568 2660 2699 2740 2824 2858 2865 2948 3005 3021 3080 3133 3137 3219 3231 3231 3285 3333 3406 3406 3411 3427 3439 3514 3593 3673 3756 3824 3882 3918 3977 4040 4080 4150 4224
30 97 177 177 249 324 337 433 525 526 556 583 594 600 610 697 755 810 828 889 918 929 939 957 1001 1060 1084 1167 1216 1274 1318 1416 1421 1434 1483 1575 1644 1700 1755 1852 1895 1958 2039 2046 2119 2172 2177 2198 2198 2224 2282 2377 2393 2465 2529 2538 2581 2610 2610 2674 2771 2852 2869 2951 2983 2996 3036 3092 3125 3127 3140 3170 3246 3294 3341 3348 3444 3499 3542 3556 3638
13 38 71 135 183 261 299 384 461 467 518 559 654 666 700 766 833 860 907 975 1047 1123 1216 1279 1301 1305 1374 1408 1430 1490 1529 1593 1613 1689 1759 1813 1890 1891 1918 2007 2032 2088 2164 2217 2258 2330 2421 2485 2572 2627 2634 2660 2751 2810 2837 2907 2965 2967 2985 3070 3099 3112 3117 3213 3276 3317 3407 3417 3477 3485 3513 3584 3587 3625 3681 3742 3764 3831 3861 3937
94 134 194 197 232 325 423 484 526 588 649 649 656 733 782 814 882 906 967 971 1028 1121 1150 1193 1241 1248 1340 1376 1377 1460 1517 1570 1582 1652 1671 1718 1763 1803 1818 1913 1980 2059 2151 2221 2268 2323 2374 2391 2458 2556 2592 2644 2731 2805 2855 2867 2877 2971 3041 3134 3231 3264 3282 3320 3402 3409 3485 3534 3555 3630 3643 3674 3711 3730 3820 3857 3860 3926 3946
96 99 110 160 183 212 306 357 441 487 489 549 549 644 692 779 854 907 987 997 1045 1064 1162 1230 1253 1315 1334 1352 1442 1525 1580 1580 1588 1616 1694 1721 1750 1770 1781 1800 1863 1886 1889 1907 1973 2006 2089 2168 2172 2251 2347 2431 2461 2519 2554 2642 2664 2731 2819 2840 2905 2964 3050 3122 3213 3219 3311 3379 3405 3462 3470 3552 3601 3620 3663 3743 3793 3803
15 55 113 143 172 218 245 260 287 303 376 457 466 496 539 597 644 691 773 777 790 854 877 974 1066 1164 1200 1219 1258 1329 1388 1473 1512 1561 1635 1713 1741 1769 1788 1813 1854 1880 1906 1952 1985 2046 2098 2168 2214 2289 2301 2306 2380 2471 2544 2601 2690 2753 2773 2790 2869 2869 2913 2990 3067 3089 3168 3180 3191 3237 3270 3354 3419 3451 3470 3481 3567
16 84 127 144 181 188 286 369 375 451 464 512 515 602 622 648 703 707 771 843 851 854 877 947 947 989 1038 1047 1124 1214 1250 1316 1389 1404 1488 1496 1546 1639 1723 1739 1790 1867 1962 2003 2083 2112 2152 2164 2180 2265 2347 2433 2524 2589 2605 2674 2748 2813 2845 2850 2895 2972 3061 3102 3109 3169 3229 3326 3390 3484 3554 3576 3630 3700 3703 3762
95 121 124 166 207 287 316 322 411 500 506 550 590 660 668 673 718 730 780 831 898 919 1017 1098 1164 1193 1267 1290 1317 1414 1501 1518 1594 1655 1693 1785 1862 1891 1951 1989 2045 2138 2150 2151 2201 2272 2282 2366 2395 2418 2422 2433 2525 2585 2666 2741 2815 2827 2851 2862 2927 2972 3033 3084 3173 3185 3275 3287 3340 3358 3447 3460 3536 3625 3694
19 61 91 121 166 244 281 329 330 335 423 480 504 548 603 657 708 756 803 899 920 956 1006 1017 1037 1120 1200 1292 1372 1445 1536 1554 1601 1639 1692 1712 1713 1726 1801 1890 1971 1980 2042 2071 2157 2220 2291 2306 2387 2428 2512 2539 2544 2594 2643 2702 2712 2776 2873 2878 2894 2896 2900 2909 2920 2967 3061 3154 3248 3328 3387 3431 3509 3604
86 145 193 247 311 369 379 473 559 600 607 608 686 693 738 818 914 931 942 993 1028 1031 1035 1092 1149 1167 1256 1325 1330 1366 1458 1497 1507 1579 1594 1668 1707 1757 1772 1811 1839 1928 1976 2067 2068 2102 2165 2165 2215 2297 2382 2428 2512 2580 2672 2719 2806 2831 2902 2904 2930 2932 3027 3125 3155 3205 3218 3234 3329 3393 3445 3538 3567
84 160 219 298 326 395 464 544 559 636 683 736 820 836 911 994 999 1045 1074 1107 1188 1221 1241 1333 1368 1461 1466 1496 1582 1626 1687 1746 1837 1897 1972 2044 2131 2178 2206 2261 2344 2390 2434 2467 2506 2588 2672 2756 2761 2802 2845 2878 2908 2927 2956 3044 3072 3100 3101 3138 3145 3233 3261 3295 3337 3423 3472 3509 3532 3576 3672 3760
23 99 166 186 217 293 300 380 414 422 488 519 529 569 607 663 751 761 858 866 894 946 1010 1027 1049 1118 1136 1161 1209 1295 1372 1414 1431 1501 1578 1582 1649 1699 1751 1759 1817 1837 1893 1920 2012 2069 2113 2193 2231 2285 2311 2341 2403 2477 2503 2518 2599 2638 2697 2780 2871 2938 2998 3024 3044 3099 3170 3237 3300 3331 3351
49 56 126 133 151 212 214 243 335 389 487 536 623 656 724 774 859 882 936 1017 1080 1167 1223 1241 1334 1375 1454 1534 1629 1673 1688 1779 1810 1875 1948 1992 1994 1999 2075 2131 2203 2280 2282 2346 2408 2474 2490 2554 2587 2602 2690 2719 2723 2805 2896 2906 2953 2999 3012 3079 3147 3194 3266 3298 3331 3410 3480 3508 3575 3597
57 134 178 182 225 229 263 269 344 420 425 506 549 629 677 709 793 867 904 968 1014 1047 1110 1125 1170 1262 1341 1393 1412 1468 1473 1497 1585 1610 1692 1783 1812 1848 1923 2019 2090 2167 2265 2275 2313 2360 2392 2490 2507 2548 2606 2689 2782 2793 2845 2848 2895 2905 2944 2995 2998 3054 3152 3181 3272 3291 3296 3355 3435
59 120 123 128 172 229 271 287 366 453 508 553 574 628 676 768 836 843 916 977 978 1005 1103 1125 1219 1250 1315 1372 1434 1512 1591 1637 1646 1705 1792 1839 1880 1953 2034 2075 2129 2178 2264 2358 2363 2379 2444 2542 2552 2646 2743 2790 2859 2870 2947 2953 3021 3104 3174 3220 3261 3277 3368 3462 3517 3551 3580 3619
13 95 186 187 276 316 399 463 539 616 617 710 781 860 920 952 957 1054 1085 1085 1096 1124 1214 1309 1337 1415 1501 1516 1521 1572 1589 1687 1772 1841 1936 1939 1976 2065 2113 2137 2235 2258 2335 2410 2433 2458 2510 2528 2606 2654 2715 2787 2875 2916 2998 3007 3085 3156 3178 3198 3290 3358 3402 3413 3492 3556 3629
76 155 170 260 276 296 378 459 527 598 682 755 831 879 944 973 989 994 1084 1096 1161 1194 1243 1254 1298 1391 1434 1451 1486 1577 1625 1691 1765 1799 1835 1866 1922 1993 2028 2081 2099 2156 2173 2206 2260 2314 2316 2370 2414 2509 2552 2607 2622 2638 2651 2676 2718 2731 2758 2808 2808 2814 2857 2932 3002 3060
69 71 100 170 173 270 360 414 486 538 603 626 681 700 790 820 883 975 1056 1094 1104 1200 1293 1387 1459 1527 1537 1624 1645 1705 1766 1803 1826 1864 1956 1975 2033 2110 2185 2254 2256 2316 2414 2478 2547 2607 2618 2632 2644 2665 2720 2811 2845 2864 2960 2974 3000 3006 3046 3137 3139 3179 3243 3335 3345
91 167 170 188 199 282 332 378 470 486 557 595 672 757 843 888 932 938 992 1019 1061 1134 1213 1244 1248 1281 1334 1384 1476 1494 1576 1610 1628 1710 1801 1849 1931 1977 2046 2098 2099 2147 2171 2172 2203 2218 2239 2256 2328 2395 2484 2561 2638 2704 2741 2769 2785 2796 2890 2968 3024 3107 3201 3298
84 167 207 265 295 314 356 414 453 453 537 578 615 635 661 739 767 818 860 880 973 1017 1083 1141 1144 1206 1224 1270 1299 1345 1403 1405 1473 1500 1587 1596 1650 1726 1739 1739 1812 1858 1860 1953 2023 2070 2114 2192 2235 2273 2318 2353 2374 2462 2543 2594 2630 2676 2693 2753 2819 2828 2859
42 98 126 182 187 201 220 283 293 375 410 416 452 523 583 634 696 753 835 848 902 949 963 991 1033 1130 1130 1192 1263 1347 1348 1354 1363 1404 1479 1532 1628 1653 1718 1726 1745 1793 1879 1893 1990 2022 2070 2127 2197 2219 2227 2272 2323 2346 2394 2483 2540 2613 2641 2655 2736 2794
70 82 179 209 243 315 400 469 526 622 675 743 833 859 909 919 940 951 992 1087 1098 1125 1175 1226 1270 1352 1375 1442 1449 1463 1500 1524 1609 1622 1713 1749 1781 1870 1887 1969 2027 2040 2078 2121 2133 2160 2173 2191 2201 2289 2300 2346 2408 2433 2451 2453 2531 2589 2650 2735 2821
90 120 194 236 241 316 398 474 538 620 679 734 808 899 987 1073 1160 1214 1245 1313 1321 1332 1384 1385 1478 1550 1551 1596 1596 1686 1730 1817 1870 1874 1938 1991 2009 2038 2041 2085 2127 2150 2207 2260 2294 2326 2352 2372 2431 2517 2597 2670 2684 2754 2756 2796 2866 2943 2976 3041
31 60 134 138 139 182 186 243 264 297 335 416 470 496 586 671 750 824 911 1002 1083 1156 1217 1238 1330 1347 1439 1502 1577 1618 1661 1738 1740 1825 1835 1836 1846 1929 1997 2006 2016 2075 2115 2128 2139 2162 2197 2197 2227 2258 2273 2326 2402 2422 2446 2476 2536 2607 2636
31 48 71 108 151 154 227 325 339 387 394 481 572 596 675 745 772 787 882 907 976 1019 1027 1086 1112 1164 1246 1325 1367 1435 1490 1517 1581 1664 1689 1764 1812 1869 1965 2059 2111 2173 2211 2265 2271 2301 2363 2461 2550 2595 2664 2715 2806 2815 2826 2906 2911 3007
61 61 81 84 169 181 250 300 397 480 577 597 658 722 817 906 962 980 1055 1085 1158 1163 1198 1267 1288 1355 1437 1487 1528 1575 1633 1721 1725 1739 1789 1873 1946 1964 1980 2057 2096 2139 2159 2244 2308 2387 2484 2526 2606 2692 2739 2801 2874 2952 3026 3066 3136
88 167 194 292 331 353 439 446 458 494 562 593 682 729 736 829 925 989 1066 1071 1097 1180 1206 1285 1317 1404 1406 1428 1445 1528 1620 1704 1784 1829 1861 1937 1981 1989 2023 2036 2078 2088 2131 2197 2275 2354 2421 2474 2518 2519 2576 2652 2747 2792 2820 2889
81 167 217 291 321 338 384 462 541 601 693 763 824 921 982 991 1004 1023 1057 1138 1187 1188 1260 1314 1361 1388 1409 1479 1570 1626 1643 1657 1679 1735 1787 1870 1901 1998 2004 2020 2092 2121 2191 2259 2354 2398 2479 2512 2604 2641 2738 2816 2887 2957 2973
83 108 161 255 329 354 407 454 474 476 505 585 586 637 657 717 718 729 808 870 925 988 1063 1154 1219 1226 1285 1310 1366 1393 1412 1492 1563 1619 1639 1683 1755 1771 1819 1881 1924 1952 2011 2057 2125 2147 2198 2281 2373 2376 2434 2434 2451 2543
88 160 198 240 240 285 293 301 351 383 480 562 647 713 760 856 882 964 1052 1118 1145 1237 1270 1361 1394 1426 1517 1534 1570 1616 1646 1662 1712 1802 1828 1872 1969 1987 2013 2025 2065 2085 2174 2271 2301 2393 2468 2475 2516 2535 2541 2582 2609
98 131 146 219 267 316 395 399 400 474 554 560 657 709 728 742 782 880 929 962 1039 1055 1116 1172 1262 1296 1389 1410 1472 1563 1600 1683 1758 1765 1819 1875 1934 1992 2071 2148 2246 2267 2303 2370 2398 2486 2517 2545 2585 2598 2638 2688
26 124 214 305 367 461 479 545 634 722 723 761 832 919 1002 1038 1112 1174 1236 1326 1334 1377 1428 1447 1448 1498 1500 1544 1627 1676 1687 1767 1831 1836 1896 1974 2015 2040 2086 2132 2196 2283 2315 2370 2436 2441 2527 2566 2655 2707 2742
2 32 38 132 152 172 175 192 280 347 433 531 620 700 744 752 839 936 1028 1084 1089 1120 1147 1244 1263 1342 1430 1483 1549 1632 1696 1757 1845 1848 1922 1971 2067 2139 2195 2213 2221 2247 2249 2301 2309 2358 2438 2465 2475 2511
61 95 152 172 261 278 320 376 437 524 609 631 712 779 833 930 941 948 1000 1033 1101 1108 1180 1206 1274 1300 1344 1369 1388 1458 1515 1608 1694 1771 1860 1906 1914 1985 2036 2121 2165 2165 2205 2255 2290 2325 2346 2365 2438
69 126 182 224 269 340 410 466 552 628 675 688 742 803 848 877 968 1029 1037 1096 1101 1101 1185 1243 1252 1296 1300 1302 1311 1346 1353 1369 1412 1470 1554 1586 1640 1659 1750 1781 1791 1845 1886 1949 2000 2081 2176 2215
90 92 182 250 266 328 333 349 394 477 573 579 670 730 767 856 908 979 1021 1056 1069 1120 1184 1240 1317 1318 1335 1353 1445 1537 1624 1694 1790 1805 1863 1869 1932 1965 2001 2031 2080 2095 2129 2145 2191 2280 2298
44 66 149 190 284 345 367 459 551 635 643 709 781 851 946 1043 1109 1156 1230 1296 1388 1455 1486 1488 1497 1564 1633 1730 1784 1875 1905 1996 2021 2114 2171 2245 2251 2347 2359 2374 2470 2505 2547 2615 2680 2717
15 51 125 207 232 282 375 382 475 529 588 647 696 756 837 849 865 901 975 988 1011 1032 1039 1118 1139 1143 1168 1208 1249 1334 1420 1421 1508 1555 1588 1643 1730 1762 1783 1801 1886 1973 2056 2146 2172
76 88 132 133 197 231 268 352 394 474 500 571 639 665 688 703 767 838 872 956 966 1046 1074 1124 1137 1171 1171 1258 1284 1363 1401 1448 1529 1532 1622 1684 1705 1740 1772 1791 1880 1943 1957 1964
51 100 113 157 192 193 256 346 384 436 508 581 668 706 714 719 748 794 881 911 914 973 982 1078 1166 1181 1256 1329 1419 1453 1531 1624 1653 1691 1744 1825 1840 1845 1924 1939 2017 2095 2161
94 121 206 265 330 419 495 531 591 637 672 690 715 794 798 847 914 978 995 1011 1032 1044 1079 1170 1222 1224 1281 1312 1401 1416 1505 1507 1522 1613 1692 1721 1739 1777 1834 1919 1922 1926
28 120 208 254 278 330 422 432 519 600 697 743 823 911 965 1044 1126 1149 1214 1276 1286 1362 1378 1399 1462 1512 1545 1580 1659 1711 1799 1850 1933 2007 2059 2128 2132 2216 2227 2239 2304
90 146 158 164 175 231 250 299 323 341 413 473 475 519 563 595 615 618 697 722 781 804 854 948 1005 1006 1075 1137 1197 1257 1298 1315 1329 1378 1401 1448 1487 1487 1557 1630
60 105 137 198 290 312 386 413 501 544 545 619 656 739 785 789 886 927 1024 1040 1044 1089 1140 1197 1284 1336 1364 1395 1455 1549 1622 1640 1654 1717 1775 1804 1880 1921 1926
35 106 195 261 268 299 315 382 476 486 490 532 612 658 705 783 829 832 894 904 989 1059 1086 1134 1227 1262 1276 1282 1355 1446 1514 1530 1617 1656 1657 1733 1827 1917
44 72 73 144 183 205 270 298 313 359 450 463 463 549 581 656 709 711 767 792 851 916 924 1007 1046 1120 1189 1213 1269 1332 1343 1420 1476 1503 1506 1518 1540
96 177 177 249 312 360 388 393 402 493 585 586 608 620 667 749 805 842 850 912 939 947 965 1023 1121 1144 1205 1225 1271 1301 1329 1374 1426 1457 1480 1493
18 36 54 95 159 238 284 355 443 453 478 568 606 670 699 718 727 804 873 904 988 1084 1106 1176 1230 1283 1353 1379 1393 1411 1478 1483 1569 1617 1631
94 165 175 244 278 333 380 422 434 437 526 547 608 643 741 830 850 908 1000 1050 1065 1065 1160 1213 1218 1259 1297 1307 1392 1421 1456 1462 1529 1615
94 101 138 207 275 314 407 480 493 561 575 586 628 673 766 858 929 971 1005 1024 1049 1094 1134 1163 1253 1293 1357 1447 1467 1508 1600 1697 1734
13 104 161 225 242 251 265 289 351 422 444 466 534 574 667 755 763 841 875 930 1010 1026 1029 1094 1149 1174 1272 1363 1393 1413 1443 1489
48 135 166 241 277 329 346 362 370 374 413 415 460 530 533 627 688 760 807 855 901 935 958 1012 1075 1095 1163 1250 1287 1308 1349
21 103 186 273 357 375 412 424 500 514 565 580 669 692 713 806 848 879 888 938 951 1044 1069 1157 1196 1275 1351 1445 1533 1625
89 111 168 170 181 191 215 256 257 319 409 411 434 526 568 576 619 696 771 823 882 894 898 930 964 993 1000 1030 1121
61 85 165 206 206 259 352 426 485 558 600 603 668 707 712 716 811 873 938 955 1051 1088 1160 1220 1313 1337 1366 1397
11 48 98 133 165 237 284 301 338 436 496 543 631 687 709 734 788 788 847 897 928 928 952 991 1022 1091 1135
24 60 82 93 103 133 138 221 269 329 384 481 554 582 664 673 749 781 829 866 935 1029 1078 1095 1184 1275
52 116 149 242 251 282 313 377 469 536 618 641 726 811 855 933 976 1071 1164 1168 1258 1317 1399 1406 1473
4 64 152 212 248 269 323 384 416 454 483 570 578 616 707 788 832 917 974 1023 1041 1049 1057 1110
67 149 176 181 220 275 291 369 464 508 579 579 660 674 756 775 808 829 850 887 942 1014 1026
76 122 196 232 294 349 447 499 548 641 703 798 803 889 945 992 1088 1142 1232 1244 1278 1313
15 35 98 124 191 274 360 428 459 463 477 516 547 642 732 809 852 949 992 1009 1091
46 112 159 180 251 332 402 491 505 532 612 646 744 820 857 941 1009 1068 1116 1200
33 110 158 213 219 312 388 430 449 540 580 592 634 695 772 827 874 913 1011
53 70 107 122 184 216 308 353 359 417 493 497 573 618 716 772 843 918
33 87 156 227 325 349 391 478 539 583 621 632 656 709 723 815 838
45 101 120 206 298 377 450 507 563 581 654 708 715 738 780 839
20 89 184 202 292 377 395 426 448 466 556 593 601 630 680
36 117 164 207 291 369 450 517 532 568 666 704 771 774
78 158 184 275 333 352 397 416 493 497 533 627 646
95 120 213 288 317 342 394 431 504 562 626 634
28 91 172 247 283 294 302 326 327 409 410
27 76 103 150 223 272 308 364 397 413
83 86 141 147 187 277 279 339 365
68 142 217 227 268 343 399 399
42 115 158 231 314 344 427
55 132 184 279 366 375
29 62 113 199 287
91 117 154 238
43 97 165
25 93
62
