80
68 126 219 220 296 302 353 422 473 537 618 707 764 792 879 941 978 989 1040 1051 1085 1146 1173 1186 1258 1279 1305 1321 1333 1363 1457 1545 1599 1609 1651 1692 1712 1731 1732 1758 1820 1901 1963 2058 2119 2145 2165 2169 2202 2214 2227 2253 2266 2347 2356 2364 2427 2452 2517 2597 2635 2710 2755 2840 2900 2952 3012 3056 3119 3169 3190 3272 3301 3382 3436 3520 3600 3601 3667 3733
84 174 196 251 329 379 391 435 454 524 604 624 657 676 763 822 917 956 1018 1054 1064 1141 1198 1283 1366 1402 1421 1463 1489 1575 1578 1676 1701 1711 1773 1795 1832 1862 1883 1925 1977 2066 2116 2189 2255 2285 2372 2450 2474 2519 2521 2561 2625 2674 2710 2737 2757 2797 2850 2903 2925 3013 3099 3189 3243 3301 3354 3401 3402 3459 3463 3532 3570 3606 3694 3763 3778 3826 3826
62 136 203 265 337 384 472 540 589 682 686 775 872 874 955 1022 1106 1133 1172 1216 1264 1354 1392 1408 1448 1457 1541 1586 1625 1692 1777 1837 1904 1933 1956 2020 2070 2155 2242 2293 2332 2349 2416 2508 2563 2570 2587 2657 2722 2779 2865 2891 2930 2971 3022 3115 3129 3186 3218 3220 3228 3248 3277 3368 3379 3415 3469 3530 3617 3632 3642 3705 3735 3795 3882 3944 4041 4130
14 27 92 113 161 178 208 300 348 410 507 543 543 617 617 695 728 728 774 871 892 934 1026 1106 1199 1269 1273 1331 1374 1408 1408 1418 1480 1570 1637 1690 1786 1859 1890 1984 2036 2062 2111 2167 2194 2212 2245 2304 2330 2405 2482 2559 2567 2597 2669 2710 2757 2777 2865 2865 2903 2980 3005 3044 3074 3162 3259 3303 3333 3420 3466 3476 3533 3609 3676 3763 3841
19 44 131 139 231 287 287 309 389 419 477 528 574 633 668 764 857 899 956 1006 1077 1107 1156 1220 1300 1377 1383 1413 1502 1504 1564 1600 1692 1781 1878 1927 1938 2017 2063 2153 2239 2304 2312 2370 2437 2473 2547 2610 2632 2645 2695 2727 2818 2903 2982 3018 3031 3055 3116 3125 3151 3197 3262 3271 3271 3307 3339 3435 3508 3599 3657 3721 3795 3872 3946 4037
86 176 263 270 305 400 420 475 559 592 598 607 684 764 829 832 861 905 954 980 1005 1078 1122 1188 1197 1280 1318 1331 1335 1393 1441 1490 1577 1612 1614 1629 1666 1711 1784 1855 1926 2012 2072 2135 2137 2177 2193 2288 2316 2399 2422 2458 2553 2558 2656 2698 2727 2821 2866 2896 2965 3063 3096 3193 3235 3270 3276 3278 3349 3363 3389 3393 3448 3455 3486
5 52 142 162 202 237 239 290 302 370 401 465 551 581 589 589 621 622 710 750 826 833 930 978 1075 1086 1139 1147 1196 1221 1224 1294 1351 1362 1383 1475 1539 1587 1666 1728 1775 1809 1860 1885 1914 2007 2064 2145 2200 2260 2271 2363 2363 2384 2463 2495 2553 2619 2627 2678 2750 2805 2836 2921 2991 3013 3025 3086 3149 3198 3245 3288 3348 3370
59 128 202 286 306 336 395 442 489 507 556 564 647 673 735 816 839 841 855 857 948 993 1010 1058 1102 1162 1170 1175 1256 1295 1382 1472 1518 1616 1712 1766 1788 1828 1852 1944 2019 2076 2156 2231 2290 2344 2353 2387 2423 2440 2524 2532 2568 2645 2729 2815 2910 2944 2983 3048 3053 3106 3194 3231 3232 3252 3295 3329 3366 3437 3492 3555 3628
60 82 99 104 108 124 162 247 305 372 372 429 498 586 657 695 731 802 866 954 1006 1050 1140 1151 1206 1238 1284 1367 1408 1481 1541 1551 1634 1705 1716 1778 1793 1822 1862 1868 1868 1886 1972 1974 2040 2105 2176 2219 2250 2337 2360 2409 2468 2529 2545 2600 2630 2685 2775 2803 2827 2855 2875 2931 3028 3030 3047 3071 3165 3176 3196 3223
26 87 153 209 284 355 442 520 609 656 701 751 808 869 881 896 979 1053 1108 1192 1249 1336 1347 1425 1503 1557 1638 1663 1667 1716 1811 1887 1912 2007 2023 2082 2144 2229 2288 2296 2390 2468 2485 2489 2579 2674 2684 2750 2812 2836 2848 2859 2893 2932 2968 3005 3018 3064 3099 3149 3214 3264 3280 3358 3360 3453 3453 3545 3595 3607 3663
93 131 213 224 291 349 379 458 539 560 572 589 604 613 613 650 743 839 901 993 1026 1087 1134 1199 1254 1319 1414 1480 1568 1591 1660 1744 1834 1855 1887 1973 2016 2038 2094 2115 2145 2172 2186 2197 2249 2345 2345 2427 2431 2468 2528 2579 2627 2657 2746 2809 2834 2872 2889 2938 2960 2985 2992 3074 3132 3184 3255 3337 3422 3426
90 161 241 296 376 393 414 484 579 663 685 731 805 901 924 1000 1052 1116 1118 1167 1209 1273 1292 1349 1437 1464 1509 1561 1577 1602 1693 1777 1839 1839 1932 2020 2056 2102 2172 2232 2299 2379 2475 2524 2529 2624 2651 2707 2738 2792 2890 2926 2956 2969 3019 3103 3108 3134 3136 3185 3240 3264 3271 3273 3306 3318 3350 3372 3443
92 184 244 255 303 380 460 485 485 565 656 699 753 776 823 835 915 947 973 1038 1060 1133 1214 1264 1337 1359 1414 1492 1539 1591 1650 1703 1734 1766 1787 1839 1937 1943 2025 2107 2154 2203 2261 2290 2314 2396 2439 2525 2562 2593 2657 2661 2754 2756 2853 2884 2937 3014 3016 3016 3094 3102 3112 3132 3158 3233 3285 3316
76 101 110 205 261 306 401 449 500 579 666 695 734 793 831 902 952 977 1031 1035 1061 1120 1180 1200 1215 1266 1266 1346 1370 1427 1451 1466 1523 1593 1611 1663 1697 1724 1726 1811 1874 1886 1945 2028 2051 2122 2169 2218 2259 2341 2357 2400 2438 2536 2544 2627 2725 2754 2811 2828 2885 2945 3011 3101 3159 3237 3320
18 89 90 122 168 186 263 307 376 390 467 519 550 596 602 663 759 782 858 937 991 996 1081 1103 1183 1221 1234 1302 1368 1394 1474 1559 1581 1620 1640 1642 1699 1711 1779 1814 1888 1906 1932 2001 2040 2119 2143 2216 2299 2394 2412 2484 2506 2552 2617 2665 2763 2832 2921 2998 3072 3115 3119 3132 3203 3299
85 171 237 306 382 421 480 508 527 602 617 707 772 820 917 973 1070 1111 1208 1276 1281 1372 1438 1471 1486 1486 1551 1577 1651 1717 1762 1850 1891 1915 1961 2016 2103 2173 2231 2250 2251 2263 2285 2349 2402 2490 2490 2581 2617 2617 2628 2678 2717 2739 2792 2890 2948 2951 2967 2992 3007 3061 3151 3191 3273
5 92 159 243 294 368 420 484 555 602 619 626 634 661 730 828 850 865 871 872 890 988 1006 1039 1053 1075 1102 1145 1236 1267 1330 1381 1463 1469 1505 1555 1570 1656 1730 1779 1790 1885 1889 1934 1963 2047 2090 2091 2132 2219 2304 2324 2390 2409 2439 2446 2463 2466 2516 2592 2602 2660 2714 2747
72 109 137 197 201 241 255 298 344 441 450 532 615 667 719 722 772 796 866 888 951 1045 1101 1186 1244 1340 1388 1415 1458 1494 1587 1649 1693 1733 1775 1866 1934 1993 2076 2154 2205 2211 2265 2294 2308 2389 2408 2419 2420 2465 2543 2572 2589 2672 2674 2702 2744 2811 2823 2826 2865 2869 2914
23 54 148 161 173 243 275 358 394 453 544 640 732 801 895 943 1025 1029 1118 1179 1242 1283 1297 1355 1394 1425 1523 1584 1598 1650 1716 1773 1810 1835 1839 1850 1943 2022 2047 2141 2184 2249 2300 2326 2406 2418 2503 2536 2553 2584 2607 2613 2652 2714 2799 2896 2963 3010 3105 3161 3220 3266
10 74 157 230 319 357 455 532 607 692 765 786 787 851 943 952 975 1023 1085 1096 1125 1156 1226 1240 1311 1393 1404 1479 1567 1653 1696 1793 1873 1957 2041 2129 2227 2260 2349 2399 2487 2493 2540 2578 2657 2730 2758 2798 2840 2894 2910 2944 2960 3053 3121 3161 3175 3228 3242 3298 3322
79 139 227 234 253 260 299 397 462 489 587 633 724 759 847 894 939 1022 1117 1172 1268 1287 1336 1345 1427 1467 1560 1589 1630 1698 1789 1864 1956 1962 1974 2057 2112 2179 2231 2311 2356 2421 2451 2548 2612 2660 2665 2751 2757 2806 2876 2920 2921 2980 3044 3105 3124 3213 3250 3256
56 69 110 146 170 240 310 389 451 479 496 549 560 617 676 744 770 820 893 895 915 930 1002 1064 1146 1218 1265 1309 1372 1390 1431 1433 1527 1559 1583 1604 1604 1645 1722 1755 1852 1949 2029 2080 2118 2170 2186 2240 2309 2359 2406 2427 2509 2577 2595 2631 2669 2712 2736
53 60 82 171 220 259 315 337 403 488 493 543 600 600 632 681 711 748 845 880 900 963 964 998 1087 1109 1200 1234 1297 1345 1345 1426 1428 1505 1603 1675 1725 1779 1846 1917 1949 2028 2068 2091 2127 2220 2255 2344 2409 2460 2494 2554 2562 2630 2639 2642 2721 2728
66 119 132 214 233 298 328 364 402 488 569 659 747 817 818 830 856 889 913 998 1055 1080 1137 1195 1200 1249 1275 1300 1318 1396 1478 1514 1579 1602 1629 1717 1741 1822 1919 1995 2025 2070 2158 2238 2330 2407 2479 2529 2569 2599 2648 2718 2811 2853 2879 2949 2994
64 122 181 209 261 273 314 380 473 492 494 578 671 756 786 843 908 999 1044 1044 1054 1127 1222 1274 1347 1357 1381 1470 1555 1570 1607 1695 1772 1833 1917 1996 2063 2066 2157 2195 2227 2300 2342 2360 2385 2482 2542 2548 2622 2703 2787 2862 2903 2952 3034 3066
32 110 118 152 209 297 335 401 474 532 624 688 719 732 821 869 879 926 940 1028 1086 1146 1212 1264 1276 1295 1382 1416 1426 1495 1577 1622 1701 1797 1866 1931 1952 1985 2073 2081 2125 2176 2241 2259 2268 2290 2362 2424 2432 2502 2505 2513 2551 2570 2651
75 98 138 165 200 210 235 332 387 393 474 512 578 676 732 773 807 897 905 970 994 1020 1051 1062 1101 1118 1162 1244 1276 1341 1385 1457 1501 1564 1613 1669 1753 1846 1871 1938 1959 1965 1983 2009 2080 2151 2238 2315 2384 2408 2479 2520 2532 2595
64 75 113 153 193 206 272 274 301 342 372 373 400 417 453 530 537 601 699 784 848 884 939 1019 1099 1117 1148 1212 1269 1294 1354 1420 1483 1497 1512 1598 1601 1630 1692 1758 1837 1861 1862 1872 1895 1929 2021 2054 2079 2175 2218 2277 2331
50 93 121 129 145 178 220 268 302 393 431 529 620 640 715 764 826 844 884 923 1012 1031 1103 1159 1176 1176 1268 1323 1327 1330 1381 1467 1501 1510 1581 1648 1707 1795 1890 1896 1966 2044 2084 2141 2195 2199 2236 2303 2322 2400 2464 2522
47 93 177 203 262 314 363 365 429 455 551 588 631 699 729 803 871 878 951 1008 1027 1066 1159 1211 1256 1267 1274 1292 1386 1422 1457 1476 1506 1543 1592 1684 1721 1812 1864 1946 2031 2089 2125 2176 2188 2277 2360 2429 2432 2524 2558
7 56 92 172 184 225 307 341 374 441 470 482 503 519 568 645 741 757 763 776 818 832 870 892 941 1002 1085 1154 1168 1217 1265 1308 1332 1350 1432 1471 1564 1617 1676 1751 1768 1770 1815 1827 1911 1924 1955 2048 2095 2135
32 33 79 109 112 129 147 244 254 338 430 467 541 619 676 737 774 845 918 948 1025 1025 1068 1112 1127 1139 1196 1257 1288 1313 1337 1377 1423 1469 1550 1594 1682 1774 1796 1806 1880 1965 1972 1994 2061 2086 2109 2113 2117
35 83 135 205 283 345 371 390 439 442 480 575 592 674 707 790 827 884 891 918 947 1039 1110 1140 1228 1314 1315 1334 1412 1424 1476 1512 1559 1598 1630 1697 1795 1887 1950 2033 2051 2061 2118 2182 2198 2244 2262 2280
24 29 126 172 187 224 266 344 413 493 494 514 559 640 641 674 759 845 865 960 1016 1042 1100 1181 1255 1343 1402 1478 1561 1573 1652 1720 1728 1804 1840 1910 1960 1992 2055 2118 2179 2237 2320 2379 2415 2482 2506
39 129 185 186 264 318 344 438 473 506 577 606 674 759 809 893 904 964 1010 1081 1104 1148 1174 1237 1317 1378 1392 1440 1459 1535 1609 1690 1739 1794 1827 1919 1955 1960 1988 2030 2038 2105 2114 2192 2262 2265
2 90 145 154 165 253 276 290 332 384 454 473 533 558 636 636 713 734 735 773 796 842 929 960 998 1051 1068 1078 1158 1213 1228 1250 1325 1352 1419 1455 1545 1553 1637 1723 1795 1822 1842 1893 1928
80 98 144 171 241 323 374 431 482 528 594 629 696 717 771 851 894 918 958 1018 1039 1096 1182 1205 1288 1310 1310 1391 1457 1519 1545 1641 1654 1664 1731 1772 1815 1842 1915 2000 2027 2050 2100 2171
8 37 89 118 179 203 266 276 354 437 503 576 580 626 724 730 768 848 927 952 1010 1037 1063 1077 1116 1131 1165 1248 1277 1302 1337 1405 1482 1576 1590 1658 1717 1749 1756 1809 1898 1944 1983
24 115 177 216 271 359 361 361 382 467 504 595 604 644 717 746 790 838 898 976 997 1068 1089 1100 1159 1181 1247 1342 1432 1460 1460 1485 1564 1569 1640 1725 1735 1786 1787 1824 1834 1932
6 49 112 124 200 210 293 301 329 382 478 542 596 668 756 830 870 933 1025 1078 1116 1127 1196 1229 1307 1320 1342 1387 1387 1390 1427 1460 1553 1624 1706 1713 1758 1848 1891 1959 1987
37 69 85 175 264 325 391 455 511 517 526 536 571 615 620 696 701 716 787 853 918 987 1049 1109 1181 1228 1289 1335 1375 1455 1477 1531 1546 1585 1655 1727 1737 1745 1836 1880
26 69 92 95 95 168 246 307 359 445 462 478 530 627 721 783 839 851 945 1040 1132 1213 1308 1311 1399 1497 1553 1641 1684 1761 1831 1917 1951 2044 2052 2107 2173 2224 2273
26 87 92 144 156 208 241 307 359 397 491 503 558 592 639 691 749 813 878 963 1036 1090 1132 1194 1285 1337 1354 1414 1467 1520 1612 1658 1710 1750 1758 1791 1855 1868
9 66 143 189 284 284 316 334 341 428 439 497 561 620 632 703 800 859 915 979 1022 1082 1112 1154 1191 1225 1256 1267 1276 1374 1401 1441 1519 1592 1678 1692 1772
36 119 169 175 208 250 345 439 493 525 606 664 751 828 885 961 1035 1097 1165 1206 1214 1254 1259 1350 1423 1428 1429 1450 1511 1534 1623 1710 1781 1791 1793 1809
52 83 95 120 161 173 203 266 276 320 354 445 497 574 605 691 694 753 813 824 889 936 956 990 1086 1111 1138 1166 1220 1281 1379 1407 1452 1507 1557
97 165 237 259 331 351 397 401 437 464 509 598 672 756 820 848 942 1009 1059 1139 1180 1274 1304 1393 1479 1488 1522 1549 1605 1650 1739 1806 1829 1899
86 107 173 220 290 373 400 419 506 564 597 650 676 741 782 838 897 926 1006 1007 1079 1129 1145 1190 1259 1295 1331 1352 1355 1379 1468 1535 1602
52 102 160 256 259 317 347 418 433 439 482 496 537 561 654 715 783 803 899 982 1074 1118 1176 1234 1264 1290 1365 1428 1522 1575 1639 1720
97 145 196 201 298 386 432 439 532 594 621 715 747 830 856 953 1015 1059 1157 1247 1256 1323 1351 1388 1462 1466 1511 1546 1605 1649 1695
43 141 149 206 277 294 348 390 446 536 629 636 666 692 728 811 861 891 954 1011 1028 1029 1087 1106 1195 1288 1359 1360 1440 1452
62 148 150 209 307 351 420 435 498 569 595 653 664 685 765 782 849 928 979 1035 1041 1097 1181 1258 1317 1394 1440 1511 1564
50 105 155 233 278 347 388 401 415 483 540 631 706 775 788 836 880 881 893 931 946 1024 1104 1129 1142 1155 1216 1299
40 123 174 266 296 313 399 440 498 591 654 714 719 755 776 864 941 1028 1054 1115 1195 1241 1267 1343 1414 1469 1472
94 178 194 275 292 309 335 372 428 444 459 498 561 617 690 699 778 861 894 983 1061 1150 1177 1207 1236 1311
67 148 234 252 308 391 398 453 458 535 553 570 614 702 735 752 753 791 826 872 927 940 965 1023 1046
56 110 113 197 215 265 267 276 290 332 338 436 478 561 610 700 795 811 831 887 916 951 1028 1045
22 39 61 91 167 241 307 369 391 471 566 566 604 651 722 740 805 893 964 1010 1067 1130 1152
78 173 186 284 311 350 443 515 524 559 599 662 698 755 786 867 871 875 971 1002 1062 1066
63 90 123 210 256 292 306 371 380 443 511 555 636 645 712 771 834 851 864 902 912
35 96 170 186 200 200 221 232 286 288 371 432 482 574 618 621 626 686 752 753
2 65 84 151 237 275 362 382 436 504 600 600 680 716 720 792 795 893 897
7 105 112 118 150 204 235 239 259 326 416 430 475 567 624 627 716 772
41 125 187 253 259 343 401 436 477 556 623 649 692 786 819 897 901
62 145 229 310 360 392 490 549 574 642 673 718 811 846 873 904
68 78 145 200 289 297 311 315 316 404 498 575 618 637 729
68 166 210 236 306 374 419 475 538 613 635 683 700 795
66 153 159 174 180 189 235 240 276 293 387 408 454
56 94 102 161 187 209 231 300 394 417 479 516
83 136 136 209 212 269 292 306 322 335 397
13 85 85 119 127 156 194 248 320 406
63 121 144 191 226 227 262 301 364
38 92 97 119 210 227 322 375
97 182 255 298 306 320 397
37 128 188 208 304 378
21 24 104 176 227
10 34 93 128
48 57 70
23 58
8
