47
64 101 113 132 138 213 276 294 303 386 436 474 525 530 583 650 677 719 798 879 950 990 1056 1071 1163 1185 1279 1290 1332 1340 1424 1453 1501 1562 1647 1694 1728 1804 1854 1896 1919 1993 2089 2168 2170 2266 2309
6 94 179 211 268 282 312 320 336 388 440 534 604 611 667 676 725 813 877 944 953 1045 1127 1157 1221 1231 1274 1297 1323 1410 1434 1438 1536 1600 1626 1707 1785 1878 1965 2055 2113 2203 2236 2236 2283 2291
29 106 200 286 313 405 472 541 548 585 638 676 732 740 763 817 841 938 974 1045 1132 1158 1198 1290 1340 1418 1442 1483 1510 1602 1673 1704 1737 1771 1780 1851 1876 1886 1944 1981 1991 2059 2060 2073 2149
39 121 155 235 284 310 368 465 527 543 615 616 712 724 803 898 963 1008 1057 1088 1169 1232 1243 1276 1349 1435 1485 1581 1657 1675 1746 1810 1820 1912 1951 1976 2014 2112 2121 2196 2198 2245 2329 2398
30 78 86 183 201 240 261 285 363 412 422 441 492 522 570 593 668 707 793 868 896 909 977 1013 1018 1024 1068 1109 1175 1223 1281 1316 1335 1410 1477 1565 1626 1723 1809 1873 1920 1997 1998
51 68 108 166 254 293 313 378 442 450 522 529 566 617 639 655 664 748 753 766 786 857 917 951 969 983 1023 1094 1143 1210 1296 1353 1441 1496 1534 1622 1663 1761 1800 1851 1930 2002
74 95 96 133 175 187 277 374 447 495 589 633 726 739 775 781 832 917 944 1023 1052 1132 1228 1287 1305 1338 1414 1461 1554 1572 1641 1698 1789 1853 1897 1977 2061 2117 2213 2263 2350
52 131 192 275 325 414 488 581 603 689 769 854 868 900 932 978 1045 1078 1113 1122 1198 1274 1278 1351 1423 1460 1520 1607 1609 1639 1642 1687 1777 1814 1818 1882 1905 1924 1992 1992
62 130 160 217 245 291 378 437 494 496 568 593 665 709 773 808 873 959 974 988 1030 1125 1147 1168 1191 1271 1282 1371 1414 1477 1520 1590 1657 1715 1760 1826 1857 1949 1995
66 113 128 158 168 251 259 260 327 377 432 472 518 520 611 695 756 840 907 988 1024 1080 1141 1206 1291 1375 1463 1465 1519 1586 1606 1645 1694 1762 1818 1855 1904 1929
5 90 121 136 184 278 367 406 422 497 578 578 581 658 660 703 747 760 850 897 936 974 1063 1075 1144 1153 1214 1250 1305 1386 1438 1480 1542 1638 1701 1737 1755
94 165 214 273 363 435 511 550 564 570 588 631 699 704 774 809 858 919 995 1081 1084 1112 1163 1248 1260 1309 1328 1340 1366 1431 1498 1563 1574 1614 1675 1690
36 131 138 213 284 375 407 489 517 538 592 643 732 808 815 822 903 948 1045 1115 1150 1245 1316 1394 1466 1483 1539 1576 1658 1725 1761 1828 1851 1932 1999
59 143 165 233 320 412 414 499 507 580 649 730 798 812 894 936 1016 1035 1098 1149 1234 1277 1344 1372 1398 1402 1446 1517 1518 1593 1629 1646 1726 1777
83 127 206 286 368 400 471 546 638 654 656 733 813 853 884 971 1020 1063 1112 1169 1205 1298 1372 1398 1484 1582 1677 1705 1741 1743 1823 1849 1929
14 89 100 170 217 273 301 321 380 416 476 527 554 638 668 741 808 894 936 955 1004 1071 1135 1166 1249 1281 1303 1333 1386 1432 1458 1503
62 151 167 211 280 302 327 377 469 566 625 704 729 781 867 940 1016 1028 1062 1140 1216 1255 1343 1377 1404 1486 1496 1536 1618 1629 1653
30 40 73 109 164 186 263 279 283 317 327 407 429 470 560 625 640 700 732 811 862 899 972 1003 1081 1142 1161 1210 1265 1353
55 109 114 130 144 169 194 205 282 296 316 352 444 484 491 555 558 587 666 708 763 796 844 927 1022 1106 1170 1228 1237
15 56 110 115 126 192 260 296 337 387 415 438 527 589 673 735 796 831 901 941 941 1015 1092 1176 1236 1285 1331 1413
97 113 133 150 231 264 310 345 392 424 514 519 573 667 715 777 850 866 866 898 977 1053 1071 1071 1130 1156 1214
21 57 62 107 161 240 319 402 409 451 492 508 575 648 688 732 746 790 888 919 1008 1061 1148 1185 1197 1235
76 126 154 205 290 302 361 403 444 524 603 604 627 649 685 779 821 821 889 952 1002 1021 1084 1181 1253
24 73 152 157 240 252 343 391 486 499 575 598 694 790 862 916 956 1032 1121 1155 1196 1257 1302 1391
18 71 115 160 205 247 259 356 406 435 494 513 579 612 612 694 761 855 949 983 993 1016 1045
13 106 109 143 168 249 283 296 303 375 459 469 498 580 622 717 746 772 835 895 898 939
78 116 154 214 271 297 328 406 431 456 508 605 677 756 786 805 811 833 921 975 1044
9 40 69 117 181 270 319 355 366 415 415 458 543 588 644 678 727 781 848 934
80 169 260 299 334 338 400 421 431 434 471 535 583 678 692 736 780 861 862
78 171 246 317 341 373 380 401 404 408 467 539 631 655 663 663 669 735
25 81 105 127 215 291 360 458 551 555 564 633 703 750 814 872 892
15 29 107 108 112 202 289 319 346 364 461 521 550 573 669 756
80 134 147 203 220 257 344 363 459 480 565 565 604 622 631
41 66 66 101 171 209 275 333 401 498 538 589 664 736
87 100 117 160 207 252 341 424 484 485 568 595 647
47 128 139 149 158 178 213 280 300 336 381 434
33 131 216 247 287 340 349 390 449 503 598
41 134 177 263 345 430 453 516 590 604
5 87 144 225 288 295 393 453 541
26 43 129 196 223 280 316 379
98 176 213 277 295 356 398
43 64 158 205 299 306
56 118 138 195 217
13 105 143 216
95 186 252
69 123
45
