96
27 43 49 76 126 224 228 282 363 447 456 490 510 565 660 680 689 784 785 850 891 918 938 1016 1086 1093 1171 1205 1268 1271 1273 1281 1367 1453 1484 1543 1589 1620 1629 1660 1744 1821 1895 1973 2020 2072 2161 2195 2224 2310 2377 2454 2459 2509 2585 2616 2669 2683 2706 2780 2782 2848 2936 2992 3055 3079 3079 3111 3134 3157 3184 3279 3317 3367 3454 3468 3563 3569 3613 3677 3690 3730 3805 3874 3889 3962 3972 3986 4044 4077 4084 4150 4217 4226 4289 4363
34 113 146 199 231 233 284 328 366 368 401 464 533 612 662 671 719 795 839 893 900 966 1055 1153 1190 1268 1333 1420 1421 1502 1545 1633 1723 1762 1812 1851 1941 2019 2039 2069 2165 2224 2315 2374 2420 2439 2488 2510 2549 2595 2689 2744 2832 2914 2942 2962 3029 3126 3151 3176 3191 3215 3302 3387 3442 3464 3530 3549 3644 3694 3718 3784 3836 3927 3967 4011 4084 4134 4160 4179 4197 4233 4270 4275 4313 4373 4459 4528 4572 4646 4660 4736 4827 4883 4894
10 76 158 253 281 290 384 480 503 564 662 717 786 858 948 963 1037 1072 1140 1225 1266 1273 1295 1369 1369 1456 1483 1535 1582 1672 1756 1824 1885 1971 1979 2024 2038 2107 2186 2204 2239 2246 2261 2267 2362 2396 2432 2528 2552 2613 2613 2659 2678 2694 2766 2809 2831 2870 2875 2937 2990 3029 3127 3189 3200 3201 3224 3250 3280 3363 3415 3431 3522 3608 3616 3677 3770 3795 3864 3961 4020 4114 4133 4159 4255 4317 4323 4418 4425 4486 4581 4642 4662 4699
76 121 198 212 294 331 374 408 454 520 564 592 674 760 804 883 943 1035 1068 1120 1169 1195 1239 1250 1345 1425 1508 1547 1567 1628 1709 1764 1835 1848 1891 1945 2025 2105 2131 2203 2282 2372 2373 2448 2524 2567 2601 2605 2661 2663 2721 2790 2842 2886 2926 2928 2932 3024 3067 3145 3177 3248 3329 3368 3401 3414 3465 3536 3577 3630 3692 3715 3768 3825 3856 3951 4012 4103 4166 4247 4340 4433 4439 4449 4467 4544 4617 4660 4732 4806 4839 4849 4870
2 74 78 164 197 200 238 264 313 359 441 496 577 641 721 763 848 887 949 1044 1127 1133 1188 1264 1280 1320 1337 1369 1382 1445 1526 1537 1591 1609 1645 1688 1701 1758 1802 1831 1891 1970 1988 2043 2069 2156 2195 2256 2334 2411 2479 2542 2573 2624 2634 2721 2772 2820 2899 2992 3039 3039 3105 3164 3195 3283 3379 3380 3417 3452 3461 3540 3613 3686 3755 3765 3766 3815 3821 3915 3935 3943 4039 4126 4173 4261 4359 4407 4476 4490 4545 4602
59 127 188 247 277 344 360 401 440 455 522 563 636 685 734 791 852 906 943 993 1049 1112 1127 1168 1253 1281 1352 1442 1493 1557 1599 1601 1675 1732 1810 1848 1894 1937 2035 2063 2158 2195 2273 2284 2324 2362 2403 2426 2437 2506 2514 2585 2616 2706 2766 2847 2896 2934 3032 3110 3189 3221 3230 3325 3398 3410 3467 3522 3591 3607 3624 3636 3669 3767 3791 3813 3867 3945 3946 3961 4059 4080 4097 4136 4219 4263 4308 4358 4444 4490 4559
11 41 105 203 291 370 407 466 473 564 660 681 709 734 790 798 837 927 948 1001 1026 1047 1139 1224 1288 1340 1427 1480 1553 1646 1685 1686 1707 1783 1796 1818 1834 1895 1992 2056 2079 2174 2177 2204 2297 2386 2414 2466 2532 2552 2574 2576 2607 2630 2658 2716 2809 2877 2971 3009 3071 3085 3148 3175 3253 3341 3382 3450 3546 3584 3601 3677 3744 3808 3871 3899 3911 4004 4092 4097 4134 4147 4199 4214 4307 4401 4433 4530 4539 4604
49 75 88 124 150 155 240 275 298 388 422 492 569 589 628 704 718 802 871 921 995 1030 1052 1087 1174 1211 1270 1342 1409 1498 1525 1594 1634 1651 1654 1751 1841 1856 1935 2014 2054 2075 2093 2164 2187 2231 2302 2312 2316 2349 2388 2408 2488 2519 2543 2592 2607 2688 2746 2788 2843 2887 2982 2987 3059 3138 3235 3316 3398 3455 3485 3568 3650 3708 3726 3823 3877 3895 3925 3961 4048 4125 4201 4209 4270 4277 4357 4371 4401
37 43 76 153 243 245 339 394 451 495 515 600 656 700 704 756 831 925 980 1014 1045 1064 1089 1120 1217 1239 1309 1339 1434 1501 1587 1625 1683 1684 1709 1785 1865 1928 1983 1993 2056 2131 2217 2261 2317 2378 2475 2534 2552 2636 2729 2810 2907 2980 3022 3032 3076 3077 3083 3141 3194 3283 3304 3359 3440 3466 3508 3557 3645 3679 3682 3747 3832 3842 3850 3909 3932 3987 4003 4027 4030 4047 4061 4139 4191 4253 4306 4314
37 58 120 201 260 349 414 419 424 473 528 587 597 598 646 706 786 832 888 981 1028 1064 1072 1145 1161 1161 1218 1280 1331 1424 1442 1461 1531 1607 1643 1731 1741 1784 1853 1873 1878 1900 1984 2008 2071 2157 2160 2204 2280 2352 2397 2466 2505 2551 2568 2614 2634 2662 2681 2715 2789 2794 2886 2932 2944 2990 3054 3087 3117 3177 3254 3298 3325 3406 3500 3522 3608 3655 3723 3797 3874 3931 3974 4040 4070 4134 4221
91 137 217 254 304 325 394 427 429 526 617 658 682 743 830 858 888 977 1026 1124 1215 1258 1331 1382 1399 1455 1510 1571 1596 1670 1670 1728 1791 1888 1909 2005 2034 2047 2141 2229 2237 2275 2334 2429 2461 2531 2532 2591 2629 2709 2739 2793 2823 2838 2928 2977 3027 3086 3093 3149 3195 3245 3246 3312 3344 3396 3491 3523 3570 3665 3689 3697 3792 3804 3883 3897 3983 4026 4042 4049 4091 4156 4168 4237 4330 4337
59 117 177 178 211 246 331 384 432 475 545 600 636 657 696 730 765 802 808 883 952 974 1048 1137 1216 1219 1238 1312 1383 1479 1575 1620 1689 1761 1800 1873 1915 1964 2029 2034 2090 2109 2174 2202 2261 2352 2357 2375 2412 2428 2516 2568 2596 2693 2739 2779 2854 2927 2987 3002 3067 3102 3119 3200 3254 3334 3429 3464 3491 3588 3649 3697 3771 3794 3804 3865 3931 3948 4043 4098 4174 4257 4260 4300 4339
63 71 117 135 180 245 308 345 377 466 550 624 696 737 758 821 847 858 902 987 1063 1072 1092 1133 1148 1176 1255 1287 1361 1378 1385 1456 1540 1565 1649 1708 1749 1792 1862 1876 1956 1962 2010 2037 2066 2066 2100 2112 2141 2152 2233 2242 2242 2316 2352 2405 2461 2535 2577 2597 2620 2629 2722 2801 2883 2910 2962 3046 3125 3135 3190 3197 3219 3242 3328 3371 3404 3409 3462 3478 3523 3539 3603 3700
13 44 64 121 171 240 260 347 404 471 483 579 598 693 758 772 847 940 954 966 1009 1058 1093 1182 1243 1340 1366 1376 1435 1477 1501 1539 1565 1575 1624 1713 1775 1779 1790 1808 1812 1901 1949 1997 2000 2079 2145 2145 2186 2219 2227 2236 2314 2375 2428 2492 2579 2609 2680 2682 2691 2755 2767 2817 2871 2923 2997 3071 3169 3200 3232 3261 3345 3425 3483 3521 3612 3691 3707 3741 3830 3901 3976
63 72 160 180 186 269 332 414 507 576 591 591 681 685 693 711 728 741 802 829 901 921 976 1045 1103 1192 1253 1350 1386 1410 1476 1501 1524 1586 1607 1645 1724 1742 1809 1834 1901 1973 2063 2147 2197 2278 2316 2391 2400 2406 2473 2530 2563 2590 2629 2710 2792 2839 2887 2907 2971 3021 3101 3140 3163 3178 3190 3222 3310 3366 3388 3420 3508 3598 3638 3719 3771 3857 3869 3882 3908 3936
76 83 116 134 201 268 338 399 420 428 439 505 595 662 741 827 895 942 1014 1074 1091 1105 1115 1158 1235 1266 1321 1340 1349 1419 1448 1521 1600 1684 1710 1715 1799 1870 1935 2011 2034 2048 2049 2119 2196 2231 2326 2373 2434 2485 2489 2576 2624 2673 2739 2740 2815 2906 2960 3033 3050 3105 3166 3250 3275 3293 3295 3388 3428 3436 3530 3614 3668 3675 3770 3825 3862 3901 3958 3970 3989
33 119 214 241 331 409 484 545 592 665 710 742 792 843 892 914 971 1054 1143 1144 1209 1280 1304 1379 1461 1549 1564 1632 1678 1713 1756 1783 1787 1850 1886 1953 2013 2064 2094 2123 2125 2203 2224 2288 2299 2311 2316 2352 2427 2457 2550 2585 2588 2680 2759 2766 2820 2830 2864 2949 3046 3130 3179 3215 3312 3321 3379 3477 3532 3603 3677 3703 3784 3847 3933 3962 4023 4064 4097 4192
66 99 102 129 181 220 301 328 388 410 410 420 425 471 559 610 680 712 721 775 815 830 892 953 987 1045 1072 1121 1123 1145 1208 1295 1339 1358 1371 1436 1451 1525 1536 1612 1670 1694 1784 1852 1902 1945 2006 2043 2140 2217 2250 2330 2387 2424 2519 2524 2555 2585 2606 2670 2768 2788 2861 2916 2967 3017 3031 3081 3149 3200 3291 3342 3374 3420 3507 3512 3602 3686 3706
21 99 123 189 222 237 318 341 423 485 562 607 623 718 800 884 891 934 955 1051 1142 1200 1202 1299 1309 1390 1447 1512 1579 1631 1692 1751 1837 1872 1955 2004 2078 2175 2249 2292 2373 2416 2449 2523 2582 2587 2636 2705 2710 2715 2777 2822 2830 2834 2878 2926 2994 3027 3084 3178 3192 3229 3281 3304 3381 3389 3392 3407 3486 3545 3570 3666 3716 3725 3792 3870 3927 3940
38 81 153 191 227 270 297 391 474 483 486 518 599 645 656 669 688 692 692 755 819 913 942 969 999 1073 1164 1180 1260 1286 1367 1442 1491 1561 1655 1723 1767 1834 1920 2015 2020 2113 2163 2212 2212 2296 2335 2361 2367 2404 2417 2504 2586 2601 2618 2618 2686 2698 2771 2815 2826 2903 2918 2940 3016 3077 3090 3133 3150 3244 3278 3316 3397 3458 3462 3534 3549
75 158 246 290 297 339 425 433 434 477 524 528 620 639 734 762 762 812 865 951 1025 1053 1085 1107 1107 1131 1162 1231 1250 1268 1282 1349 1422 1462 1550 1599 1644 1710 1804 1830 1902 1923 1934 2017 2065 2077 2170 2209 2256 2341 2384 2424 2438 2443 2469 2532 2582 2606 2658 2666 2688 2696 2706 2735 2774 2788 2872 2891 2921 2950 3010 3064 3114 3181 3188 3230
55 151 232 316 391 424 458 536 567 627 666 740 754 762 812 833 902 947 961 969 993 1013 1021 1058 1144 1174 1232 1279 1327 1343 1363 1457 1493 1568 1595 1633 1669 1680 1725 1750 1776 1851 1854 1883 1938 1999 2048 2068 2078 2139 2143 2186 2265 2348 2407 2478 2562 2590 2675 2767 2844 2847 2855 2899 2963 2974 2993 3001 3080 3128 3190 3281 3321 3412 3489
28 61 136 176 273 309 359 440 455 507 543 557 630 675 717 774 786 835 912 913 988 1045 1068 1137 1174 1223 1306 1353 1422 1491 1497 1537 1549 1555 1611 1702 1733 1824 1886 1953 1982 2069 2092 2110 2190 2223 2275 2292 2353 2420 2517 2517 2576 2654 2747 2755 2760 2848 2913 2945 2986 3036 3112 3202 3257 3282 3296 3335 3418 3481 3489 3494 3527 3551
95 184 197 258 351 373 406 440 470 549 598 638 700 790 811 849 899 918 985 1054 1075 1128 1194 1239 1310 1403 1405 1491 1548 1606 1611 1611 1626 1644 1720 1805 1871 1928 1978 2028 2080 2164 2247 2248 2278 2371 2404 2436 2439 2525 2621 2680 2697 2767 2852 2866 2925 2960 2976 3018 3057 3073 3131 3181 3232 3299 3359 3377 3403 3432 3505 3517 3565
34 121 187 241 256 278 282 283 363 423 424 425 434 526 598 618 635 677 737 779 865 906 913 1001 1068 1106 1112 1200 1263 1358 1369 1385 1398 1464 1551 1605 1679 1681 1764 1794 1815 1889 1907 1974 2030 2125 2191 2193 2258 2338 2355 2369 2371 2406 2504 2517 2544 2613 2665 2694 2702 2749 2789 2846 2930 2945 3010 3017 3031 3052 3150 3231
1 40 126 197 220 262 294 357 433 447 481 545 559 617 666 692 714 810 813 894 929 1018 1101 1189 1272 1280 1325 1375 1472 1537 1609 1672 1752 1792 1817 1845 1885 1895 1902 1977 1996 2008 2087 2143 2239 2299 2381 2415 2417 2463 2515 2558 2595 2615 2642 2674 2686 2691 2709 2789 2800 2852 2877 2962 3058 3105 3106 3117 3179 3195 3216
16 51 77 148 168 215 242 258 315 403 432 472 535 563 632 682 703 751 804 829 882 942 976 1050 1122 1180 1193 1220 1274 1337 1344 1348 1417 1452 1547 1620 1657 1742 1819 1885 1908 1982 2025 2078 2136 2181 2185 2217 2313 2352 2432 2486 2569 2645 2742 2777 2832 2873 2948 3015 3065 3107 3173 3255 3291 3296 3337 3430 3485 3534
67 113 178 203 269 296 393 440 463 508 520 527 529 565 611 622 687 706 782 879 937 964 1013 1030 1041 1121 1142 1142 1210 1299 1376 1379 1460 1525 1558 1633 1698 1740 1755 1767 1829 1891 1918 1960 1974 2028 2103 2139 2230 2262 2347 2397 2464 2525 2587 2617 2709 2725 2765 2813 2881 2946 3013 3042 3089 3119 3198 3234 3322
28 28 71 161 213 224 235 237 270 334 380 445 526 569 664 757 828 890 933 933 940 957 1008 1023 1095 1144 1178 1196 1241 1312 1399 1468 1523 1528 1593 1604 1682 1727 1775 1805 1853 1918 1977 1991 2057 2076 2172 2185 2190 2269 2309 2358 2422 2509 2588 2657 2665 2669 2715 2803 2812 2894 2974 2999 3049 3086 3109 3169
4 24 84 135 155 245 259 352 441 532 626 711 770 772 802 900 902 997 1075 1148 1163 1236 1251 1334 1353 1448 1488 1545 1624 1690 1774 1787 1873 1903 1934 1935 1951 1963 2032 2130 2172 2221 2319 2375 2449 2526 2567 2602 2628 2719 2781 2835 2920 2980 2991 3053 3122 3126 3190 3243 3301 3323 3361 3433 3515 3600 3608
99 151 211 222 278 297 386 475 527 567 583 606 690 729 771 791 818 876 900 928 948 1000 1009 1028 1111 1162 1253 1349 1430 1475 1479 1495 1545 1635 1660 1701 1730 1740 1760 1783 1870 1961 2045 2093 2097 2141 2157 2166 2251 2269 2352 2434 2521 2574 2598 2642 2646 2711 2733 2825 2839 2863 2874 2923 2966 3002
57 143 155 155 211 236 295 308 318 328 412 451 546 607 620 716 736 748 773 831 901 954 1007 1064 1084 1166 1246 1310 1351 1429 1480 1528 1592 1685 1722 1794 1820 1912 1961 1993 2071 2098 2152 2170 2240 2322 2394 2467 2538 2611 2644 2693 2769 2797 2854 2883 2935 2976 3001 3011 3054 3094 3126 3153 3167
36 103 110 170 265 289 316 353 388 461 532 574 618 633 706 741 790 833 837 920 945 968 1001 1045 1114 1139 1139 1207 1252 1279 1301 1337 1339 1344 1425 1434 1508 1542 1562 1650 1743 1781 1871 1891 1986 2061 2129 2197 2237 2259 2355 2395 2465 2507 2571 2649 2734 2827 2900 2983 3061 3123 3152 3170
8 89 157 178 221 236 317 415 500 579 637 658 712 783 861 951 1024 1094 1096 1102 1167 1260 1325 1327 1362 1440 1504 1562 1654 1704 1795 1799 1884 1949 1988 2050 2138 2222 2250 2341 2356 2415 2474 2548 2560 2566 2637 2710 2805 2827 2913 2961 3041 3079 3109 3124 3205 3264 3265 3344 3360 3445 3543
2 99 159 219 224 290 336 360 409 416 492 562 580 610 676 734 790 863 912 930 973 1032 1054 1146 1229 1241 1294 1306 1344 1388 1434 1519 1592 1613 1615 1712 1742 1747 1836 1916 1930 1938 2004 2073 2170 2215 2239 2239 2271 2368 2422 2480 2558 2573 2647 2685 2713 2745 2756 2778 2814 2866
97 136 183 239 300 312 343 349 436 492 581 668 761 788 858 918 954 958 1014 1094 1170 1236 1287 1323 1335 1335 1366 1441 1457 1509 1590 1668 1753 1840 1846 1873 1918 1977 1985 2027 2121 2173 2209 2246 2307 2323 2324 2381 2423 2445 2486 2543 2631 2631 2696 2775 2807 2859 2892 2983 3069
23 120 157 202 211 303 382 475 572 642 699 753 777 852 921 927 929 994 1077 1143 1199 1260 1341 1438 1449 1485 1562 1580 1603 1638 1693 1770 1815 1827 1844 1937 1962 1971 2049 2129 2206 2243 2312 2402 2469 2554 2573 2669 2716 2764 2825 2844 2898 2945 2979 3024 3075 3163 3194 3233
82 177 239 314 348 414 487 517 527 547 560 574 621 659 724 738 767 774 818 858 871 912 997 1089 1100 1191 1203 1211 1279 1333 1349 1394 1442 1475 1504 1508 1605 1612 1650 1691 1770 1813 1908 1946 1998 2009 2015 2034 2034 2073 2095 2167 2223 2271 2292 2358 2425 2471 2509
95 100 178 255 329 417 446 543 561 602 693 704 802 900 963 1020 1050 1085 1091 1115 1198 1216 1255 1307 1378 1411 1495 1501 1503 1513 1535 1591 1642 1643 1655 1689 1735 1750 1771 1799 1808 1877 1965 2031 2085 2165 2182 2235 2238 2275 2350 2372 2443 2514 2540 2599 2640 2731
68 117 162 236 323 353 408 504 521 595 662 747 750 754 755 832 906 955 1005 1086 1093 1151 1152 1244 1332 1409 1439 1530 1605 1690 1717 1798 1830 1862 1889 1934 2005 2053 2076 2102 2166 2228 2255 2262 2295 2324 2378 2444 2477 2554 2559 2568 2657 2729 2734 2768 2790
38 129 188 210 308 312 360 378 388 452 500 564 583 583 602 636 666 666 698 727 759 823 850 912 952 983 996 1080 1095 1125 1216 1274 1294 1364 1462 1527 1612 1695 1726 1799 1803 1860 1920 1933 2005 2074 2080 2097 2179 2222 2283 2347 2408 2465 2514 2580
98 115 208 278 304 332 426 519 538 607 692 750 806 817 888 946 960 1047 1050 1076 1139 1186 1196 1209 1307 1307 1348 1422 1510 1605 1626 1683 1766 1806 1903 1985 2057 2137 2199 2231 2327 2398 2436 2451 2493 2559 2561 2604 2612 2638 2685 2753 2820 2904 2958
30 58 154 219 271 275 353 379 439 442 504 521 539 575 581 601 686 773 820 845 856 952 1017 1073 1077 1104 1128 1137 1204 1281 1347 1406 1488 1577 1623 1697 1751 1775 1811 1855 1863 1893 1920 2012 2045 2074 2130 2212 2290 2292 2342 2401 2477 2574
55 119 149 231 251 300 308 321 335 375 377 456 499 554 643 726 759 813 854 871 935 944 986 1062 1081 1145 1186 1200 1219 1221 1228 1268 1285 1336 1352 1411 1445 1526 1562 1579 1658 1666 1691 1751 1820 1862 1895 1939 2010 2040 2054 2134 2222
2 23 55 71 148 163 241 315 375 427 470 540 580 650 666 739 798 853 901 953 1027 1122 1191 1278 1295 1311 1392 1477 1520 1605 1621 1719 1767 1771 1839 1841 1871 1924 1939 1964 2053 2079 2127 2194 2245 2253 2330 2359 2448 2476 2570 2625
46 116 131 180 188 216 218 261 322 348 433 507 586 666 744 811 837 850 871 931 1021 1117 1136 1229 1229 1282 1327 1401 1422 1501 1559 1604 1627 1642 1720 1804 1891 1911 1938 1987 2037 2053 2079 2163 2230 2238 2321 2357 2424 2489 2550
58 70 164 203 272 273 313 405 474 525 616 684 698 708 710 722 735 814 817 818 858 929 972 1017 1098 1130 1225 1244 1311 1364 1452 1527 1601 1650 1661 1679 1728 1791 1805 1865 1921 1947 1953 2027 2114 2115 2130 2169 2207 2260
46 140 227 311 319 342 440 484 501 546 600 679 751 823 881 925 1016 1096 1120 1216 1243 1309 1374 1408 1430 1479 1505 1595 1642 1699 1741 1764 1838 1934 2032 2077 2092 2103 2161 2177 2178 2225 2250 2288 2300 2334 2370 2454 2501
80 95 99 140 237 244 261 264 348 373 444 446 481 483 534 613 630 645 650 735 767 830 840 878 905 945 964 979 996 1015 1024 1068 1154 1234 1319 1348 1362 1440 1496 1562 1658 1670 1700 1790 1799 1866 1913 1921
91 101 116 158 240 243 278 357 369 465 472 472 515 523 620 631 727 741 781 853 900 961 1047 1139 1162 1213 1263 1296 1390 1470 1537 1602 1673 1768 1788 1812 1841 1892 1938 1971 2021 2046 2132 2222 2237 2320 2400
33 57 99 161 220 318 338 422 444 466 507 522 584 657 722 736 754 791 805 868 943 955 1019 1064 1130 1142 1232 1270 1292 1389 1400 1435 1489 1497 1523 1567 1660 1705 1711 1788 1837 1911 1924 1927 1942 1944
31 69 159 245 288 374 424 463 547 628 637 724 815 851 891 925 967 1051 1131 1140 1200 1273 1354 1387 1437 1474 1507 1590 1624 1710 1752 1759 1826 1862 1932 1972 2067 2092 2104 2201 2241 2292 2338 2430 2493
57 154 192 204 301 379 387 462 497 540 620 694 777 868 942 947 989 990 1078 1132 1182 1279 1320 1340 1354 1389 1428 1468 1564 1589 1649 1722 1791 1848 1943 1981 2072 2142 2150 2185 2199 2205 2283 2361
83 181 272 333 368 429 446 498 571 651 704 800 881 884 974 1052 1060 1112 1164 1188 1229 1321 1383 1408 1441 1480 1516 1554 1640 1647 1737 1790 1837 1929 1936 2007 2040 2040 2076 2084 2125 2202 2266
43 102 109 161 198 220 311 355 407 444 530 598 659 689 716 754 773 804 898 948 1016 1053 1118 1125 1167 1265 1268 1328 1377 1414 1427 1508 1514 1583 1631 1724 1801 1823 1891 1929 1958 1976
30 44 63 104 141 224 267 286 310 374 453 513 586 593 602 693 759 835 928 1023 1092 1126 1197 1231 1270 1326 1377 1415 1482 1540 1601 1644 1664 1735 1790 1861 1891 1954 1967 1987 2048
12 39 109 139 178 224 291 385 427 466 557 641 716 776 846 943 998 1085 1132 1162 1209 1295 1360 1431 1517 1529 1600 1626 1716 1781 1782 1862 1902 1940 2007 2015 2075 2135 2215 2220
91 159 210 272 351 376 469 524 600 605 678 738 813 894 932 935 1009 1022 1061 1068 1070 1139 1165 1231 1304 1323 1421 1459 1507 1601 1682 1703 1725 1774 1820 1881 1923 1974 1991
51 127 131 221 242 271 326 335 378 402 470 491 501 552 582 637 652 657 721 779 793 796 819 835 910 922 957 1050 1050 1129 1191 1239 1271 1357 1428 1440 1472 1492
49 74 103 198 272 281 315 334 421 467 492 492 544 633 719 762 819 849 860 866 926 988 1044 1077 1092 1185 1242 1251 1327 1332 1406 1485 1525 1552 1561 1583 1591
41 80 84 99 152 166 262 306 384 450 466 508 570 650 671 720 781 851 913 914 968 1061 1075 1149 1230 1319 1382 1425 1481 1521 1528 1560 1564 1606 1636 1657
27 125 130 218 280 303 388 442 494 540 588 592 643 680 733 776 809 826 876 879 976 1051 1097 1099 1146 1235 1260 1354 1383 1402 1443 1489 1503 1517 1523
16 37 121 160 171 205 283 334 348 386 401 409 412 435 450 484 570 631 724 752 849 882 913 937 966 1063 1070 1073 1141 1202 1300 1350 1388 1471
43 126 182 220 277 337 392 467 486 541 614 633 713 767 799 822 880 907 952 998 1050 1075 1123 1157 1159 1163 1164 1174 1177 1243 1303 1329 1371
54 129 223 297 379 464 527 550 594 676 687 706 778 809 892 943 1028 1123 1132 1177 1196 1251 1265 1322 1375 1459 1556 1642 1693 1756 1827 1919
99 181 210 237 332 379 426 490 533 625 709 755 775 836 923 931 998 1028 1077 1093 1162 1196 1252 1341 1425 1428 1489 1508 1578 1594 1682
60 155 186 247 271 318 385 406 443 491 494 521 605 609 691 719 743 802 871 956 1031 1042 1096 1125 1196 1243 1311 1342 1418 1486
73 166 236 276 281 293 377 438 495 521 613 684 727 742 807 807 847 892 948 1015 1078 1114 1162 1213 1283 1328 1364 1386 1417
40 88 143 212 262 272 323 346 442 476 504 518 567 613 664 743 771 804 858 920 944 964 987 988 1002 1068 1136 1155
66 141 143 215 223 253 269 296 364 387 456 495 523 534 549 565 590 658 701 713 754 791 881 946 947 1035 1109
3 35 105 119 142 239 282 291 302 365 394 401 456 460 474 528 573 589 649 705 734 768 857 888 962 987
41 41 86 140 238 334 356 453 464 474 562 658 707 789 885 909 968 1024 1063 1125 1170 1262 1322 1388 1426
63 66 71 76 89 126 173 185 231 316 328 368 451 504 520 568 620 629 693 758 843 861 867 915
66 123 216 257 347 391 475 484 498 567 579 639 654 658 732 763 829 881 928 995 1049 1068 1156
53 60 117 166 187 192 286 311 338 342 410 504 589 662 749 816 863 925 971 1048 1117 1200
11 78 165 231 231 311 404 449 524 538 539 552 647 690 695 739 818 906 948 966 982
11 28 121 136 151 187 219 257 326 423 506 535 620 700 728 787 869 957 975 996
88 171 249 315 407 474 509 574 581 626 647 673 705 744 766 853 873 942 962
28 33 109 117 184 269 285 287 341 406 490 545 623 626 723 808 809 894
16 42 115 195 195 197 211 308 320 370 372 445 493 586 674 717 808
66 131 148 161 173 261 352 421 481 492 541 591 681 690 744 761
91 152 166 242 262 335 427 481 575 659 723 806 898 973 1069
92 182 280 312 408 460 510 579 674 734 750 761 818 837
90 176 274 296 319 324 380 387 472 521 567 660 661
75 173 203 230 250 332 371 446 522 526 618 631
55 125 128 151 223 267 334 359 367 413 449
85 130 162 227 247 292 319 324 370 458
25 113 181 197 229 315 358 451 529
70 105 153 214 273 369 384 432
7 87 184 192 264 271 300
4 74 94 100 192 202
56 139 235 258 266
36 98 130 206
24 100 195
57 58
98
