91
42 89 103 122 171 242 316 407 494 512 555 608 628 638 712 730 750 785 815 886 950 1046 1059 1063 1088 1099 1175 1210 1293 1353 1378 1392 1408 1498 1530 1580 1670 1736 1789 1856 1939 1993 2065 2105 2182 2237 2309 2393 2448 2516 2568 2641 2689 2786 2873 2942 2975 3045 3101 3109 3170 3175 3205 3249 3263 3348 3387 3483 3525 3590 3625 3627 3637 3725 3766 3775 3867 3889 3899 3914 3959 3961 3965 3969 4060 4148 4234 4296 4346 4373 4437
36 102 107 169 181 211 227 275 367 442 462 495 525 561 645 676 763 816 845 852 881 889 939 949 1013 1076 1106 1117 1177 1198 1223 1267 1330 1362 1395 1471 1501 1512 1544 1638 1646 1707 1802 1833 1902 1981 2048 2094 2134 2173 2178 2231 2261 2269 2360 2377 2466 2503 2592 2621 2644 2680 2748 2806 2878 2968 3040 3041 3131 3172 3209 3246 3288 3356 3420 3508 3532 3537 3556 3568 3635 3666 3753 3765 3769 3829 3887 3981 4031 4106
45 132 229 260 281 373 453 520 536 568 645 705 803 856 890 950 957 990 1072 1095 1177 1252 1253 1258 1280 1295 1319 1343 1392 1424 1471 1513 1592 1690 1705 1796 1799 1857 1893 1980 2043 2085 2135 2187 2226 2271 2325 2423 2439 2504 2521 2611 2670 2676 2682 2715 2781 2852 2896 2902 2918 2959 2982 3079 3172 3223 3310 3359 3455 3538 3563 3635 3662 3734 3794 3839 3881 3917 3927 3967 4059 4117 4201 4214 4226 4320 4408 4493 4579
60 66 127 200 256 305 401 491 494 512 592 636 656 721 762 789 825 863 881 934 1004 1043 1085 1130 1186 1213 1254 1313 1367 1448 1479 1534 1562 1598 1687 1781 1815 1846 1940 2025 2108 2193 2205 2249 2291 2301 2309 2401 2421 2422 2516 2589 2607 2624 2678 2773 2850 2920 2994 3078 3098 3155 3184 3242 3340 3379 3417 3429 3480 3493 3532 3535 3631 3690 3703 3760 3807 3855 3940 4002 4085 4136 4181 4246 4308 4360 4386 4456
9 31 87 110 158 177 220 309 376 390 391 407 416 485 566 642 658 751 756 760 810 811 892 978 1032 1106 1194 1244 1262 1349 1353 1363 1372 1449 1529 1605 1623 1631 1661 1712 1809 1843 1864 1922 1949 1959 2020 2069 2157 2179 2231 2291 2383 2407 2410 2431 2466 2505 2593 2603 2620 2622 2651 2711 2723 2739 2823 2825 2855 2950 2992 3049 3077 3141 3226 3276 3327 3406 3429 3501 3531 3598 3665 3730 3766 3776 3828
36 134 136 194 277 289 294 334 411 433 433 488 506 512 602 635 663 730 780 810 870 914 974 975 984 1017 1051 1060 1077 1138 1219 1246 1248 1338 1338 1391 1460 1540 1584 1660 1691 1706 1783 1808 1808 1896 1932 1981 2076 2173 2196 2232 2252 2345 2406 2438 2468 2526 2537 2620 2690 2765 2766 2792 2802 2831 2888 2969 2999 3020 3021 3089 3183 3220 3300 3374 3458 3504 3512 3547 3645 3717 3815 3846 3862 3872
34 82 96 135 208 251 292 297 357 399 453 456 537 631 712 764 854 899 952 962 986 1013 1081 1147 1165 1199 1289 1305 1381 1473 1570 1593 1649 1725 1778 1859 1939 2028 2035 2035 2123 2187 2226 2297 2361 2452 2453 2470 2529 2566 2570 2593 2602 2661 2667 2726 2738 2821 2850 2875 2915 2958 3029 3115 3165 3207 3251 3314 3386 3454 3456 3486 3534 3614 3692 3761 3844 3862 3888 3967 4060 4125 4171 4212 4233
90 102 158 225 244 326 395 454 504 509 583 645 714 812 846 924 997 1015 1102 1138 1212 1307 1308 1405 1472 1526 1549 1561 1611 1707 1805 1834 1919 1978 1989 1991 2063 2092 2180 2265 2297 2319 2402 2481 2555 2587 2600 2609 2654 2666 2753 2837 2864 2888 2930 2982 3060 3100 3158 3223 3234 3311 3315 3402 3464 3545 3641 3702 3775 3830 3925 3982 4033 4045 4077 4099 4173 4246 4339 4399 4470 4562 4628 4686
15 21 64 141 180 181 193 234 294 314 348 381 458 530 544 574 622 682 758 853 871 887 947 990 1071 1130 1173 1185 1270 1307 1389 1447 1460 1551 1574 1660 1741 1749 1786 1847 1857 1922 1964 2053 2094 2176 2256 2282 2301 2349 2434 2441 2528 2569 2600 2632 2639 2673 2768 2798 2867 2940 2956 2974 3066 3108 3182 3260 3347 3443 3449 3529 3596 3660 3709 3771 3780 3803 3841 3841 3847 3883 3934
81 148 198 226 237 293 347 409 471 522 614 682 690 713 742 803 838 921 982 995 1084 1124 1202 1252 1295 1374 1440 1487 1525 1552 1600 1673 1765 1768 1833 1890 1926 1958 2043 2064 2106 2111 2157 2221 2251 2319 2352 2372 2395 2438 2492 2568 2580 2607 2682 2694 2702 2704 2744 2841 2900 2993 3013 3039 3041 3138 3207 3253 3255 3291 3291 3317 3404 3456 3501 3551 3573 3662 3701 3758 3854 3940
87 121 128 156 193 265 282 355 392 482 504 522 615 665 718 808 812 855 887 951 1034 1036 1039 1101 1157 1248 1305 1353 1401 1455 1541 1625 1655 1702 1770 1809 1856 1898 1912 1946 1948 2007 2019 2025 2047 2111 2181 2257 2328 2351 2438 2450 2477 2519 2588 2639 2648 2727 2768 2866 2935 2996 3013 3063 3081 3178 3201 3253 3259 3262 3289 3361 3406 3457 3512 3574 3643 3697 3767 3859 3890
77 138 206 241 258 321 402 493 517 532 624 641 645 735 779 816 905 936 991 1011 1020 1089 1116 1150 1189 1199 1286 1293 1371 1418 1442 1446 1467 1552 1575 1592 1659 1696 1757 1807 1867 1919 1999 2019 2095 2191 2265 2303 2353 2445 2482 2490 2575 2615 2692 2787 2805 2870 2950 2965 3035 3116 3117 3184 3275 3297 3356 3450 3453 3483 3529 3621 3664 3729 3738 3751 3796 3805 3805 3835
29 65 144 234 266 286 340 357 361 412 448 533 566 608 614 675 723 792 850 850 857 925 965 1049 1097 1191 1211 1252 1302 1386 1407 1489 1579 1605 1667 1674 1690 1763 1798 1839 1874 1902 1947 1964 2004 2077 2137 2220 2291 2349 2349 2419 2456 2515 2608 2658 2732 2754 2810 2869 2872 2937 3021 3043 3075 3137 3199 3201 3281 3335 3377 3453 3522 3611 3707 3726 3765 3780 3819
93 159 216 275 332 353 446 449 525 570 629 680 712 796 872 961 996 1061 1140 1194 1221 1259 1354 1399 1483 1574 1642 1717 1729 1778 1859 1920 1924 1978 2043 2049 2066 2121 2173 2184 2189 2190 2241 2282 2315 2367 2398 2474 2541 2567 2610 2617 2662 2735 2752 2813 2904 2907 2934 2999 3021 3083 3161 3254 3347 3430 3449 3462 3482 3495 3588 3598 3640 3646 3728 3784 3828 3859
23 61 90 161 221 310 342 388 409 465 544 573 636 680 767 804 895 943 1039 1062 1149 1192 1234 1271 1335 1370 1417 1464 1529 1553 1610 1629 1660 1669 1750 1833 1897 1961 2028 2109 2206 2245 2335 2354 2367 2455 2510 2522 2613 2699 2709 2769 2844 2905 2975 3016 3111 3182 3228 3261 3314 3383 3457 3544 3564 3635 3684 3743 3769 3864 3907 3990 4009 4078 4105 4145 4186
72 153 245 282 295 381 393 414 439 440 454 455 506 523 616 644 657 665 744 781 838 856 880 934 972 1032 1056 1096 1145 1196 1280 1330 1392 1425 1479 1546 1629 1668 1676 1772 1864 1902 1916 1996 2046 2050 2130 2141 2213 2288 2296 2313 2357 2387 2409 2495 2544 2572 2617 2621 2653 2734 2798 2873 2900 2982 3033 3040 3138 3181 3188 3198 3214 3311 3380 3397
96 102 171 224 289 298 357 432 487 576 598 695 774 841 908 944 958 958 974 1062 1093 1108 1111 1176 1182 1211 1296 1299 1345 1349 1434 1511 1569 1651 1704 1748 1750 1796 1885 1898 1960 2016 2027 2122 2201 2207 2283 2328 2370 2416 2509 2603 2636 2660 2663 2698 2796 2884 2928 2979 3010 3100 3135 3151 3207 3259 3310 3316 3406 3441 3474 3490 3573 3627 3627
28 118 199 233 260 268 285 363 395 485 500 518 612 631 705 707 771 785 785 849 914 970 1065 1069 1162 1200 1235 1321 1376 1457 1518 1539 1603 1664 1707 1777 1835 1885 1957 2026 2099 2158 2254 2339 2347 2402 2497 2503 2589 2625 2708 2798 2849 2917 2965 3035 3133 3179 3191 3217 3300 3369 3389 3418 3442 3467 3514 3604 3609 3664 3692 3781 3810 3899
95 110 129 170 193 213 311 345 352 358 434 489 498 534 580 596 639 734 776 783 812 812 862 884 945 1017 1029 1084 1148 1230 1269 1297 1335 1421 1481 1541 1625 1654 1669 1712 1748 1817 1846 1866 1900 1905 2000 2042 2057 2072 2123 2219 2266 2298 2320 2403 2462 2522 2534 2564 2578 2594 2676 2697 2763 2818 2864 2904 2975 3020 3099 3194 3248
18 103 120 159 164 205 223 244 314 335 427 520 567 624 663 691 766 787 793 867 942 1010 1020 1052 1098 1176 1234 1263 1361 1439 1458 1510 1564 1569 1615 1615 1697 1708 1742 1808 1833 1876 1969 2015 2098 2103 2121 2180 2189 2228 2284 2285 2356 2400 2432 2525 2578 2618 2652 2717 2758 2785 2824 2850 2907 2934 2988 3038 3049 3116 3194 3260
11 102 146 187 194 241 282 342 366 418 419 424 460 547 571 590 639 737 777 825 873 946 1023 1110 1185 1265 1299 1384 1466 1474 1507 1551 1583 1613 1653 1727 1731 1735 1766 1807 1864 1894 1902 1966 1990 2005 2023 2110 2181 2190 2281 2284 2301 2309 2363 2415 2446 2522 2550 2608 2619 2683 2763 2794 2860 2862 2880 2883 2962 2987 2991
29 43 69 159 170 179 252 295 380 415 422 472 487 551 597 680 729 744 756 777 859 893 895 991 1061 1121 1158 1225 1266 1331 1332 1406 1456 1529 1605 1615 1652 1741 1787 1814 1824 1847 1862 1890 1919 1952 1997 2075 2088 2182 2247 2295 2325 2334 2355 2412 2426 2463 2513 2532 2596 2608 2658 2712 2761 2849 2856 2928 3021 3105
51 140 208 300 337 418 469 550 640 691 781 787 790 882 912 927 981 1014 1035 1123 1161 1215 1221 1311 1340 1391 1468 1547 1567 1601 1694 1729 1767 1818 1892 1963 2030 2043 2086 2182 2190 2195 2234 2291 2364 2443 2520 2575 2649 2741 2805 2881 2964 2966 3025 3025 3054 3124 3217 3259 3270 3366 3372 3376 3471 3501 3555 3614 3691
75 104 187 238 283 305 334 343 427 447 501 582 583 605 644 698 732 811 865 937 950 1017 1060 1112 1120 1183 1258 1301 1340 1382 1412 1440 1503 1591 1662 1678 1750 1763 1837 1865 1896 1965 2022 2037 2057 2139 2222 2224 2296 2370 2462 2482 2560 2638 2657 2664 2725 2777 2833 2869 2957 3039 3063 3124 3149 3216 3224 3248
82 178 195 229 313 405 436 482 490 535 623 684 768 786 862 924 985 999 1081 1097 1098 1121 1197 1261 1346 1373 1432 1439 1487 1552 1616 1655 1723 1789 1841 1852 1916 1935 2001 2082 2103 2122 2129 2181 2266 2306 2393 2422 2478 2550 2564 2575 2591 2674 2759 2807 2842 2881 2905 2981 3054 3096 3133 3187 3210 3232 3281
33 62 99 173 234 248 267 330 409 446 479 509 589 639 700 769 772 813 815 871 921 959 1048 1123 1188 1271 1290 1328 1328 1362 1439 1488 1539 1629 1721 1808 1870 1902 1974 2025 2058 2104 2147 2177 2192 2223 2317 2388 2477 2536 2540 2622 2680 2770 2831 2878 2935 2948 3020 3027 3064 3149 3202 3262 3270 3275
94 155 247 272 288 325 409 479 560 597 659 739 739 759 813 813 889 969 972 1062 1106 1147 1162 1201 1245 1247 1312 1371 1450 1519 1546 1618 1624 1697 1794 1828 1920 1983 2075 2086 2103 2124 2210 2288 2302 2386 2447 2488 2553 2640 2683 2710 2746 2778 2868 2955 2985 2987 3004 3037 3133 3164 3182 3229 3284
23 76 77 137 175 273 290 365 436 523 527 604 611 674 678 754 818 892 981 1031 1098 1113 1143 1232 1245 1302 1385 1437 1510 1580 1603 1627 1655 1729 1791 1872 1917 1947 2030 2075 2080 2178 2206 2253 2253 2346 2405 2477 2568 2596 2660 2663 2729 2740 2828 2865 2923 3011 3092 3100 3194 3257 3301 3361
36 43 94 123 162 257 312 384 439 529 551 636 684 755 780 858 932 998 1029 1052 1072 1148 1175 1226 1310 1356 1451 1479 1544 1602 1603 1666 1672 1704 1802 1888 1936 2026 2046 2108 2187 2249 2303 2367 2376 2377 2439 2516 2553 2641 2713 2759 2848 2852 2911 2976 3035 3133 3226 3318 3348 3349 3379
99 127 193 225 270 337 434 450 531 590 642 730 797 809 878 964 975 1003 1032 1093 1115 1125 1187 1232 1307 1381 1432 1469 1556 1559 1580 1598 1685 1695 1755 1832 1840 1911 1987 2013 2065 2158 2191 2278 2362 2420 2471 2523 2604 2618 2672 2744 2750 2837 2844 2936 2973 3015 3056 3141 3150 3221
35 129 141 222 319 373 457 457 536 616 677 685 693 700 717 737 739 804 855 943 1007 1082 1143 1144 1222 1277 1337 1431 1473 1568 1629 1722 1761 1798 1811 1904 2001 2082 2177 2244 2279 2334 2384 2429 2447 2449 2523 2563 2625 2700 2740 2805 2903 2940 3007 3007 3012 3044 3065 3154 3215
21 81 179 197 268 359 382 396 469 539 598 660 738 761 833 870 896 973 1012 1070 1152 1180 1255 1280 1300 1304 1310 1400 1471 1522 1526 1566 1577 1608 1700 1739 1808 1814 1876 1909 1953 2003 2038 2100 2116 2156 2236 2311 2338 2392 2394 2395 2427 2481 2561 2610 2695 2762 2776 2808
70 113 150 204 218 223 270 327 376 450 480 557 558 637 660 681 769 793 870 945 994 1037 1126 1208 1223 1242 1296 1306 1397 1458 1546 1553 1618 1664 1676 1691 1765 1791 1800 1804 1880 1959 2026 2030 2079 2099 2124 2133 2194 2249 2345 2359 2396 2487 2522 2605 2675 2753 2753
82 171 266 334 410 457 528 598 663 694 742 836 841 903 959 993 997 1089 1125 1140 1219 1262 1336 1427 1430 1460 1518 1559 1625 1709 1761 1801 1872 1906 2000 2062 2150 2201 2290 2368 2454 2479 2509 2605 2667 2735 2737 2751 2753 2783 2790 2829 2900 2994 3074 3115 3204 3267
7 92 169 258 274 292 315 386 473 523 596 655 685 709 799 885 930 1004 1070 1070 1142 1154 1210 1268 1283 1296 1305 1327 1360 1401 1455 1524 1537 1551 1601 1666 1671 1671 1682 1727 1744 1832 1878 1976 2056 2071 2096 2147 2220 2284 2376 2384 2469 2525 2588 2657 2715
28 125 200 250 262 273 351 416 462 462 501 517 590 638 735 767 767 774 820 909 992 1065 1109 1112 1181 1278 1373 1390 1482 1532 1588 1628 1669 1702 1757 1766 1861 1872 1891 1947 2022 2049 2131 2137 2185 2265 2334 2425 2506 2547 2573 2637 2717 2767 2859 2894
70 95 103 201 297 375 378 454 542 630 637 684 741 777 790 877 941 958 976 1062 1120 1207 1300 1363 1366 1382 1387 1459 1541 1550 1569 1646 1658 1660 1698 1724 1780 1826 1919 2006 2081 2107 2130 2192 2272 2276 2357 2433 2479 2517 2527 2559 2612 2692 2696
29 34 117 215 253 337 371 411 459 476 514 541 596 684 769 780 789 865 955 999 1007 1080 1150 1191 1234 1264 1310 1384 1460 1472 1485 1513 1585 1683 1765 1838 1886 1893 1937 2012 2087 2167 2199 2261 2355 2384 2445 2476 2557 2598 2609 2665 2666 2731
21 30 49 143 220 291 304 336 399 492 584 654 687 725 773 860 953 987 1080 1145 1207 1285 1306 1343 1416 1444 1500 1589 1591 1683 1697 1705 1778 1872 1920 2010 2065 2074 2164 2194 2246 2268 2363 2438 2482 2529 2570 2661 2733 2760 2811 2821 2915
58 120 211 268 343 438 452 512 545 628 701 789 793 871 912 997 1037 1062 1109 1139 1174 1269 1311 1315 1324 1415 1415 1416 1478 1481 1502 1579 1604 1616 1711 1792 1831 1900 1979 2049 2056 2057 2116 2169 2214 2286 2327 2387 2454 2536 2585 2667
49 68 139 225 295 317 338 377 418 430 510 554 610 627 699 748 833 889 910 1007 1093 1114 1192 1284 1303 1400 1454 1508 1549 1644 1662 1694 1767 1865 1897 1950 1979 1994 2075 2151 2216 2270 2311 2323 2398 2488 2555 2653 2728 2775 2821
95 187 241 314 379 403 437 459 487 540 594 657 687 711 791 862 908 939 952 983 1023 1054 1068 1094 1178 1227 1229 1278 1279 1348 1386 1421 1518 1613 1685 1688 1754 1808 1878 1932 1958 2005 2011 2022 2090 2096 2111 2117 2210 2277
16 57 146 178 259 290 336 428 505 512 575 596 635 674 698 705 711 760 780 785 789 821 897 910 968 981 1051 1074 1141 1160 1169 1245 1328 1335 1355 1415 1476 1501 1571 1639 1644 1695 1720 1804 1869 1952 2033 2122 2168
17 107 172 212 222 314 398 477 516 609 685 692 765 850 893 931 971 1031 1035 1100 1149 1159 1246 1280 1297 1361 1371 1417 1478 1534 1587 1627 1659 1732 1751 1847 1860 1931 1976 2073 2160 2191 2257 2273 2370 2378 2476 2533
82 156 201 214 227 233 238 307 365 451 493 507 549 572 623 624 668 765 816 816 855 951 977 1075 1147 1155 1238 1323 1421 1460 1481 1561 1648 1707 1775 1810 1811 1891 1914 1991 2042 2082 2107 2123 2185 2224 2310
94 116 148 188 271 330 361 362 389 420 506 529 544 593 624 661 667 708 755 805 878 946 991 1082 1164 1260 1261 1358 1365 1400 1446 1455 1502 1559 1632 1696 1789 1803 1832 1926 2013 2037 2100 2170 2185 2280
17 38 128 171 177 242 316 360 450 459 531 545 625 723 774 816 886 899 947 1012 1067 1163 1245 1262 1285 1362 1408 1441 1506 1521 1524 1582 1596 1684 1735 1756 1791 1879 1977 2004 2098 2116 2203 2250 2277
63 84 123 146 190 233 313 360 368 383 435 468 534 560 621 680 716 723 751 778 787 851 870 940 1027 1041 1127 1144 1152 1186 1245 1269 1286 1286 1338 1436 1524 1563 1622 1672 1737 1799 1877 1938
26 37 73 115 128 192 257 299 392 455 461 543 570 665 731 737 755 828 865 949 1041 1120 1199 1276 1360 1458 1540 1542 1576 1582 1605 1703 1766 1808 1810 1859 1882 1904 1910 1941 1946 1993 2065
74 144 176 258 348 380 409 499 558 570 631 722 745 762 811 862 935 1008 1048 1136 1152 1192 1215 1245 1290 1328 1365 1422 1473 1519 1585 1615 1697 1775 1794 1815 1900 1979 2060 2107 2140 2235
57 89 171 185 257 345 416 460 523 569 639 699 713 723 756 784 858 953 994 1068 1104 1119 1203 1209 1271 1312 1402 1443 1513 1573 1598 1663 1748 1761 1851 1904 1917 1957 1992 1992 2077
42 45 119 154 209 258 319 329 401 428 516 546 626 711 719 794 866 954 993 993 997 1086 1119 1197 1219 1282 1342 1416 1487 1525 1616 1644 1735 1773 1854 1921 1924 1987 1987 2014
10 27 63 142 147 171 204 288 307 353 401 428 501 513 526 600 616 617 622 638 709 799 867 885 967 1054 1080 1130 1136 1217 1221 1240 1338 1343 1356 1432 1521 1601 1631
23 76 94 177 249 336 351 363 384 410 499 504 566 618 652 729 824 901 947 948 1029 1074 1115 1145 1235 1244 1312 1370 1442 1497 1560 1602 1633 1654 1691 1704 1717 1800
58 94 170 221 221 246 337 380 428 487 493 499 588 632 654 676 693 728 780 855 925 987 1064 1108 1126 1136 1199 1241 1269 1317 1403 1428 1453 1543 1550 1617 1703
77 124 126 168 223 230 302 386 429 515 570 588 656 684 693 752 811 873 896 917 988 1069 1075 1168 1217 1308 1402 1451 1521 1611 1630 1717 1737 1761 1765 1829
98 163 218 293 321 373 465 548 625 671 760 821 852 907 984 1071 1133 1190 1263 1287 1307 1392 1489 1572 1647 1658 1682 1710 1768 1853 1899 1994 2018 2076 2174
96 176 233 331 423 431 481 552 647 653 699 718 785 799 867 946 1038 1055 1136 1196 1223 1321 1387 1456 1470 1514 1562 1611 1660 1722 1789 1813 1873 1900
96 157 214 215 304 383 444 503 583 659 699 750 757 786 846 882 938 970 975 1003 1063 1082 1119 1197 1286 1342 1417 1456 1546 1569 1640 1679 1702
91 112 207 229 239 281 296 364 368 390 395 466 466 533 560 606 689 768 821 827 832 905 910 957 986 1044 1122 1152 1211 1223 1261 1314
20 84 111 128 161 168 209 285 359 425 516 586 627 669 752 794 802 852 907 934 965 1049 1066 1083 1136 1152 1155 1155 1221 1274 1364
62 160 162 189 243 330 338 393 421 507 563 598 620 692 786 829 829 848 895 913 969 1043 1060 1114 1169 1207 1207 1232 1254 1306
49 61 140 147 227 253 272 359 441 461 474 532 545 594 647 735 757 853 885 938 974 991 1028 1111 1207 1212 1288 1300 1398
64 93 188 223 284 284 322 407 457 466 483 537 582 654 682 771 817 819 873 878 954 966 1034 1052 1078 1099 1178 1219
1 57 83 116 144 204 253 288 336 411 426 460 481 512 544 571 658 670 730 805 842 855 862 869 932 999 1046
28 46 112 165 211 233 261 314 371 399 468 502 559 584 601 677 752 810 811 873 964 1016 1111 1149 1241 1267
43 97 174 260 353 441 471 532 577 646 740 836 921 1010 1072 1137 1153 1198 1289 1382 1477 1561 1658 1736 1777
7 30 117 163 230 328 348 401 476 525 545 584 602 635 655 692 756 811 909 990 1040 1112 1157 1225
48 61 66 107 135 158 255 342 378 458 551 597 672 756 773 795 821 862 948 961 1042 1115 1172
34 80 157 207 234 308 356 419 426 507 588 639 682 692 695 719 803 898 905 917 954 968
78 91 122 150 205 259 344 389 411 442 469 562 658 675 769 793 872 890 907 963 1005
75 125 184 211 275 361 361 393 429 449 500 537 541 615 693 769 807 891 891 976
97 127 186 222 237 251 332 427 427 525 580 604 669 738 766 787 812 864 902
66 70 125 208 265 345 399 443 520 521 619 675 680 688 747 813 908 913
78 128 188 188 247 279 318 375 445 532 573 579 635 704 710 711 774
27 95 125 205 272 285 336 410 459 515 529 569 580 648 742 773
57 121 123 137 147 232 268 347 380 461 465 544 569 603 658
24 38 71 108 183 241 263 309 327 359 407 467 475 533
26 68 155 203 248 338 426 515 560 591 672 750 817
17 28 34 49 100 173 182 232 316 386 387 416
90 187 269 293 384 394 444 467 516 530 625
63 110 128 168 251 267 291 355 414 447
53 143 241 253 266 355 404 453 456
51 94 123 159 257 320 367 367
95 101 163 200 290 309 354
49 51 102 117 128 177
56 98 111 134 152
10 107 166 167
7 32 66
56 118
19
