49
93 98 152 153 243 286 325 406 450 542 596 643 738 785 809 879 929 980 1055 1075 1167 1215 1262 1302 1366 1390 1471 1522 1535 1600 1688 1734 1772 1864 1866 1878 1936 1993 2087 2163 2181 2181 2255 2347 2404 2439 2480 2551 2621
60 78 149 214 280 308 350 405 450 501 566 569 628 641 698 729 804 849 927 958 1000 1082 1120 1212 1299 1311 1332 1391 1419 1480 1505 1565 1649 1681 1718 1721 1783 1843 1886 1979 2075 2098 2099 2160 2222 2282 2330 2378
97 135 146 195 243 273 333 399 428 440 514 568 616 704 793 808 825 853 917 958 966 968 1015 1060 1114 1160 1242 1324 1396 1410 1449 1452 1541 1587 1680 1721 1790 1814 1871 1946 1946 1973 2038 2113 2178 2264 2312
65 103 125 197 291 313 379 455 464 552 628 639 680 713 733 804 848 940 982 1063 1079 1129 1140 1202 1288 1359 1382 1461 1505 1602 1683 1686 1758 1792 1837 1889 1960 2032 2066 2145 2169 2239 2324 2379 2381 2414
80 91 142 175 184 184 254 332 430 467 470 481 551 625 688 695 749 829 867 949 983 1047 1102 1172 1210 1234 1290 1354 1403 1464 1470 1482 1539 1584 1625 1664 1702 1749 1831 1923 1972 2028 2087 2168 2220
78 97 104 152 180 275 334 370 416 434 511 585 585 598 631 683 726 814 866 939 1018 1081 1117 1149 1244 1262 1337 1426 1449 1479 1524 1582 1672 1758 1810 1874 1888 1899 1936 1943 1945 1962 1963 2058
22 52 89 183 270 331 417 430 476 478 523 524 608 630 688 691 752 772 832 924 1009 1030 1080 1146 1176 1260 1347 1357 1367 1459 1550 1567 1586 1668 1700 1778 1830 1854 1945 1959 2054 2131 2213
66 96 126 142 174 189 255 335 397 406 470 521 594 682 737 812 835 856 924 978 990 1041 1116 1188 1208 1276 1335 1428 1506 1510 1552 1618 1672 1690 1748 1823 1903 1955 2003 2062 2149 2224
42 94 159 185 277 341 370 426 480 513 524 619 671 680 724 763 800 863 926 991 1074 1083 1091 1098 1105 1110 1120 1180 1249 1293 1391 1466 1528 1529 1610 1707 1708 1724 1748 1759 1802
26 33 85 171 256 339 377 385 405 496 594 618 634 708 733 794 818 859 909 985 1066 1099 1165 1188 1275 1297 1379 1397 1483 1491 1541 1555 1624 1675 1715 1806 1855 1934 1945 1953
29 68 109 129 223 234 308 403 500 557 611 658 672 709 790 790 841 884 964 985 1016 1111 1122 1151 1206 1260 1266 1277 1318 1405 1481 1539 1539 1585 1640 1701 1749 1834 1863
59 95 191 220 311 390 459 485 541 620 684 698 714 714 721 724 758 775 860 874 897 993 1059 1084 1148 1244 1251 1277 1353 1427 1500 1535 1628 1725 1783 1830 1886 1902
95 168 209 212 273 302 346 386 460 466 525 563 636 685 726 778 867 884 902 925 1004 1061 1081 1152 1213 1221 1243 1332 1335 1345 1366 1420 1511 1586 1671 1672 1741
89 172 270 308 384 407 452 462 485 499 538 574 660 748 780 860 935 1024 1057 1103 1141 1192 1256 1303 1338 1342 1369 1411 1458 1464 1466 1553 1636 1683 1699 1748
38 61 76 115 181 205 289 385 425 462 486 569 600 612 659 688 773 846 864 934 999 1050 1109 1152 1234 1235 1312 1379 1401 1476 1507 1572 1658 1700 1771
71 102 188 204 273 327 335 380 406 498 548 551 577 660 724 822 831 894 942 1017 1113 1156 1214 1263 1289 1326 1380 1457 1513 1604 1656 1737 1808 1900
54 107 171 249 274 363 363 417 418 499 560 597 684 782 840 858 871 966 983 1050 1095 1177 1212 1292 1385 1475 1475 1569 1574 1636 1701 1748 1758
19 116 150 153 250 309 339 435 502 568 591 674 732 807 840 936 974 1001 1059 1075 1168 1197 1226 1268 1365 1448 1455 1491 1569 1610 1623 1698
24 120 133 166 222 239 296 299 333 417 507 592 656 731 772 860 877 935 1033 1044 1085 1085 1165 1250 1276 1281 1295 1362 1400 1440 1471
6 89 90 172 173 175 220 312 331 390 455 513 519 567 600 691 699 741 793 830 878 912 912 964 1004 1100 1168 1240 1247 1345
71 133 218 226 279 356 424 436 512 530 609 621 693 712 756 847 928 984 995 1018 1076 1172 1209 1234 1274 1360 1416 1447 1537
10 54 118 210 301 342 345 356 363 446 463 464 498 551 613 687 725 805 828 843 876 964 1027 1065 1137 1206 1224 1315
47 67 111 207 231 284 369 401 426 453 524 562 613 695 785 852 917 963 1037 1087 1136 1219 1234 1319 1356 1420 1488
62 93 114 175 258 275 329 381 403 493 587 646 714 804 841 856 865 928 1008 1064 1151 1208 1299 1311 1400 1463
5 93 99 107 204 236 244 254 303 350 357 361 373 436 444 496 506 537 582 620 716 746 753 821 902
82 113 190 254 284 376 433 511 523 570 575 654 706 769 789 789 809 818 854 937 1021 1031 1054 1083
91 155 193 258 269 295 355 425 506 532 548 619 706 770 853 879 879 918 930 970 992 1019 1062
2 71 169 234 324 347 435 527 589 667 751 834 873 920 987 996 1015 1034 1092 1176 1226 1263
26 93 144 158 232 264 304 333 338 370 437 466 509 570 662 738 755 775 783 860 888
92 137 167 210 264 347 350 427 442 522 548 645 648 692 754 755 847 922 984 999
17 111 193 262 284 366 410 484 520 567 588 659 757 806 845 918 924 926 1016
90 153 221 224 245 301 377 378 405 446 522 524 604 693 759 820 884 943
87 109 164 208 251 337 391 454 501 561 651 700 798 882 942 950 1009
10 48 116 122 153 176 225 236 265 305 328 374 412 484 499 563
1 57 77 126 126 201 267 339 408 441 481 562 594 608 652
31 117 122 171 246 250 265 271 346 367 401 460 546 585
2 48 62 128 214 222 317 352 443 456 546 588 638
7 52 86 124 220 314 385 471 552 564 575 665
27 31 81 101 112 134 167 179 215 277 286
67 97 101 111 131 155 159 211 213 258
64 96 169 175 177 273 327 349 372
2 98 145 211 298 356 417 489
40 70 157 233 240 264 338
75 165 201 249 295 361
54 83 86 102 129
38 66 161 253
94 101 160
39 63
63
