85
66 153 202 253 283 364 371 381 445 488 511 566 600 669 766 768 859 896 927 1008 1018 1023 1117 1133 1209 1303 1397 1403 1463 1561 1563 1595 1679 1728 1813 1875 1875 1945 2029 2118 2141 2208 2289 2310 2323 2384 2411 2503 2564 2609 2645 2705 2761 2797 2835 2871 2878 2896 2991 3008 3102 3171 3242 3331 3341 3371 3421 3450 3526 3553 3560 3658 3659 3672 3698 3764 3808 3834 3891 3935 4012 4048 4063 4110 4198
83 96 104 126 185 220 257 284 345 373 399 456 513 549 599 637 723 763 778 813 859 898 920 937 1008 1037 1038 1112 1197 1212 1287 1363 1370 1387 1413 1439 1520 1520 1601 1688 1745 1841 1893 1969 2024 2069 2163 2212 2245 2254 2295 2391 2418 2429 2513 2515 2572 2618 2651 2670 2738 2829 2882 2960 2974 2977 3074 3128 3171 3256 3294 3386 3476 3534 3628 3681 3726 3813 3819 3877 3973 4068 4068 4160
17 60 90 146 233 300 332 346 398 411 468 502 561 644 705 788 791 887 952 992 1029 1080 1089 1095 1141 1225 1322 1418 1472 1517 1554 1616 1682 1726 1728 1750 1764 1780 1790 1883 1889 1939 1978 2045 2087 2121 2190 2208 2220 2270 2361 2373 2397 2476 2543 2630 2702 2767 2822 2905 2935 2996 3013 3092 3121 3156 3172 3197 3232 3302 3306 3336 3425 3514 3533 3621 3632 3717 3718 3719 3741 3808 3830
79 100 102 168 254 291 359 397 416 511 514 546 598 652 697 759 833 927 997 1065 1093 1159 1185 1277 1366 1425 1455 1510 1518 1598 1682 1712 1801 1849 1885 1908 1931 1978 2022 2096 2183 2252 2345 2434 2461 2547 2558 2558 2621 2706 2721 2803 2828 2921 2980 3004 3054 3082 3101 3156 3204 3233 3276 3338 3421 3490 3552 3628 3683 3693 3740 3807 3868 3881 3895 3918 3995 4064 4145 4206 4278 4326
63 111 207 231 236 288 321 328 389 432 499 511 606 641 720 720 737 825 899 927 973 1061 1154 1195 1199 1286 1303 1345 1359 1409 1472 1537 1567 1651 1700 1710 1794 1879 1960 1990 2019 2103 2148 2212 2217 2258 2341 2435 2532 2576 2580 2580 2600 2685 2709 2719 2781 2840 2931 2970 3042 3085 3169 3241 3335 3374 3402 3500 3529 3535 3564 3643 3693 3759 3853 3875 3915 3954 4039 4103 4164
46 51 73 124 198 273 300 350 385 467 562 597 683 751 799 891 967 973 1008 1084 1149 1239 1322 1337 1435 1497 1513 1596 1659 1719 1777 1802 1823 1893 1981 2016 2059 2113 2158 2242 2278 2283 2325 2411 2413 2442 2461 2482 2566 2661 2721 2801 2891 2958 2976 3045 3056 3089 3164 3187 3209 3273 3352 3413 3434 3463 3552 3631 3685 3739 3798 3840 3845 3854 3856 3877 3954 4022 4079 4111
74 118 133 231 308 349 356 377 435 456 481 540 629 671 743 750 764 806 818 913 954 1004 1024 1086 1090 1165 1167 1210 1290 1361 1444 1486 1560 1589 1620 1621 1716 1797 1815 1854 1866 1944 2030 2030 2046 2066 2097 2153 2245 2254 2292 2300 2307 2312 2329 2368 2388 2413 2475 2539 2583 2590 2656 2681 2722 2788 2832 2895 2980 3023 3090 3136 3207 3295 3374 3438 3463 3471 3567
63 136 196 247 296 325 386 477 507 565 574 672 681 756 786 804 818 869 874 955 1029 1087 1146 1165 1196 1249 1323 1343 1421 1427 1432 1488 1526 1617 1678 1704 1765 1821 1872 1901 1951 2001 2016 2043 2051 2104 2180 2181 2181 2279 2304 2374 2405 2407 2461 2544 2579 2677 2764 2784 2863 2888 2975 3018 3073 3078 3090 3130 3225 3234 3318 3383 3455 3501 3565 3622 3626 3656
71 91 127 132 178 210 250 318 352 369 435 505 523 613 626 646 670 711 755 849 896 957 970 1049 1113 1190 1223 1243 1255 1255 1301 1328 1345 1377 1411 1421 1440 1527 1543 1632 1721 1744 1830 1881 1967 2004 2039 2137 2199 2273 2273 2334 2371 2432 2516 2547 2617 2712 2736 2802 2850 2908 3004 3042 3052 3091 3155 3231 3263 3318 3401 3464 3557 3609 3628 3676 3728
64 75 116 150 172 241 272 355 359 449 450 518 610 610 612 709 742 765 797 819 905 962 1052 1054 1099 1178 1239 1246 1249 1295 1383 1390 1458 1472 1473 1532 1534 1597 1645 1669 1719 1736 1831 1844 1932 2001 2066 2085 2109 2113 2158 2174 2247 2248 2306 2392 2461 2506 2535 2607 2625 2634 2657 2732 2782 2811 2813 2851 2935 2985 3064 3095 3155 3220 3315 3353
54 62 81 86 114 144 233 267 305 350 359 434 469 502 583 601 691 701 721 739 744 790 830 888 974 1033 1050 1061 1150 1192 1245 1309 1310 1352 1393 1476 1512 1608 1654 1659 1731 1828 1919 2008 2055 2064 2070 2126 2184 2192 2268 2297 2318 2388 2472 2562 2630 2709 2778 2783 2872 2936 3026 3121 3211 3276 3316 3333 3371 3384 3451 3493 3504 3531 3610
89 94 135 196 279 285 309 316 354 440 452 525 614 654 709 781 868 880 940 944 965 999 1025 1067 1068 1087 1179 1261 1305 1341 1400 1466 1530 1538 1552 1632 1713 1778 1816 1862 1873 1958 2051 2070 2164 2221 2316 2395 2464 2466 2529 2590 2604 2689 2722 2814 2880 2943 3005 3091 3182 3259 3338 3406 3450 3501 3517 3583 3598 3613 3699 3755 3796 3798
44 50 82 105 171 239 333 335 355 355 386 432 488 551 628 680 739 790 842 854 890 914 1001 1025 1072 1163 1197 1277 1347 1365 1429 1441 1445 1533 1541 1629 1719 1756 1795 1848 1932 1964 1980 2046 2067 2112 2146 2204 2230 2246 2318 2380 2413 2506 2598 2616 2634 2641 2713 2749 2794 2825 2869 2959 2980 3075 3091 3140 3195 3203 3220 3311 3333
41 134 176 192 246 317 376 393 488 580 581 614 671 758 775 821 850 899 997 1024 1047 1131 1143 1200 1225 1258 1306 1311 1333 1408 1460 1465 1544 1619 1635 1721 1743 1797 1822 1916 1990 2019 2059 2121 2141 2177 2180 2240 2288 2353 2389 2482 2522 2542 2585 2662 2711 2731 2808 2849 2894 2989 3053 3069 3145 3202 3278 3317 3328 3417 3438 3470
11 95 144 148 154 192 247 344 372 384 445 524 574 593 644 703 713 737 811 839 901 994 1051 1098 1127 1143 1205 1244 1340 1350 1363 1375 1406 1456 1491 1588 1651 1677 1728 1733 1736 1793 1828 1909 1953 2039 2137 2227 2250 2324 2345 2431 2514 2534 2589 2590 2598 2616 2671 2682 2763 2852 2913 2938 2977 3072 3130 3178 3239 3307 3370
40 118 177 238 289 322 383 428 495 569 654 705 706 743 801 879 966 1021 1032 1118 1156 1245 1278 1305 1377 1383 1461 1482 1498 1589 1653 1712 1776 1809 1866 1963 1966 2017 2032 2080 2173 2198 2256 2298 2308 2385 2413 2459 2487 2573 2599 2632 2696 2760 2839 2900 2964 3040 3082 3157 3180 3245 3297 3305 3363 3380 3456 3499 3510 3565
56 114 200 202 276 293 307 383 466 539 590 675 756 776 868 941 947 964 984 1051 1060 1082 1128 1147 1149 1221 1224 1276 1301 1345 1352 1375 1399 1428 1496 1506 1508 1557 1630 1660 1670 1741 1836 1848 1927 1944 2028 2033 2051 2095 2162 2229 2319 2321 2349 2358 2375 2388 2479 2512 2610 2705 2787 2840 2936 2942 3014 3036 3127
58 66 122 152 201 212 307 311 352 415 485 545 632 678 714 794 804 869 882 920 1005 1034 1059 1132 1173 1261 1330 1415 1447 1490 1575 1657 1664 1758 1853 1856 1870 1925 1961 1987 2045 2051 2054 2066 2154 2158 2164 2221 2306 2324 2357 2396 2443 2470 2535 2547 2612 2648 2661 2694 2744 2777 2796 2889 2899 2971 2979 2994
66 160 169 169 249 306 361 443 531 627 707 793 805 806 895 923 970 978 1039 1100 1107 1201 1250 1269 1365 1367 1379 1410 1436 1474 1550 1645 1652 1658 1715 1779 1845 1858 1863 1881 1904 1994 2030 2042 2066 2160 2188 2234 2267 2269 2367 2420 2465 2558 2624 2680 2688 2710 2734 2818 2878 2926 2934 2936 2967 3042 3044
43 63 97 145 146 170 233 254 321 323 356 371 440 491 541 569 571 580 603 676 769 782 856 946 973 1039 1058 1085 1113 1146 1242 1270 1312 1406 1444 1451 1495 1518 1615 1668 1736 1804 1815 1853 1865 1907 1911 1986 1994 2068 2097 2098 2111 2153 2200 2217 2236 2281 2307 2392 2396 2399 2475 2476 2531 2620
5 28 28 73 163 187 204 205 290 295 312 356 376 412 465 530 549 551 582 603 644 725 726 768 772 824 912 939 967 1016 1074 1123 1190 1249 1298 1314 1358 1456 1551 1568 1639 1689 1753 1845 1914 1994 2004 2053 2114 2164 2261 2330 2394 2426 2428 2479 2526 2547 2629 2719 2794 2873 2885 2952 2977
2 15 69 141 154 230 315 355 382 451 472 501 548 575 617 696 740 741 750 784 874 905 918 925 930 947 1020 1070 1139 1200 1283 1316 1372 1412 1490 1587 1658 1669 1688 1715 1724 1803 1860 1945 1998 2043 2053 2115 2115 2172 2225 2303 2353 2439 2454 2454 2495 2551 2603 2697 2763 2798 2882 2889
56 76 80 131 184 222 300 324 418 497 527 565 642 727 787 840 899 922 940 974 1049 1095 1185 1279 1367 1369 1372 1433 1524 1572 1577 1598 1645 1718 1757 1832 1844 1924 1996 2078 2082 2166 2224 2314 2394 2446 2496 2551 2636 2720 2730 2776 2779 2856 2879 2904 2930 3015 3110 3121 3157 3254 3278
10 18 74 169 190 258 301 356 371 447 495 559 619 707 744 828 862 921 988 1024 1095 1137 1165 1203 1285 1341 1420 1420 1433 1497 1564 1631 1696 1725 1783 1858 1906 1922 1942 1969 2058 2135 2189 2252 2323 2326 2340 2354 2365 2454 2480 2480 2554 2626 2657 2668 2683 2686 2772 2851 2900 2912
25 37 77 108 112 193 219 243 327 365 403 491 517 588 646 740 783 818 887 891 945 949 978 1025 1029 1092 1125 1138 1181 1279 1284 1372 1390 1467 1515 1565 1617 1629 1663 1691 1788 1870 1921 1940 1956 2052 2117 2124 2192 2284 2335 2384 2459 2501 2519 2609 2659 2724 2732 2785 2806
14 95 167 252 283 343 391 485 548 607 648 653 656 731 827 843 889 934 989 1005 1083 1140 1142 1195 1207 1242 1340 1394 1426 1492 1504 1533 1613 1699 1714 1761 1849 1855 1863 1924 1952 1954 1997 2029 2115 2136 2207 2254 2280 2340 2370 2370 2399 2446 2496 2576 2577 2659 2699 2788
26 122 124 129 183 218 259 267 279 356 388 400 494 559 646 738 809 862 879 947 983 1064 1151 1166 1198 1240 1253 1338 1435 1508 1561 1570 1624 1669 1725 1751 1832 1888 1933 1987 1995 2018 2065 2109 2159 2226 2230 2316 2355 2356 2381 2452 2526 2618 2679 2722 2739 2760 2785
34 121 148 199 252 326 346 376 376 387 471 565 627 660 711 715 802 878 914 999 1093 1113 1163 1179 1263 1299 1380 1433 1484 1547 1570 1618 1639 1691 1765 1782 1828 1917 2001 2002 2074 2157 2223 2252 2340 2430 2461 2530 2538 2593 2596 2601 2682 2771 2816 2839 2906 2919
50 89 174 272 317 378 458 528 582 588 684 734 801 868 890 931 985 1044 1117 1143 1233 1270 1276 1337 1352 1355 1355 1426 1518 1527 1544 1635 1641 1706 1790 1883 1928 1995 2073 2089 2107 2153 2250 2302 2354 2402 2460 2481 2496 2563 2608 2647 2664 2684 2696 2766 2791
93 176 212 267 320 381 441 510 559 622 688 727 818 835 896 918 955 980 1019 1100 1188 1221 1276 1296 1305 1319 1390 1446 1498 1594 1645 1741 1799 1850 1948 2006 2068 2133 2231 2298 2383 2410 2495 2501 2580 2611 2687 2722 2771 2811 2814 2874 2927 2951 3026 3078
11 85 98 112 206 268 341 344 402 409 436 521 580 609 698 736 770 831 895 971 973 1061 1088 1124 1150 1240 1318 1369 1396 1443 1452 1457 1527 1534 1631 1686 1711 1756 1756 1782 1804 1843 1872 1950 2041 2124 2129 2157 2186 2224 2283 2333 2379 2473 2547
10 92 97 149 225 243 298 380 457 515 589 603 608 652 669 760 814 863 884 947 985 1016 1111 1131 1225 1302 1316 1398 1477 1504 1593 1673 1724 1729 1827 1881 1899 1957 1988 2001 2084 2102 2127 2214 2261 2336 2418 2425 2517 2529 2538 2571 2598 2664
69 73 74 131 161 244 322 398 441 442 510 562 633 695 712 810 901 924 966 1028 1120 1218 1244 1307 1389 1389 1438 1495 1538 1630 1695 1707 1746 1770 1795 1815 1824 1889 1907 1958 2023 2111 2185 2239 2244 2247 2318 2331 2425 2450 2531 2609 2702
70 113 189 280 306 349 349 399 436 470 470 546 589 637 721 783 858 891 921 1016 1109 1204 1219 1286 1330 1374 1470 1495 1527 1571 1595 1623 1695 1754 1756 1775 1804 1809 1837 1876 1890 1961 2050 2135 2157 2223 2271 2352 2359 2374 2386 2396
64 128 136 149 159 211 278 283 336 411 438 520 545 545 595 601 658 729 732 737 752 829 887 893 911 993 1067 1113 1116 1130 1147 1167 1209 1231 1309 1384 1445 1520 1586 1676 1769 1804 1895 1924 2014 2055 2110 2141 2194 2284 2340
26 103 112 120 131 214 222 224 242 291 331 422 492 562 584 630 707 720 771 824 896 951 1038 1127 1146 1228 1255 1325 1332 1387 1406 1497 1562 1650 1734 1794 1804 1876 1940 1979 2022 2103 2168 2265 2304 2391 2417 2418 2441 2465
77 89 167 206 219 286 379 437 493 564 642 643 667 751 821 900 979 1036 1079 1111 1195 1262 1314 1397 1416 1441 1482 1507 1514 1516 1518 1616 1626 1673 1738 1779 1872 1914 1987 2011 2096 2154 2182 2204 2284 2369 2442 2476 2509
70 158 164 172 213 275 356 442 523 545 563 606 691 779 870 933 1020 1047 1100 1128 1130 1198 1229 1264 1313 1381 1429 1502 1512 1602 1675 1713 1793 1849 1885 1970 2053 2124 2178 2197 2295 2361 2453 2478 2534 2576 2580 2595
79 172 240 260 268 338 416 498 585 635 644 644 695 717 790 842 845 938 1000 1075 1168 1233 1253 1276 1305 1393 1467 1517 1608 1613 1692 1692 1787 1814 1884 1965 2059 2112 2126 2191 2226 2285 2309 2369 2442 2494 2548
88 153 231 250 295 334 346 398 461 508 549 634 664 704 707 720 730 757 781 826 864 929 1011 1039 1117 1195 1204 1221 1290 1303 1355 1438 1456 1482 1508 1546 1622 1682 1745 1811 1879 1928 1938 1984 2065 2091
49 95 97 186 201 272 294 390 487 549 628 655 711 716 766 838 912 986 1064 1120 1203 1252 1307 1377 1434 1457 1482 1537 1550 1620 1650 1688 1725 1790 1874 1893 1961 1991 2066 2105 2137 2139 2221 2228 2312
2 36 71 127 213 273 330 367 444 521 576 592 626 701 706 711 783 798 842 891 896 930 1004 1085 1176 1225 1235 1332 1412 1474 1544 1562 1579 1641 1691 1713 1742 1757 1801 1803 1851 1901 1969 2014
59 83 141 214 275 356 435 485 531 610 645 736 768 773 777 871 950 1002 1093 1104 1165 1251 1291 1367 1424 1479 1538 1567 1645 1733 1772 1808 1903 1939 1941 1985 2027 2111 2165 2253 2270 2283 2287
66 81 94 177 180 205 253 317 370 407 473 473 485 555 606 674 681 768 786 854 915 1013 1046 1087 1159 1180 1269 1316 1412 1503 1587 1590 1597 1605 1657 1742 1833 1925 2023 2031 2101 2151
71 167 171 189 221 273 326 412 483 510 591 656 754 756 803 899 968 980 1072 1165 1169 1249 1302 1374 1388 1406 1417 1418 1437 1494 1513 1607 1686 1753 1766 1862 1950 1971 1996 2083 2177
60 100 140 213 250 250 316 326 398 479 567 608 611 689 757 850 910 1006 1026 1106 1181 1274 1343 1422 1445 1525 1570 1638 1639 1649 1746 1786 1867 1931 1945 2005 2022 2108 2133 2135
27 72 167 190 249 336 385 386 451 520 583 596 641 664 729 799 845 885 940 1020 1062 1095 1115 1184 1263 1330 1354 1371 1404 1408 1470 1519 1558 1615 1689 1727 1789 1810 1879
53 107 141 233 240 310 377 448 505 594 595 657 749 769 821 877 932 947 992 1048 1114 1118 1197 1264 1326 1378 1451 1486 1520 1564 1618 1696 1770 1793 1870 1888 1900 1976
24 99 157 237 298 345 376 402 461 467 545 562 642 684 769 833 910 932 994 1070 1101 1135 1152 1211 1307 1329 1332 1373 1448 1540 1576 1589 1609 1668 1765 1781 1785
42 123 199 278 338 368 458 494 555 569 643 740 751 832 927 982 1055 1108 1194 1286 1329 1412 1457 1540 1559 1608 1656 1681 1685 1697 1762 1855 1876 1966 1977 2053
15 25 35 99 138 188 202 271 283 340 406 461 466 534 558 578 659 729 777 821 868 947 1021 1058 1143 1187 1257 1339 1349 1412 1499 1544 1598 1625 1647
97 145 195 282 342 439 479 495 518 541 587 678 770 846 875 906 991 1063 1075 1081 1169 1245 1294 1339 1345 1420 1484 1573 1587 1654 1655 1701 1755 1762
33 51 122 166 255 297 333 405 437 471 527 587 618 668 684 722 815 894 943 993 1081 1154 1234 1271 1288 1307 1355 1390 1448 1521 1558 1641 1713
54 92 109 179 198 252 297 325 339 430 492 551 583 613 646 677 727 748 820 858 871 882 941 946 948 995 1031 1068 1132 1167 1255 1261
63 93 177 240 325 351 426 524 543 561 574 582 654 665 759 847 847 887 894 971 1064 1150 1201 1270 1357 1399 1447 1532 1588 1608 1691
27 60 111 119 173 233 312 361 426 483 563 598 673 718 736 743 835 863 941 957 1055 1071 1149 1221 1235 1277 1279 1320 1378 1430
46 121 209 288 328 376 414 442 473 571 580 637 705 754 829 920 924 924 948 1005 1047 1104 1107 1157 1202 1228 1228 1284 1312
88 109 142 195 214 222 257 326 386 406 455 533 534 605 677 774 849 876 902 999 1047 1077 1111 1181 1266 1364 1408 1434
64 109 156 211 265 314 361 430 443 498 554 600 600 617 668 674 753 806 882 905 933 992 1025 1042 1121 1131 1157
39 93 101 114 162 244 277 323 378 382 410 428 428 434 498 519 532 548 599 638 717 725 739 805 836 856
15 86 150 214 241 260 314 323 380 425 444 474 477 489 522 617 667 705 746 837 864 892 937 991 1047
87 141 144 216 274 318 375 411 483 509 527 531 557 617 715 800 801 836 933 983 1004 1032 1119 1137
75 145 156 249 347 399 458 534 574 637 670 677 767 786 835 919 954 1023 1031 1051 1129 1165 1228
42 54 128 151 188 262 275 310 356 420 469 524 599 676 755 829 892 909 939 947 1002 1029
48 144 171 205 256 300 316 348 439 481 561 644 646 739 817 912 1007 1095 1150 1165 1189
56 97 127 135 170 249 257 316 404 420 470 522 620 661 676 686 771 862 923 997
75 146 235 296 337 390 419 438 532 606 617 645 740 763 805 851 927 1020 1093
40 119 162 227 321 373 383 476 543 581 586 650 714 803 890 970 1056 1101
96 134 194 195 243 247 320 324 329 353 401 431 520 568 613 647 702
1 68 119 150 211 243 296 370 433 510 530 545 618 711 743 746
15 44 89 114 132 194 250 288 295 385 410 463 501 537 590
29 29 30 114 123 202 298 328 407 505 567 658 706 765
84 160 188 252 325 394 456 507 585 660 690 731 824
86 173 193 245 328 421 461 517 556 612 689 727
16 72 105 107 135 225 230 271 368 456 479
70 78 109 182 272 302 348 352 360 395
99 142 166 184 232 243 273 273 369
63 78 78 79 133 150 200 257
44 78 139 195 236 271 363
10 32 81 118 132 222
17 107 113 142 201
97 140 167 221
48 112 124
74 100
69
