23
18 76 105 169 260 275 311 332 355 368 382 452 505 520 541 569 661 754 851 897 934 973 1060
3 60 151 218 249 277 311 322 416 476 563 602 622 651 671 699 786 819 861 928 943 948
77 160 258 354 436 443 517 569 593 684 744 751 818 909 941 954 1036 1089 1187 1222 1270
77 102 124 151 243 330 416 428 516 602 603 625 674 678 733 750 790 837 910 959
98 154 176 180 241 251 285 312 316 330 403 421 507 522 565 662 687 699 785
89 150 151 222 255 295 348 369 390 487 525 590 688 715 807 879 943 1010
65 128 149 212 223 266 334 361 459 508 547 625 697 767 795 876 921
32 75 115 191 268 285 377 465 540 542 607 699 763 768 779 847
61 132 224 304 350 420 481 532 611 615 683 686 700 789 845
79 159 188 274 301 343 365 408 420 457 492 548 549 589
82 84 152 214 244 257 291 310 400 466 489 547 640
68 127 147 172 270 299 300 316 398 473 544 597
80 175 241 265 268 349 420 465 523 600 698
94 100 109 139 229 256 294 389 444 451
22 56 141 175 176 236 311 397 417
50 70 112 207 274 312 376 404
68 114 126 212 288 298 306
60 147 180 214 301 385
84 163 248 279 297
96 163 175 201
19 97 98
34 111
45
