48
3 79 141 146 169 218 244 315 365 449 504 525 566 585 632 635 720 736 806 890 910 1006 1018 1108 1152 1235 1328 1384 1391 1424 1516 1562 1635 1646 1717 1776 1839 1912 1967 2027 2095 2103 2174 2256 2277 2368 2445 2455
53 93 177 271 351 442 466 516 607 693 749 772 817 832 883 892 942 1014 1082 1115 1201 1214 1264 1303 1374 1381 1429 1522 1585 1619 1643 1732 1751 1847 1863 1888 1952 2027 2043 2089 2118 2164 2237 2276 2359 2394 2445
60 84 145 178 244 302 346 391 462 506 519 590 656 668 760 781 802 833 850 885 921 983 1021 1110 1147 1188 1268 1345 1434 1482 1487 1531 1552 1648 1694 1723 1762 1766 1836 1849 1867 1943 1969 1985 2044 2113
38 74 149 196 204 205 239 271 361 444 528 553 624 706 711 729 782 794 810 888 958 963 1045 1052 1067 1125 1163 1232 1250 1286 1360 1453 1511 1580 1603 1635 1684 1736 1810 1895 1963 2035 2081 2167 2248
85 148 182 215 290 354 444 492 585 659 669 692 715 800 833 867 941 1004 1012 1081 1139 1170 1230 1320 1333 1389 1484 1511 1571 1646 1685 1725 1796 1885 1982 1999 2087 2165 2226 2290 2301 2339 2356 2414
79 92 179 270 326 352 443 449 521 584 601 654 747 774 868 913 1005 1026 1034 1083 1091 1148 1216 1216 1254 1327 1359 1437 1496 1542 1631 1644 1679 1748 1809 1886 1977 1985 2069 2092 2110 2187 2280
33 119 200 276 297 338 368 394 476 523 603 667 669 713 767 816 834 858 872 920 1016 1053 1053 1144 1196 1271 1369 1453 1454 1486 1520 1616 1706 1776 1837 1926 2002 2022 2069 2106 2194 2219
32 97 157 224 254 325 411 485 494 569 611 670 716 743 792 876 915 967 1006 1096 1181 1217 1285 1293 1346 1393 1449 1521 1535 1628 1711 1774 1790 1799 1839 1933 1936 2001 2058 2123 2164
11 15 32 80 106 176 259 275 278 337 338 421 456 530 575 670 686 711 787 854 910 967 1033 1129 1220 1240 1293 1362 1370 1445 1482 1549 1601 1658 1712 1754 1805 1898 1919 1978
14 21 25 100 123 212 224 291 319 387 435 476 572 643 668 747 817 825 827 856 940 998 1009 1105 1166 1166 1217 1279 1360 1425 1450 1500 1521 1568 1645 1652 1695 1763 1789
98 167 264 296 365 460 522 535 551 612 641 676 750 840 934 1029 1107 1161 1214 1238 1274 1277 1283 1299 1313 1334 1404 1438 1457 1501 1535 1620 1682 1771 1812 1824 1902 1943
33 118 126 166 201 281 375 407 453 535 549 560 618 640 732 738 744 834 860 928 1010 1026 1077 1162 1246 1321 1405 1502 1556 1561 1654 1689 1748 1838 1840 1881 1975
2 79 100 144 193 240 306 385 414 468 565 595 632 638 714 732 738 775 809 898 962 995 1052 1064 1125 1164 1247 1340 1391 1480 1538 1539 1633 1640 1722 1817
55 126 145 147 209 251 341 352 374 394 416 446 463 474 544 631 636 660 756 765 831 862 869 925 1007 1021 1066 1133 1223 1286 1334 1409 1453 1480 1502
34 109 183 189 247 248 329 365 457 553 553 634 726 760 782 782 844 884 970 1000 1041 1116 1176 1192 1225 1281 1305 1365 1398 1447 1447 1540 1543 1597
65 142 194 207 259 271 276 306 339 403 492 564 600 614 630 667 687 778 789 804 867 908 962 1054 1118 1188 1276 1356 1380 1386 1448 1469 1492
47 86 162 202 203 288 321 350 376 409 437 459 500 531 575 612 649 652 715 721 773 784 817 871 911 945 984 1064 1158 1241 1272 1330
64 109 112 112 126 201 259 271 349 402 493 578 622 711 797 846 868 895 964 978 1020 1025 1071 1134 1173 1208 1215 1310 1362 1424 1499
77 164 228 307 339 361 399 489 584 634 683 718 794 843 843 861 917 927 991 1059 1122 1181 1243 1279 1336 1384 1409 1458 1500 1531
18 93 171 260 322 406 491 548 605 658 753 826 917 938 1029 1066 1154 1188 1247 1323 1388 1464 1540 1554 1581 1620 1715 1770 1784
20 63 107 190 283 347 394 472 549 603 609 649 747 767 861 888 978 1054 1103 1108 1165 1221 1225 1279 1374 1393 1469 1536
31 70 128 207 258 324 386 411 431 459 509 531 532 614 633 649 665 742 805 874 946 968 1055 1077 1127 1168 1254
30 43 54 127 198 210 254 320 396 463 488 505 527 610 672 767 843 928 986 990 1024 1053 1125 1170 1177 1255
66 78 110 117 120 146 203 301 312 405 457 484 544 638 663 733 815 911 991 1037 1093 1182 1276 1320 1337
29 97 193 199 209 306 312 406 448 498 554 585 620 697 707 736 819 862 913 954 1026 1049 1098 1144
54 79 83 179 227 229 302 343 361 372 383 457 497 571 607 645 703 718 779 790 823 826 910
24 75 173 266 296 329 366 443 514 609 615 702 768 768 864 919 979 1040 1119 1217 1292 1317
42 76 152 250 334 355 377 428 445 491 584 646 742 839 909 933 938 951 1011 1099 1189
63 108 184 233 288 340 343 355 375 473 538 608 657 692 752 792 858 902 933 1007
5 97 139 174 216 220 318 357 453 514 578 650 677 688 714 714 740 779 826
68 139 171 242 253 269 355 357 440 504 557 575 578 630 647 721 755 795
67 88 110 167 240 248 313 329 365 462 524 525 616 675 702 784 846
61 142 194 243 283 323 340 359 432 435 500 508 513 551 588 679
66 75 78 114 180 184 280 371 430 454 552 579 642 738 756
72 133 205 266 356 406 463 521 534 599 642 649 707 741
11 26 37 51 77 107 148 192 239 310 356 437 475
26 33 75 75 151 190 201 247 279 304 373 376
59 59 129 199 219 223 252 290 380 431 489
72 89 114 122 195 273 335 381 416 482
46 84 167 256 297 354 391 425 435
90 155 177 218 291 387 426 456
9 37 52 90 91 107 136
70 151 234 323 325 370
18 114 212 265 284
26 76 130 182
25 77 145
61 147
99
