45
85 139 186 216 263 275 363 385 433 524 568 608 649 717 752 784 876 949 979 1021 1083 1163 1253 1268 1362 1451 1534 1619 1642 1670 1747 1779 1782 1787 1865 1880 1969 1975 1982 2042 2095 2193 2287 2329 2385
25 106 192 280 311 322 393 486 533 618 665 717 758 850 891 984 1045 1105 1194 1266 1268 1321 1344 1440 1536 1602 1693 1731 1821 1841 1881 1892 1962 1998 2001 2058 2074 2147 2193 2206 2280 2295 2324 2331
70 153 163 207 209 289 342 406 424 447 521 606 614 677 772 812 847 931 952 979 991 1037 1048 1122 1194 1263 1351 1375 1404 1453 1474 1524 1587 1655 1685 1717 1767 1777 1861 1925 1988 2024 2122
45 96 141 153 166 205 254 328 329 375 381 385 427 503 547 582 583 649 657 699 702 745 802 853 940 1034 1099 1107 1191 1273 1313 1346 1378 1400 1404 1443 1479 1520 1590 1597 1692 1739
56 88 166 202 246 272 361 380 435 506 509 575 631 660 672 674 687 687 743 794 870 896 978 1073 1148 1183 1194 1207 1210 1240 1290 1371 1455 1461 1491 1587 1594 1610 1618 1629 1634
46 60 83 148 181 260 289 352 357 391 472 555 589 686 724 773 791 850 915 1012 1075 1147 1239 1265 1360 1420 1458 1530 1596 1642 1688 1704 1765 1782 1820 1907 1944 1979 1993 2068
20 114 134 231 256 311 405 461 525 549 589 591 633 678 692 757 789 846 920 996 1042 1108 1122 1216 1293 1312 1383 1400 1430 1524 1603 1656 1659 1696 1742 1795 1866 1869 1966
76 87 160 174 234 239 261 319 347 348 379 431 478 515 517 605 698 707 751 769 816 822 872 906 957 1032 1111 1187 1267 1328 1387 1451 1486 1537 1631 1727 1743 1743
27 53 144 196 205 259 275 305 363 392 405 437 481 486 555 623 683 752 818 832 896 957 961 1048 1064 1159 1166 1210 1307 1341 1348 1437 1493 1497 1574 1665 1712
98 106 128 141 218 218 297 385 480 547 579 637 698 744 798 854 935 983 1038 1075 1149 1161 1163 1177 1184 1251 1292 1372 1428 1483 1571 1591 1623 1665 1689 1705
62 108 155 225 310 340 362 412 483 565 659 698 755 791 866 922 993 1009 1107 1203 1233 1263 1295 1335 1375 1417 1484 1507 1550 1591 1643 1728 1818 1911 1997
5 13 46 114 125 169 186 275 298 338 419 493 575 615 650 716 737 786 812 863 909 999 1000 1014 1087 1138 1158 1193 1212 1275 1304 1317 1343 1371
59 74 163 172 206 260 294 312 313 394 488 506 535 535 620 670 749 844 928 957 997 1070 1085 1096 1185 1193 1270 1329 1417 1513 1608 1653 1730
15 23 102 169 233 259 270 275 314 356 384 390 440 450 500 514 583 594 656 676 724 731 740 801 819 820 862 913 983 1072 1168 1231
26 82 136 233 286 357 432 435 531 580 657 676 703 736 736 784 873 927 1008 1048 1053 1089 1157 1198 1218 1314 1376 1422 1447 1461 1508
82 100 100 116 169 184 248 251 348 364 373 430 500 503 523 608 608 690 703 762 816 881 886 934 968 1047 1091 1142 1190 1201
90 93 94 167 241 272 278 279 302 316 408 473 561 603 611 617 670 697 780 859 919 976 1034 1046 1090 1128 1164 1234 1331
28 106 143 208 209 291 370 456 508 586 609 694 764 848 873 900 992 1020 1049 1091 1171 1179 1205 1246 1262 1359 1444 1445
66 116 191 270 363 369 442 448 462 544 580 598 613 652 706 718 782 854 935 968 1020 1092 1110 1124 1158 1238 1314
69 135 198 285 334 423 488 577 664 700 745 793 795 842 901 951 971 1008 1009 1033 1119 1143 1188 1221 1311 1362
31 113 132 145 151 240 272 292 385 464 545 550 625 639 727 754 814 864 929 970 1036 1075 1091 1117 1143
26 38 47 142 229 282 285 321 409 439 512 597 638 728 800 872 952 964 1005 1071 1129 1153 1172 1230
26 54 126 175 204 205 273 298 302 316 335 341 401 446 448 521 585 626 635 653 663 737 742
35 105 184 246 270 317 321 373 471 551 598 647 705 761 804 842 891 961 1004 1086 1147 1224
66 99 170 266 333 378 472 559 647 729 783 870 913 978 1008 1017 1030 1082 1163 1244 1342
18 53 118 197 290 294 387 454 518 561 636 719 779 787 817 867 911 922 996 1003
58 119 150 232 314 375 458 465 492 550 603 684 736 754 767 789 864 902 903
79 143 168 263 304 339 343 413 458 459 512 590 666 726 752 807 809 889
95 115 128 196 220 303 320 389 436 495 550 562 608 687 779 797 880
96 148 241 273 352 388 434 443 462 479 491 560 639 663 724 726
79 110 163 187 199 245 260 315 396 428 440 511 586 627 717
89 125 126 179 187 271 297 339 397 421 440 456 512 591
97 156 208 233 263 308 356 402 436 504 576 637 717
72 76 170 256 342 348 437 480 499 595 664 705
91 172 204 247 304 304 395 483 526 536 574
55 143 177 222 291 340 367 456 552 621
81 83 88 129 131 171 181 258 265
73 101 122 175 264 290 299 360
9 98 117 157 162 182 195
66 101 157 161 204 274
54 123 206 229 326
29 66 143 145
4 101 199
57 60
50
