88
19 65 135 184 261 332 412 463 524 597 630 692 706 804 808 843 919 988 1013 1040 1104 1112 1208 1298 1310 1324 1356 1447 1517 1559 1593 1691 1728 1740 1757 1822 1831 1850 1945 1948 1990 2070 2093 2190 2280 2331 2353 2413 2446 2539 2617 2692 2733 2829 2883 2893 2897 2943 3019 3091 3157 3202 3267 3352 3447 3513 3568 3598 3617 3671 3746 3812 3871 3930 3979 4045 4076 4084 4140 4202 4282 4377 4421 4467 4526 4547 4569 4610
19 46 60 123 219 299 312 401 409 461 494 570 652 676 732 744 817 823 824 899 996 1048 1071 1139 1143 1239 1271 1361 1405 1486 1559 1607 1647 1729 1770 1803 1823 1863 1940 2023 2054 2124 2143 2214 2287 2373 2416 2513 2604 2676 2768 2831 2879 2960 2970 3064 3097 3177 3247 3340 3356 3446 3494 3573 3671 3767 3851 3936 4031 4054 4086 4109 4177 4261 4266 4285 4347 4352 4367 4431 4498 4572 4628 4628 4671 4673 4747
41 88 174 188 262 356 425 484 551 623 634 722 787 865 904 925 976 1048 1063 1066 1119 1135 1189 1211 1246 1246 1330 1378 1474 1506 1533 1581 1668 1739 1754 1787 1873 1966 2010 2106 2136 2220 2250 2269 2313 2332 2342 2402 2494 2534 2572 2621 2666 2760 2780 2864 2884 2924 2958 3004 3095 3163 3243 3275 3280 3356 3383 3407 3424 3449 3504 3521 3587 3593 3609 3675 3706 3772 3834 3873 3928 3946 4044 4141 4141 4203
97 195 206 285 301 351 412 508 605 606 651 731 771 779 866 964 1017 1065 1128 1183 1270 1310 1379 1447 1483 1500 1536 1633 1723 1753 1808 1883 1968 1997 2085 2146 2227 2309 2327 2388 2409 2411 2453 2504 2537 2557 2611 2631 2724 2816 2908 3004 3034 3107 3143 3207 3284 3310 3324 3341 3416 3462 3549 3636 3637 3650 3664 3735 3775 3860 3865 3871 3873 3925 3946 4044 4088 4114 4123 4215 4259 4284 4291 4333 4412
20 63 159 204 275 325 389 458 525 529 578 640 701 734 782 845 870 872 936 940 982 1065 1148 1219 1224 1301 1314 1395 1484 1529 1579 1617 1671 1709 1806 1811 1839 1930 2000 2049 2086 2130 2141 2144 2196 2273 2342 2420 2508 2528 2602 2697 2730 2750 2762 2831 2895 2912 2992 3083 3086 3116 3141 3205 3283 3284 3288 3318 3360 3433 3448 3500 3523 3611 3625 3687 3729 3791 3857 3931 4014 4025 4090 4149
60 65 101 157 187 210 296 365 421 492 512 587 597 643 688 698 734 742 766 838 852 897 899 989 1044 1131 1147 1149 1192 1246 1313 1396 1421 1518 1574 1581 1634 1658 1681 1701 1711 1770 1804 1853 1943 1965 2010 2046 2047 2145 2217 2284 2301 2362 2375 2423 2510 2548 2586 2651 2670 2736 2742 2810 2819 2857 2876 2931 2933 3014 3089 3146 3241 3311 3323 3348 3433 3449 3479 3493 3591 3620 3700
50 116 133 216 219 228 309 312 344 428 428 428 450 509 566 585 680 750 844 872 877 896 961 1010 1106 1185 1226 1248 1303 1367 1435 1448 1540 1555 1581 1626 1659 1719 1789 1816 1845 1883 1921 1992 2055 2055 2117 2211 2292 2364 2455 2516 2610 2665 2754 2837 2859 2938 2993 3027 3109 3116 3187 3272 3302 3338 3373 3399 3424 3476 3520 3594 3635 3733 3737 3772 3791 3811 3864 3899 3925 3970
42 95 165 221 293 295 309 324 364 447 478 482 557 616 671 701 732 786 863 933 955 1007 1021 1027 1075 1081 1106 1193 1200 1273 1274 1321 1364 1442 1523 1562 1590 1627 1677 1715 1737 1818 1856 1862 1865 1905 1925 1940 1968 2018 2112 2185 2196 2218 2269 2289 2349 2438 2465 2502 2591 2683 2722 2778 2809 2817 2907 3004 3059 3129 3190 3212 3265 3301 3358 3394 3454 3538 3574 3605 3684
37 131 216 218 300 317 344 408 503 586 664 715 735 765 841 913 923 991 1086 1120 1149 1191 1251 1275 1326 1373 1463 1502 1594 1665 1708 1778 1806 1806 1815 1883 1971 2004 2036 2052 2079 2135 2227 2251 2279 2305 2337 2411 2461 2553 2621 2655 2741 2787 2858 2919 2949 3026 3059 3074 3089 3147 3181 3203 3241 3288 3304 3374 3409 3492 3556 3563 3645 3666 3697 3721 3763 3796 3863 3934
90 143 169 174 239 323 416 436 504 532 537 585 627 714 726 815 893 971 1019 1069 1136 1146 1218 1282 1343 1403 1421 1478 1506 1530 1581 1618 1705 1755 1800 1884 1915 1944 2030 2125 2191 2276 2290 2372 2393 2397 2402 2462 2516 2562 2587 2625 2702 2714 2742 2789 2845 2912 2963 2970 2973 2999 3070 3146 3147 3234 3313 3403 3403 3414 3448 3464 3477 3525 3568 3614 3653 3673 3736
61 133 149 180 225 227 278 303 353 412 457 553 598 625 653 695 726 805 891 944 971 1004 1023 1062 1104 1202 1227 1273 1327 1357 1357 1417 1462 1495 1552 1577 1644 1671 1718 1795 1800 1856 1860 1955 1983 1996 2071 2164 2241 2317 2388 2448 2534 2573 2577 2607 2677 2686 2716 2765 2767 2846 2918 3005 3016 3049 3099 3141 3227 3310 3390 3414 3484 3516 3583 3642 3734 3748
76 159 183 218 296 362 401 474 549 601 632 660 749 800 872 887 910 975 1054 1121 1209 1290 1358 1410 1497 1518 1567 1637 1699 1770 1835 1870 1963 2051 2065 2065 2117 2132 2175 2212 2212 2290 2379 2415 2453 2473 2504 2519 2616 2644 2660 2688 2758 2779 2841 2898 2965 3019 3088 3136 3169 3256 3310 3335 3392 3399 3425 3437 3486 3500 3540 3621 3627 3725 3771 3779 3801
97 126 127 129 166 180 186 190 196 198 267 344 366 367 407 431 467 518 598 647 704 777 783 816 862 920 922 1002 1029 1062 1081 1173 1268 1269 1312 1410 1482 1485 1566 1576 1632 1638 1650 1686 1738 1781 1800 1897 1911 1945 1991 2005 2090 2093 2110 2185 2252 2259 2298 2369 2370 2390 2430 2446 2449 2515 2575 2589 2630 2678 2719 2736 2797 2874 2923 2939
89 119 173 193 287 350 361 417 473 567 642 703 707 786 869 951 1025 1033 1071 1134 1207 1235 1249 1278 1342 1391 1454 1514 1599 1603 1696 1752 1753 1787 1799 1866 1886 1971 1984 2021 2074 2141 2151 2231 2286 2344 2418 2498 2527 2561 2637 2652 2690 2764 2781 2869 2962 2999 3022 3109 3170 3227 3234 3284 3363 3420 3472 3501 3507 3538 3575 3655 3741 3808 3852
38 127 133 225 314 379 449 466 531 628 707 733 824 918 996 1089 1145 1240 1332 1427 1477 1513 1552 1591 1591 1629 1644 1657 1723 1809 1892 1893 1933 1983 2054 2124 2217 2225 2247 2266 2280 2304 2401 2447 2449 2510 2587 2632 2663 2731 2781 2792 2865 2872 2924 2950 3034 3108 3144 3165 3202 3206 3238 3332 3342 3394 3479 3562 3596 3597 3627 3663 3733 3795
73 101 139 145 214 257 343 371 428 485 575 620 624 691 691 739 815 898 988 1001 1066 1110 1188 1269 1335 1390 1407 1417 1483 1503 1558 1585 1612 1682 1764 1825 1849 1902 1909 2005 2025 2104 2139 2168 2203 2216 2283 2342 2347 2421 2511 2522 2595 2655 2736 2829 2845 2903 2906 2932 2975 2995 3091 3101 3174 3193 3265 3350 3397 3431 3517 3584 3618
75 173 231 254 264 286 369 443 453 506 519 597 649 718 739 759 769 781 838 838 919 951 1019 1025 1090 1099 1157 1235 1278 1307 1315 1391 1471 1503 1559 1635 1637 1646 1713 1732 1789 1846 1907 1941 1966 1967 2032 2079 2153 2180 2218 2235 2282 2294 2331 2332 2380 2428 2506 2595 2631 2676 2729 2737 2825 2870 2935 2975 3007 3082 3109 3171
30 72 88 122 202 242 338 390 454 541 563 568 623 712 730 754 808 817 886 975 1037 1096 1112 1189 1220 1229 1278 1372 1407 1494 1547 1555 1638 1642 1701 1703 1724 1790 1854 1928 1966 2059 2144 2154 2198 2232 2318 2339 2355 2421 2494 2515 2585 2586 2660 2676 2767 2818 2915 2967 3015 3029 3038 3083 3110 3110 3208 3305 3345 3409 3493
39 137 140 166 179 224 244 335 360 372 431 491 551 557 567 650 687 785 848 866 927 928 965 991 1040 1054 1098 1157 1171 1203 1232 1277 1326 1328 1363 1427 1457 1545 1577 1630 1680 1749 1830 1844 1863 1872 1910 1977 2018 2046 2137 2178 2182 2205 2249 2261 2339 2380 2394 2484 2565 2651 2716 2724 2724 2768 2834 2877 2887 2888
68 131 229 290 378 425 467 486 529 554 569 571 613 635 732 771 808 850 924 982 1026 1089 1151 1242 1330 1337 1404 1477 1512 1537 1572 1579 1605 1688 1743 1751 1846 1934 1944 2014 2109 2130 2154 2243 2326 2359 2450 2521 2544 2610 2675 2733 2760 2831 2882 2912 2933 2978 2990 3070 3108 3203 3228 3254 3278 3326 3415 3491 3567
96 132 229 301 302 323 332 375 446 517 556 576 583 645 725 744 771 853 937 1031 1031 1110 1118 1148 1210 1241 1318 1401 1469 1524 1604 1666 1707 1776 1804 1864 1938 1983 2003 2007 2062 2119 2176 2231 2287 2348 2361 2391 2458 2479 2509 2562 2581 2677 2716 2742 2796 2837 2910 2945 2965 3053 3134 3182 3205 3297 3385 3443
27 44 80 91 116 120 160 225 303 345 436 470 522 587 629 676 700 780 789 792 816 893 920 941 995 1010 1097 1181 1242 1267 1269 1339 1353 1395 1407 1477 1521 1619 1715 1812 1824 1894 1987 2049 2108 2160 2251 2289 2296 2324 2421 2512 2556 2649 2693 2786 2879 2917 2968 3050 3145 3160 3247 3260 3324 3337 3389
45 139 204 237 243 305 399 450 455 547 597 645 740 771 792 825 912 921 1001 1033 1044 1078 1129 1204 1219 1309 1360 1422 1434 1512 1515 1522 1577 1660 1719 1771 1827 1842 1889 1925 1938 2014 2075 2151 2152 2186 2214 2302 2344 2379 2441 2531 2574 2615 2645 2655 2664 2693 2746 2786 2787 2814 2885 2959 3046 3085
75 131 152 170 216 288 384 438 462 500 540 561 659 743 811 873 971 990 1058 1112 1145 1191 1246 1266 1342 1373 1396 1451 1511 1609 1690 1701 1737 1778 1863 1960 2055 2083 2108 2203 2214 2304 2318 2393 2464 2554 2591 2643 2724 2738 2815 2896 2901 2930 2934 3024 3033 3074 3106 3184 3185 3255 3294 3362 3366
2 44 94 173 190 216 304 331 423 454 500 562 583 662 746 785 852 917 923 998 1045 1105 1195 1270 1347 1437 1520 1523 1553 1574 1582 1654 1680 1773 1816 1887 1891 1978 2025 2040 2134 2140 2197 2276 2311 2396 2461 2493 2560 2599 2682 2739 2774 2868 2962 2997 3036 3106 3137 3200 3259 3304 3348 3419
6 58 74 98 193 250 252 300 346 412 416 426 471 477 498 557 560 576 613 660 737 770 865 941 965 1017 1068 1130 1222 1315 1327 1391 1413 1450 1532 1609 1660 1701 1709 1746 1840 1889 1944 1972 1975 2023 2121 2170 2224 2247 2313 2340 2343 2403 2412 2441 2469 2497 2545 2612 2620 2623 2695
50 109 188 211 267 338 345 388 413 495 592 639 728 741 821 890 957 959 1051 1091 1154 1240 1264 1336 1390 1432 1526 1621 1649 1680 1752 1760 1817 1911 1931 2026 2096 2102 2178 2186 2277 2327 2395 2489 2526 2549 2580 2605 2618 2642 2714 2714 2722 2775 2804 2852 2898 2952 3017 3059 3136 3170
59 77 133 136 143 171 181 234 271 292 340 375 400 477 575 604 691 768 789 882 895 953 1046 1118 1157 1173 1209 1260 1317 1323 1357 1393 1471 1499 1543 1600 1698 1715 1767 1823 1857 1882 1924 1994 2034 2084 2167 2243 2339 2403 2460 2540 2619 2622 2662 2724 2802 2881 2966 2979 3076
78 81 86 94 180 241 267 331 367 427 432 499 584 640 727 823 865 952 1003 1065 1108 1135 1189 1233 1321 1372 1458 1487 1551 1647 1669 1694 1713 1780 1832 1915 1976 2049 2123 2203 2230 2309 2346 2350 2439 2443 2455 2541 2590 2678 2770 2822 2913 2977 3053 3142 3187 3203 3257 3292
21 22 74 159 225 227 266 266 308 394 460 494 500 539 576 638 681 717 788 801 844 896 978 1067 1080 1123 1133 1140 1213 1220 1245 1343 1356 1421 1497 1532 1557 1619 1690 1699 1739 1777 1839 1859 1917 1972 2007 2033 2111 2149 2233 2317 2383 2408 2460 2517 2546 2613 2626
95 141 220 222 301 335 426 491 531 603 691 696 724 814 816 832 877 920 946 957 992 1039 1068 1140 1163 1195 1236 1314 1315 1400 1477 1515 1581 1590 1665 1703 1703 1801 1816 1900 1977 2036 2041 2079 2107 2157 2240 2324 2348 2440 2475 2562 2653 2675 2735 2782 2841 2868
19 105 127 174 223 264 304 379 399 429 466 505 514 612 639 647 669 687 729 823 850 865 946 952 1001 1039 1093 1093 1115 1137 1166 1175 1230 1276 1358 1364 1451 1518 1564 1600 1624 1649 1684 1699 1773 1841 1926 1938 1970 2011 2072 2098 2103 2158 2208 2268 2291
82 123 220 255 261 343 351 389 463 467 537 577 641 660 711 792 805 892 894 948 998 1054 1090 1103 1151 1188 1251 1282 1332 1404 1405 1494 1575 1607 1662 1717 1722 1800 1824 1862 1899 1966 2040 2121 2195 2205 2258 2328 2362 2419 2421 2441 2538 2588 2608 2635
28 107 160 208 248 249 294 366 417 481 515 589 610 692 724 735 782 796 867 893 928 1001 1046 1101 1175 1233 1269 1348 1411 1500 1571 1593 1606 1665 1723 1759 1822 1919 2002 2078 2128 2164 2182 2199 2253 2325 2403 2495 2555 2596 2634 2651 2735 2813 2815
82 147 217 268 344 438 444 515 544 631 637 703 711 764 799 877 966 1050 1053 1064 1107 1108 1140 1217 1225 1309 1319 1390 1426 1481 1579 1651 1732 1819 1847 1858 1944 1980 2021 2095 2156 2235 2242 2328 2339 2382 2473 2535 2622 2630 2711 2752 2798 2851
60 82 147 216 253 344 344 421 442 518 591 659 686 691 713 742 785 791 812 876 887 937 965 1025 1083 1124 1153 1172 1217 1273 1328 1331 1388 1458 1512 1529 1531 1573 1629 1706 1743 1750 1806 1884 1906 1947 1974 1986 2058 2118 2208 2273 2298
11 86 116 149 242 297 361 393 422 455 490 531 587 639 709 747 833 922 1000 1054 1078 1092 1132 1161 1214 1295 1317 1413 1422 1462 1513 1531 1571 1576 1651 1676 1742 1835 1875 1909 1958 2033 2068 2101 2185 2206 2230 2276 2284 2302 2305 2387
65 82 101 122 214 214 303 396 487 508 546 558 595 596 610 663 745 801 883 888 922 936 1019 1084 1114 1119 1136 1216 1233 1325 1391 1438 1474 1494 1524 1554 1591 1623 1667 1720 1741 1812 1902 1998 2018 2101 2162 2205 2240 2279 2362
59 78 94 151 232 277 310 346 403 444 447 530 609 626 685 719 770 852 911 923 993 1074 1087 1105 1118 1147 1154 1187 1220 1308 1330 1404 1469 1529 1608 1640 1673 1720 1740 1756 1805 1837 1904 1970 1990 2048 2105 2144 2179 2228
1 18 71 101 151 226 295 322 381 417 485 564 633 670 728 770 810 888 968 997 1060 1095 1185 1248 1291 1314 1334 1416 1439 1536 1627 1703 1708 1785 1800 1892 1968 2037 2064 2160 2223 2300 2305 2321 2353 2353 2382 2445 2512
65 158 213 259 282 357 385 407 463 503 586 632 646 739 767 828 840 921 992 1056 1105 1113 1157 1233 1294 1301 1381 1421 1458 1484 1533 1596 1651 1704 1764 1799 1849 1905 1951 1976 2047 2095 2125 2126 2160 2230 2320 2408
32 118 156 229 241 337 434 524 611 659 683 696 766 826 871 938 951 999 1054 1135 1175 1220 1274 1286 1350 1375 1434 1483 1538 1548 1616 1659 1706 1782 1818 1865 1868 1902 1909 1939 1992 2006 2077 2131 2200 2201 2219
51 147 222 239 260 321 334 348 424 457 515 595 629 646 709 800 812 880 881 963 977 990 1012 1055 1112 1164 1259 1277 1324 1373 1448 1507 1526 1587 1631 1729 1803 1830 1921 1928 1975 2042 2087 2162 2247 2258
39 49 69 165 189 251 335 415 435 436 503 578 673 706 772 843 915 993 1007 1067 1137 1160 1204 1302 1373 1412 1495 1552 1644 1645 1662 1732 1733 1827 1853 1888 1905 1940 1998 2088 2138 2231 2317 2328 2355
56 121 167 206 217 226 269 352 438 461 547 547 581 664 755 774 854 877 957 1036 1078 1100 1180 1243 1278 1293 1367 1454 1513 1593 1637 1646 1744 1825 1854 1935 1944 1961 2017 2032 2087 2167 2210 2298
43 119 169 215 228 316 384 443 510 543 571 621 684 703 716 790 848 894 950 1023 1066 1108 1132 1199 1251 1329 1371 1385 1453 1527 1600 1604 1636 1665 1679 1692 1758 1836 1848 1935 1943 1965 2034
80 175 196 224 231 301 318 342 400 448 503 582 603 640 713 754 787 824 872 897 972 1068 1108 1168 1229 1312 1355 1390 1458 1483 1565 1656 1717 1795 1850 1945 1989 2086 2143 2166 2182 2220
13 106 132 218 233 324 361 405 433 527 614 664 706 769 817 894 912 919 985 985 1032 1115 1128 1159 1199 1233 1234 1299 1369 1395 1398 1412 1502 1511 1538 1580 1629 1655 1655 1700 1725
25 113 139 144 235 268 302 324 369 373 407 484 509 571 614 691 700 755 776 865 869 954 1000 1051 1068 1097 1166 1224 1298 1301 1367 1400 1405 1489 1572 1602 1617 1707 1717 1774
14 80 136 209 303 350 428 484 519 560 592 678 699 744 822 864 917 1010 1063 1119 1185 1224 1230 1261 1332 1374 1376 1431 1527 1531 1564 1579 1600 1694 1706 1774 1844 1860 1931
49 119 173 260 323 361 426 451 541 545 588 592 687 712 721 755 840 849 930 1011 1062 1158 1219 1225 1291 1319 1411 1480 1510 1533 1556 1583 1591 1614 1662 1665 1725 1743
44 117 131 229 289 338 397 468 493 586 629 674 763 809 832 908 974 975 1042 1080 1099 1121 1178 1202 1236 1261 1337 1382 1420 1430 1478 1493 1576 1656 1667 1685 1769
44 111 136 143 241 277 338 348 388 399 485 513 574 634 637 732 813 902 943 968 983 1061 1101 1196 1261 1298 1382 1385 1464 1526 1610 1627 1685 1756 1757 1841
37 118 196 241 273 363 445 511 516 585 606 611 694 789 824 904 923 947 1002 1055 1101 1166 1240 1263 1334 1372 1442 1458 1548 1610 1620 1716 1776 1856 1925
56 65 134 145 154 173 179 214 296 378 458 525 617 647 653 735 739 792 803 837 915 945 1034 1127 1130 1189 1247 1308 1399 1404 1424 1474 1537 1618
91 109 203 268 332 372 401 461 544 639 705 719 720 784 881 887 970 976 989 992 1046 1068 1122 1124 1141 1202 1230 1301 1370 1456 1507 1589 1621
48 119 194 216 291 294 309 387 461 473 483 556 645 689 740 769 801 879 886 939 1004 1014 1094 1125 1138 1208 1237 1319 1409 1466 1533 1539
36 133 186 228 252 273 342 415 469 523 549 618 710 726 777 802 851 888 920 1009 1092 1159 1237 1261 1275 1275 1303 1401 1421 1502 1513
59 80 117 189 263 283 343 411 422 504 525 568 587 642 681 774 858 950 1008 1049 1103 1187 1266 1267 1323 1385 1481 1565 1607 1687
84 97 166 203 269 353 399 443 500 577 643 649 704 719 757 764 769 857 914 1007 1031 1098 1119 1139 1205 1280 1301 1352 1413
86 104 127 208 298 353 365 437 444 523 544 552 636 688 750 757 824 850 874 935 1002 1026 1107 1130 1145 1194 1282 1283
51 97 165 260 353 374 423 476 564 627 700 746 777 846 871 937 938 953 1048 1081 1177 1245 1271 1285 1365 1367 1446
57 120 199 238 257 352 446 451 465 507 533 535 570 639 718 764 859 880 884 960 1009 1065 1096 1132 1137 1208
33 117 147 153 194 206 236 295 336 399 413 419 483 524 564 599 693 770 793 811 831 879 910 921 972
41 68 73 91 111 111 143 215 232 268 305 334 430 493 520 565 569 609 702 788 847 855 904 973
14 89 131 171 171 246 256 322 356 391 414 437 510 516 608 631 714 733 827 909 958 1042 1099
87 133 143 239 265 303 360 393 476 571 577 651 675 689 751 846 932 947 1013 1020 1049 1074
19 55 63 159 180 198 255 338 367 384 430 455 550 622 706 755 795 801 850 909 996
62 154 156 188 207 240 334 405 481 534 629 673 693 726 739 787 855 897 905 947
41 129 151 181 183 277 342 361 423 486 569 625 703 708 778 814 816 831 855
62 134 182 189 190 260 349 383 447 480 538 568 649 687 750 815 816 901
28 83 146 211 221 317 323 343 391 418 451 491 512 518 527 583 583
74 84 174 224 238 329 343 408 460 470 559 562 592 654 703 786
85 137 187 242 314 401 405 452 524 616 616 645 733 775 792
28 39 46 95 170 217 228 268 321 396 400 448 472 508
23 61 65 78 154 180 231 263 277 345 405 411 506
21 118 185 237 294 381 409 447 539 547 627 694
63 110 207 251 289 320 374 423 442 498 500
33 105 140 182 239 311 393 414 443 453
71 155 240 248 317 350 402 437 513
5 65 118 128 140 166 221 231
98 170 252 303 309 337 376
24 43 89 91 130 143
90 141 219 247 299
19 113 143 158
65 158 212
51 54
35
