59
62 116 192 219 229 290 351 413 440 504 598 638 696 782 846 912 945 977 1018 1056 1132 1158 1243 1264 1267 1305 1317 1357 1449 1472 1491 1559 1607 1653 1688 1784 1819 1869 1930 2008 2092 2129 2201 2209 2288 2377 2450 2508 2601 2638 2682 2705 2723 2814 2898 2961 2980 3003 3101
50 132 171 194 266 362 386 409 429 521 606 700 777 810 813 889 965 1013 1095 1191 1228 1238 1275 1359 1377 1432 1530 1593 1626 1657 1725 1770 1817 1908 1929 1983 1991 1997 2058 2149 2157 2169 2222 2300 2386 2460 2490 2572 2572 2656 2742 2801 2803 2863 2930 2966 3049 3121
72 105 184 256 310 403 490 534 607 688 730 768 823 853 927 959 969 983 1058 1128 1133 1230 1254 1272 1357 1429 1523 1607 1691 1691 1774 1838 1840 1926 2022 2058 2136 2154 2170 2244 2312 2370 2468 2479 2500 2562 2591 2593 2680 2766 2827 2872 2911 2976 3074 3160 3203
30 40 122 188 206 281 313 369 372 397 468 530 560 636 659 711 731 771 774 776 817 892 970 1056 1122 1133 1208 1273 1337 1400 1436 1525 1533 1620 1629 1645 1708 1718 1808 1881 1923 1977 2066 2116 2190 2201 2247 2289 2377 2456 2507 2562 2622 2640 2670 2749
10 45 50 88 93 151 178 206 277 287 372 424 467 507 566 627 679 697 757 765 794 850 852 883 951 1026 1081 1148 1191 1246 1277 1290 1341 1430 1461 1494 1529 1547 1569 1607 1677 1690 1776 1798 1798 1813 1884 1886 1951 2049 2063 2085 2094 2141 2202
78 126 162 232 274 324 407 476 481 500 583 596 645 677 755 853 916 948 1023 1073 1162 1174 1251 1318 1365 1459 1484 1520 1520 1581 1596 1605 1623 1626 1639 1651 1658 1732 1828 1868 1910 1928 1996 2066 2072 2087 2155 2198 2223 2299 2322 2392 2436 2524
70 164 188 230 301 378 453 520 608 638 693 784 791 846 855 901 985 1032 1119 1159 1200 1280 1324 1356 1369 1417 1432 1434 1464 1467 1562 1637 1668 1684 1712 1801 1864 1910 1910 1955 2048 2074 2143 2199 2261 2298 2319 2345 2380 2385 2458 2520 2569
80 109 174 212 231 327 419 434 496 569 622 718 815 844 852 920 927 975 1020 1070 1075 1084 1107 1182 1231 1268 1280 1310 1347 1353 1397 1482 1546 1592 1626 1690 1757 1761 1782 1829 1852 1886 1922 2019 2038 2104 2151 2153 2238 2255 2308 2388
85 178 185 270 317 384 419 470 546 605 638 728 819 821 911 919 936 981 1019 1057 1073 1125 1196 1260 1327 1381 1429 1458 1528 1553 1640 1737 1830 1847 1847 1927 1968 2020 2080 2155 2219 2301 2358 2406 2481 2509 2532 2615 2713 2811 2894
51 87 111 155 179 219 294 324 383 387 399 403 419 485 530 612 705 711 759 849 928 981 1079 1109 1204 1294 1366 1416 1418 1474 1490 1567 1658 1692 1761 1831 1926 1967 2055 2055 2103 2193 2232 2320 2364 2415 2429 2451 2459 2531
37 94 127 130 226 275 285 355 365 395 468 506 526 556 572 594 625 627 630 718 737 783 785 879 970 1037 1125 1127 1159 1223 1271 1301 1318 1349 1354 1439 1480 1480 1500 1511 1547 1599 1599 1605 1610 1639 1664 1734 1803
26 87 94 163 210 278 318 395 489 544 628 708 755 847 878 893 907 966 1045 1115 1161 1161 1223 1291 1331 1415 1442 1478 1531 1596 1605 1675 1735 1818 1848 1859 1918 1965 1972 1992 2055 2095 2166 2178 2261 2322 2407 2483
46 104 177 267 308 377 414 457 510 537 619 672 732 768 794 834 896 977 978 1063 1090 1171 1210 1283 1283 1326 1374 1423 1500 1523 1584 1653 1749 1810 1876 1956 1976 2073 2080 2102 2185 2207 2267 2333 2427 2502 2575
10 30 90 164 175 253 316 352 358 421 480 487 576 592 685 771 852 925 950 1016 1110 1113 1211 1214 1301 1361 1422 1479 1536 1621 1694 1749 1774 1832 1859 1870 1943 1968 1999 2058 2071 2120 2197 2247 2248 2318
37 87 114 132 132 222 275 368 403 418 463 507 542 622 702 749 817 860 922 956 1036 1120 1154 1217 1286 1315 1323 1409 1493 1582 1606 1699 1757 1757 1794 1799 1836 1900 1955 2037 2052 2145 2164 2196 2225
48 109 184 223 285 300 339 358 432 456 532 542 565 595 634 701 747 815 843 861 901 967 1009 1091 1116 1179 1219 1311 1356 1415 1469 1496 1578 1675 1727 1744 1841 1939 1941 1978 2051 2095 2122 2154
82 119 123 131 180 200 295 311 351 444 519 597 614 636 664 734 775 810 885 895 916 976 1020 1099 1195 1245 1327 1354 1433 1505 1572 1632 1635 1645 1659 1740 1781 1814 1820 1824 1846 1863 1945
68 162 200 284 381 389 427 523 574 583 670 672 719 783 814 889 968 970 1025 1054 1122 1165 1218 1252 1317 1385 1420 1471 1548 1619 1676 1753 1836 1860 1956 1994 2066 2098 2179 2228 2255 2352
96 156 250 314 337 350 425 485 494 527 602 622 710 777 810 901 928 936 1016 1050 1106 1111 1173 1249 1300 1398 1432 1492 1496 1499 1507 1559 1628 1666 1700 1721 1749 1807 1808 1891 1918
80 126 134 199 248 299 376 453 492 497 508 588 636 670 705 733 794 869 967 1025 1085 1146 1192 1256 1295 1327 1344 1416 1424 1456 1464 1534 1593 1689 1733 1784 1831 1916 1921 1952
90 175 242 257 278 305 398 426 432 464 477 505 562 613 671 682 734 832 927 933 1030 1078 1158 1232 1272 1357 1380 1414 1480 1481 1538 1541 1630 1639 1664 1732 1807 1871 1922
21 116 201 227 239 305 343 425 435 484 576 633 726 820 839 897 942 1024 1043 1141 1171 1218 1273 1307 1385 1439 1445 1508 1578 1672 1741 1761 1806 1885 1953 1977 2010 2101
82 101 135 222 239 305 333 431 449 455 515 538 590 675 745 803 810 850 868 949 1001 1028 1101 1199 1256 1278 1298 1386 1443 1492 1530 1603 1638 1716 1743 1751 1776
40 64 111 119 217 288 375 459 514 527 539 547 635 685 742 818 831 882 922 968 1051 1079 1122 1198 1202 1294 1381 1432 1511 1518 1553 1567 1626 1641 1652 1707
21 119 204 268 309 343 389 397 402 482 528 574 656 656 664 712 756 785 826 922 972 1058 1100 1177 1228 1288 1368 1395 1460 1517 1611 1630 1695 1732 1744
85 121 154 191 246 268 347 349 432 487 523 546 616 671 723 792 827 839 868 947 1009 1041 1089 1126 1185 1239 1269 1305 1360 1397 1449 1490 1578 1666
34 129 221 305 400 461 513 521 523 565 583 654 752 849 907 972 1025 1102 1147 1216 1219 1303 1353 1440 1472 1483 1504 1550 1630 1669 1733 1744 1820
69 131 174 219 263 329 409 464 519 613 675 718 799 874 929 942 990 1057 1077 1105 1190 1272 1351 1440 1465 1531 1549 1582 1631 1677 1750 1779
32 34 93 114 170 253 321 402 490 491 494 524 583 630 708 793 832 896 946 946 1034 1124 1133 1176 1199 1237 1317 1406 1411 1425 1430
78 78 123 128 210 297 306 335 420 421 451 529 605 658 735 829 897 926 995 1033 1099 1122 1176 1188 1248 1328 1410 1484 1489 1511
2 94 126 147 173 233 297 309 405 484 578 664 743 828 900 972 991 1013 1095 1128 1141 1205 1250 1258 1356 1440 1469 1477 1516
53 56 153 231 315 337 414 483 498 568 655 703 796 852 926 962 991 1069 1077 1148 1187 1255 1256 1275 1303 1334 1375 1473
80 138 190 239 311 391 410 482 573 574 658 660 728 808 865 874 880 923 950 1038 1061 1088 1124 1203 1285 1375 1393
16 46 130 139 212 226 307 398 443 445 453 503 553 629 672 766 813 842 886 933 1004 1016 1063 1102 1122 1211
25 44 81 129 164 164 184 269 311 392 483 543 593 635 698 718 742 792 820 888 934 1027 1050 1065 1144
71 148 211 292 338 350 412 456 554 636 728 736 737 788 804 814 825 889 941 983 1035 1064 1079 1121
52 122 172 200 200 244 297 378 401 416 491 576 586 627 710 748 756 761 791 830 836 859 912
70 106 161 243 296 299 369 450 498 574 660 728 757 823 849 929 945 1027 1044 1062 1076 1109
82 87 112 170 205 241 321 360 407 445 512 590 660 664 666 679 689 717 812 845 878
28 39 123 199 243 260 277 341 366 415 464 469 555 651 701 757 801 806 860 892
24 55 102 166 191 221 254 321 389 404 415 429 518 575 650 652 749 844 916
87 172 265 293 373 471 490 554 645 694 701 742 821 888 940 971 1010 1028
3 55 113 142 147 231 311 390 465 561 567 574 605 689 746 796 866
73 146 169 196 263 282 283 287 313 409 450 546 553 595 609 609
88 186 231 268 281 312 390 482 521 609 654 731 800 898 928
24 44 89 135 162 174 232 245 280 344 421 445 451 485
71 71 105 200 296 353 411 450 457 486 544 574 622
98 155 186 265 357 381 422 474 541 542 576 651
58 117 169 189 190 277 333 398 424 453 518
61 81 161 252 254 285 328 356 434 490
69 123 139 206 265 310 364 459 461
53 141 205 266 282 298 370 394
5 19 21 59 78 172 269
94 178 231 277 320 350
71 95 170 181 250
42 83 154 157
46 94 166
58 83
44
