33
15 78 116 178 199 248 343 429 434 528 539 625 700 737 820 880 885 944 987 1037 1042 1058 1142 1167 1229 1265 1288 1292 1376 1431 1437 1442 1530
53 132 160 164 184 251 270 367 434 471 508 534 618 651 735 819 854 880 966 1051 1102 1184 1204 1242 1302 1308 1365 1390 1433 1447 1469 1565
39 91 126 183 276 361 398 437 524 587 659 743 759 763 782 790 853 863 906 947 1012 1045 1118 1195 1260 1282 1355 1431 1518 1576 1665
61 87 103 180 257 311 382 444 483 572 627 688 713 797 808 904 955 1041 1088 1124 1220 1276 1300 1306 1307 1381 1465 1558 1653 1659
71 161 173 264 282 373 393 405 481 492 513 596 663 679 759 826 829 874 877 891 966 992 1030 1073 1144 1176 1208 1285 1373
5 96 130 149 150 243 327 412 480 482 575 663 761 779 824 864 961 1005 1065 1127 1219 1278 1311 1329 1356 1366 1430 1462
65 76 117 132 171 211 239 239 335 392 416 450 488 583 634 661 698 768 794 886 899 965 1048 1055 1115 1142 1239
79 172 188 271 365 379 458 460 488 569 639 710 762 809 873 877 937 1019 1056 1115 1163 1194 1223 1273 1308 1327
60 137 224 292 313 351 398 427 448 532 611 697 794 862 938 995 1070 1133 1174 1197 1280 1366 1414 1443 1462
12 55 143 197 208 262 278 371 377 469 503 569 622 624 709 757 829 875 961 990 1012 1105 1147 1152
31 101 188 284 292 356 406 498 522 557 568 583 658 689 740 741 794 833 902 902 918 1015 1074
79 155 240 253 299 312 410 468 535 551 630 634 724 801 860 929 999 1035 1118 1214 1304 1385
22 43 110 135 219 305 366 434 516 612 667 711 733 795 830 897 988 1061 1094 1181 1221
31 95 169 238 290 316 326 407 447 516 556 625 691 736 788 805 897 903 932 1012
87 165 215 233 263 348 429 489 494 524 562 620 642 669 719 734 749 837 864
56 91 140 173 180 259 298 381 442 532 628 710 716 784 793 877 945 952
3 26 101 113 158 233 306 339 433 461 462 481 529 619 688 759 797
14 59 149 169 259 333 415 420 509 563 589 655 720 721 800 895
31 122 129 157 191 253 265 358 362 376 447 502 530 548 583
50 58 139 226 240 310 358 423 433 514 522 615 646 675
80 113 201 219 269 312 395 464 499 504 565 610 640
30 48 136 167 174 186 200 297 394 399 436 446
37 43 105 136 184 224 258 260 310 319 386
74 100 179 237 270 325 365 454 459 552
6 45 121 190 247 249 309 406 446
30 52 135 224 230 304 320 413
62 62 71 71 106 175 180
40 138 175 179 266 315
82 97 141 215 266
99 133 146 166
11 37 43
78 176
72
