95
98 163 210 283 310 408 463 554 622 643 709 737 812 904 943 948 968 1004 1079 1099 1166 1192 1269 1360 1393 1449 1537 1617 1714 1758 1798 1800 1864 1950 2024 2087 2122 2189 2205 2227 2236 2236 2264 2290 2359 2375 2405 2421 2473 2559 2593 2639 2711 2789 2835 2855 2865 2903 2918 2997 3014 3024 3082 3144 3196 3262 3324 3376 3380 3455 3527 3558 3576 3640 3708 3797 3865 3890 3959 4025 4041 4043 4070 4159 4231 4245 4310 4313 4328 4389 4426 4450 4538 4588 4632
43 61 66 153 237 311 397 495 561 588 679 710 771 791 841 879 965 1056 1067 1108 1170 1172 1176 1270 1299 1353 1434 1496 1569 1581 1632 1648 1711 1778 1840 1889 1930 2006 2085 2130 2189 2205 2221 2302 2319 2386 2419 2508 2599 2609 2611 2695 2709 2800 2828 2896 2969 3050 3066 3083 3103 3179 3189 3249 3283 3337 3393 3458 3496 3538 3577 3609 3635 3647 3681 3690 3758 3811 3834 3884 3966 4011 4035 4124 4149 4219 4295 4389 4483 4578 4617 4668 4761 4836
29 69 115 190 254 332 356 453 511 558 626 713 716 739 800 817 896 911 952 973 1055 1064 1077 1141 1190 1237 1271 1315 1401 1434 1490 1584 1606 1694 1770 1848 1870 1923 2005 2071 2113 2169 2237 2301 2335 2389 2463 2556 2627 2681 2720 2726 2773 2790 2818 2912 2965 3042 3063 3084 3136 3194 3200 3217 3230 3240 3324 3380 3409 3483 3515 3583 3587 3681 3779 3786 3789 3847 3871 3886 3963 3970 3997 4013 4054 4064 4120 4200 4209 4216 4280 4345 4433
40 112 137 173 253 271 318 356 406 431 453 517 586 598 629 671 679 735 746 830 917 959 975 1027 1033 1050 1087 1128 1155 1216 1282 1292 1306 1329 1424 1456 1504 1507 1546 1614 1623 1672 1714 1772 1830 1875 1972 2016 2018 2073 2079 2168 2247 2255 2269 2292 2339 2404 2482 2569 2573 2665 2722 2809 2849 2906 2909 2963 2998 3054 3118 3207 3210 3233 3273 3299 3312 3333 3347 3408 3467 3507 3531 3629 3668 3697 3765 3825 3917 4004 4018 4111
75 97 115 168 264 275 294 355 386 459 463 502 507 513 534 552 608 655 688 693 715 774 859 887 981 1075 1156 1183 1214 1222 1271 1287 1333 1431 1509 1606 1692 1742 1753 1777 1779 1818 1903 1912 1921 2006 2099 2192 2274 2288 2347 2392 2445 2447 2454 2456 2503 2586 2592 2637 2700 2783 2872 2892 2892 2948 2961 3033 3067 3146 3191 3214 3298 3318 3400 3452 3486 3572 3628 3652 3711 3808 3848 3861 3896 3981 3981 4034 4101 4151 4188
97 118 125 158 235 323 336 379 465 549 587 669 716 801 867 882 962 979 1047 1059 1145 1168 1225 1292 1387 1463 1530 1606 1635 1733 1774 1795 1820 1871 1873 1951 2025 2062 2130 2168 2177 2184 2280 2362 2454 2537 2552 2605 2669 2688 2712 2763 2833 2918 2957 3044 3089 3095 3130 3175 3255 3313 3396 3443 3474 3501 3531 3549 3551 3591 3604 3616 3684 3771 3832 3833 3903 3935 4020 4031 4069 4092 4172 4242 4314 4343 4412 4500 4568 4641
15 24 93 126 215 272 346 387 472 516 578 645 659 687 738 778 852 941 1037 1091 1172 1220 1309 1342 1342 1399 1401 1406 1468 1473 1504 1556 1615 1682 1751 1833 1888 1920 1996 2006 2104 2149 2217 2274 2303 2398 2406 2504 2514 2514 2611 2656 2750 2825 2892 2967 3044 3142 3214 3256 3272 3292 3354 3389 3456 3477 3538 3577 3640 3646 3661 3730 3762 3765 3806 3828 3924 3995 4038 4055 4131 4207 4215 4286 4380 4427 4508 4606 4653
77 87 124 134 197 245 284 345 406 440 443 520 577 606 684 767 770 781 827 868 926 948 1019 1039 1101 1175 1249 1290 1355 1357 1428 1498 1570 1622 1681 1695 1706 1739 1741 1745 1828 1917 1968 2016 2027 2044 2063 2147 2167 2184 2267 2338 2342 2412 2474 2491 2589 2641 2704 2779 2858 2911 2997 3044 3105 3146 3197 3272 3358 3381 3463 3553 3628 3664 3696 3705 3745 3781 3874 3877 3907 3915 3978 4057 4065 4139 4150 4232
23 27 47 71 156 180 238 251 270 302 327 357 417 499 562 613 634 726 787 866 931 934 961 1000 1008 1052 1135 1178 1191 1267 1325 1385 1451 1455 1457 1554 1581 1642 1663 1698 1712 1798 1864 1961 2011 2046 2096 2145 2148 2235 2267 2329 2379 2472 2537 2566 2586 2679 2695 2717 2726 2807 2876 2910 2972 3006 3039 3131 3222 3292 3325 3340 3354 3432 3463 3545 3564 3628 3692 3777 3778 3836 3843 3887 3898 3941 4018
42 74 105 109 173 206 257 289 309 347 434 449 535 553 571 644 734 819 909 961 1032 1108 1120 1176 1265 1356 1408 1426 1522 1528 1576 1628 1708 1717 1762 1823 1823 1894 1904 1955 2021 2038 2103 2118 2162 2250 2276 2319 2354 2442 2455 2480 2516 2598 2678 2771 2802 2847 2871 2944 3021 3062 3123 3128 3212 3220 3252 3328 3370 3423 3458 3519 3578 3599 3678 3754 3768 3802 3881 3947 3997 4076 4123 4149 4186 4227
33 101 112 147 186 237 261 333 429 495 523 609 705 712 802 859 931 942 959 1027 1075 1090 1116 1148 1169 1255 1332 1348 1351 1351 1362 1365 1450 1543 1608 1634 1708 1710 1773 1773 1801 1895 1910 2008 2062 2144 2173 2181 2200 2275 2367 2441 2444 2457 2458 2464 2520 2593 2685 2733 2831 2891 2977 3043 3065 3068 3133 3214 3229 3275 3280 3349 3436 3502 3592 3686 3714 3721 3747 3824 3860 3910 3984 4035 4115
34 72 99 142 154 157 183 248 346 418 496 577 630 646 708 759 838 879 955 1021 1102 1130 1151 1203 1257 1288 1372 1415 1468 1552 1558 1591 1593 1617 1629 1635 1650 1702 1794 1833 1906 1969 1998 2058 2083 2139 2165 2252 2317 2367 2429 2444 2505 2544 2566 2636 2706 2788 2882 2899 2923 3001 3048 3063 3084 3112 3140 3166 3181 3199 3291 3361 3378 3415 3472 3492 3509 3567 3593 3631 3674 3768 3785 3830
52 121 158 192 266 267 286 382 406 454 530 624 689 693 778 819 885 898 963 977 1011 1069 1119 1194 1246 1278 1292 1314 1336 1356 1428 1455 1469 1563 1571 1576 1631 1722 1741 1820 1856 1873 1964 2012 2092 2185 2226 2278 2321 2400 2447 2483 2581 2653 2692 2698 2771 2789 2826 2899 2980 3038 3051 3139 3177 3209 3273 3327 3400 3444 3444 3465 3530 3576 3666 3728 3809 3826 3830 3848 3895 3899 3968
15 76 90 95 140 189 284 326 358 436 462 528 547 578 605 646 709 773 806 820 859 899 928 995 1028 1087 1169 1191 1248 1343 1440 1503 1534 1574 1669 1742 1833 1899 1971 2039 2084 2119 2139 2146 2213 2239 2302 2367 2387 2421 2437 2497 2504 2511 2605 2615 2677 2751 2834 2932 2979 3010 3021 3076 3160 3185 3206 3224 3320 3354 3451 3506 3581 3629 3655 3714 3753 3827 3882 3944 3969 4027
37 125 185 224 229 236 302 362 457 533 558 575 602 671 745 826 898 956 1034 1117 1165 1203 1293 1381 1395 1487 1491 1543 1599 1653 1739 1826 1846 1936 2030 2058 2114 2154 2221 2242 2320 2369 2455 2496 2561 2587 2605 2650 2672 2734 2743 2813 2853 2903 2971 3066 3101 3123 3206 3260 3310 3370 3392 3434 3513 3519 3580 3668 3748 3841 3841 3874 3951 4008 4097 4105 4181 4223 4258 4280 4303
44 65 133 153 173 268 349 376 388 456 456 514 612 671 687 697 721 795 850 895 938 942 988 1012 1098 1145 1194 1243 1277 1334 1423 1434 1496 1506 1582 1655 1728 1799 1831 1842 1913 2011 2041 2073 2150 2185 2258 2350 2428 2434 2523 2571 2633 2665 2744 2773 2844 2879 2894 2898 2910 2939 2941 2952 2980 3003 3016 3033 3067 3067 3069 3162 3219 3301 3306 3368 3378 3473 3524 3615
49 135 204 229 252 299 324 417 509 595 672 767 848 946 1025 1053 1145 1220 1238 1239 1259 1355 1376 1442 1516 1598 1609 1679 1680 1776 1835 1891 1955 1964 2060 2105 2200 2215 2263 2360 2434 2528 2561 2578 2628 2655 2672 2726 2786 2821 2877 2890 2939 3027 3115 3117 3189 3210 3263 3278 3332 3334 3409 3429 3430 3452 3549 3559 3601 3620 3704 3714 3808 3823 3921 4009 4029 4112 4194
65 142 177 189 261 296 304 379 439 489 568 625 711 782 867 921 921 1000 1036 1052 1110 1136 1182 1222 1303 1374 1429 1442 1513 1600 1647 1660 1680 1720 1782 1872 1907 1995 1995 2023 2108 2158 2160 2236 2247 2294 2326 2346 2443 2510 2530 2550 2613 2619 2715 2812 2860 2934 3024 3059 3118 3169 3176 3195 3259 3348 3415 3439 3528 3544 3561 3620 3625 3690 3777 3857 3905 3981
35 103 104 185 189 287 317 355 431 439 469 487 536 585 661 663 722 804 830 845 901 958 1018 1040 1060 1119 1150 1183 1280 1342 1436 1487 1580 1647 1727 1810 1882 1946 1946 2020 2025 2117 2148 2210 2233 2293 2382 2411 2422 2479 2496 2549 2647 2715 2720 2728 2812 2897 2957 2995 3049 3088 3166 3224 3248 3305 3395 3479 3554 3603 3650 3715 3721 3770 3809 3826 3886
92 183 201 279 349 387 471 491 539 553 623 711 780 852 865 898 943 1006 1088 1131 1179 1250 1288 1307 1317 1399 1455 1472 1516 1546 1583 1654 1748 1762 1816 1905 1923 1990 2032 2040 2054 2071 2078 2102 2119 2154 2190 2263 2306 2351 2357 2441 2467 2515 2564 2632 2653 2702 2792 2875 2892 2950 2977 3001 3039 3060 3076 3152 3222 3295 3295 3303 3306 3379 3385 3476
99 197 231 306 316 375 381 466 511 539 604 654 737 763 772 830 907 976 1008 1053 1066 1080 1158 1244 1313 1319 1400 1424 1499 1578 1635 1733 1798 1891 1969 2064 2116 2185 2242 2339 2373 2376 2462 2510 2528 2553 2600 2609 2619 2706 2756 2779 2812 2837 2856 2927 2956 2956 3013 3034 3048 3113 3160 3226 3260 3302 3390 3439 3531 3609 3644 3721 3810 3861 3914
8 74 167 208 214 282 305 330 334 369 391 398 493 525 599 644 667 687 780 837 856 951 996 1026 1040 1117 1139 1144 1238 1324 1358 1416 1445 1538 1552 1571 1604 1684 1756 1801 1893 1969 1978 1985 2016 2053 2086 2094 2107 2128 2191 2258 2356 2369 2459 2478 2503 2579 2647 2681 2707 2771 2868 2905 2983 3069 3069 3079 3160 3203 3217 3264 3320 3357
23 110 170 244 309 365 398 462 472 525 575 595 646 658 735 812 833 919 976 1016 1088 1164 1240 1292 1295 1334 1388 1416 1428 1443 1460 1476 1507 1514 1587 1629 1671 1720 1806 1824 1921 2007 2036 2060 2140 2157 2182 2278 2299 2319 2403 2404 2475 2480 2486 2509 2517 2544 2606 2682 2696 2773 2833 2870 2914 2939 3011 3026 3047 3136 3169 3241 3271
40 41 44 65 153 233 297 335 426 441 445 540 542 549 596 628 719 744 747 801 816 845 891 892 987 1055 1092 1134 1164 1258 1300 1341 1416 1457 1462 1558 1585 1605 1643 1725 1780 1841 1920 1947 2039 2119 2122 2153 2200 2271 2365 2412 2460 2487 2498 2571 2642 2720 2745 2777 2845 2895 2957 2963 3024 3059 3114 3130 3210 3283 3378 3472
62 111 143 178 225 310 392 482 490 531 538 635 685 700 718 791 791 825 891 892 943 983 1071 1094 1149 1224 1268 1341 1383 1416 1452 1500 1555 1567 1601 1670 1755 1795 1802 1836 1917 2001 2073 2161 2200 2216 2295 2337 2365 2436 2458 2499 2567 2630 2630 2667 2682 2747 2788 2835 2889 2938 3020 3077 3160 3252 3285 3353 3426 3452 3464
19 92 148 238 328 405 413 440 498 594 632 656 690 750 826 921 940 1035 1053 1134 1231 1236 1270 1346 1410 1495 1537 1583 1634 1656 1735 1796 1828 1914 1940 1976 2035 2113 2147 2162 2194 2241 2333 2409 2451 2463 2463 2464 2541 2589 2643 2716 2789 2817 2873 2957 3005 3103 3126 3189 3215 3305 3401 3438 3439 3460 3527 3579 3611 3613
92 113 124 138 139 194 205 262 270 327 381 400 406 408 414 421 467 560 583 642 650 696 774 860 895 941 1026 1098 1168 1228 1261 1311 1352 1393 1469 1500 1537 1544 1618 1691 1727 1759 1786 1841 1855 1871 1880 1949 2041 2053 2091 2187 2261 2290 2376 2439 2450 2466 2545 2578 2605 2650 2720 2796 2797 2893 2935 2964 3052
55 102 191 274 287 293 389 415 460 543 634 675 747 820 861 877 894 901 920 920 1011 1023 1118 1160 1231 1264 1345 1393 1423 1479 1512 1561 1645 1675 1752 1755 1765 1802 1883 1888 1970 1982 2077 2079 2104 2150 2168 2195 2283 2364 2365 2399 2447 2491 2535 2567 2636 2638 2647 2667 2671 2677 2744 2766 2829 2838 2896 2906
55 56 104 122 220 285 336 376 423 430 477 498 588 626 628 639 714 786 852 870 914 947 1000 1013 1017 1024 1078 1099 1126 1178 1274 1350 1448 1458 1484 1526 1559 1652 1727 1809 1842 1884 1934 1947 1994 2082 2146 2229 2317 2348 2386 2420 2494 2569 2622 2704 2742 2755 2763 2831 2911 2926 2936 2974 2996 3010 3054
67 68 105 135 150 154 225 267 297 345 373 447 509 534 617 658 679 685 741 837 881 916 925 970 1066 1069 1103 1160 1244 1262 1357 1387 1473 1556 1572 1598 1678 1775 1822 1856 1866 1927 1964 2030 2052 2094 2124 2171 2203 2264 2354 2370 2442 2488 2507 2584 2631 2678 2710 2756 2826 2833 2905 2912 2921 2960
37 57 142 218 277 315 315 338 419 440 533 553 559 589 616 648 723 813 814 860 955 967 1037 1071 1086 1118 1125 1155 1251 1343 1392 1487 1574 1589 1682 1707 1738 1797 1849 1890 1899 1967 2035 2096 2176 2231 2308 2388 2482 2532 2556 2584 2615 2667 2693 2751 2826 2841 2903 2954 3007 3012 3046 3099 3146
64 91 141 159 162 197 291 343 424 517 606 661 751 811 856 870 937 1031 1040 1089 1092 1176 1263 1351 1395 1463 1517 1580 1638 1733 1817 1887 1947 2015 2093 2106 2171 2191 2229 2260 2341 2424 2474 2544 2640 2707 2741 2826 2889 2912 2941 2950 3010 3034 3092 3106 3121 3137 3183 3265 3327 3405 3436 3442
54 112 173 215 263 354 450 496 535 540 551 647 679 775 799 843 849 931 979 982 1003 1036 1119 1215 1284 1334 1389 1486 1511 1547 1557 1633 1664 1664 1731 1795 1837 1880 1944 2027 2095 2181 2244 2284 2337 2390 2459 2471 2481 2483 2530 2589 2667 2676 2719 2783 2877 2959 2992 3027 3075 3105 3114
97 129 182 275 350 391 469 480 496 529 546 561 603 615 673 766 857 894 968 1000 1040 1061 1120 1210 1239 1269 1346 1395 1447 1483 1516 1603 1666 1708 1745 1797 1803 1833 1839 1913 2009 2048 2090 2093 2170 2228 2263 2353 2425 2519 2564 2594 2633 2666 2667 2721 2813 2868 2933 2935 2975 3059
26 102 160 253 284 365 380 473 520 587 653 699 768 847 902 939 961 989 1016 1055 1083 1170 1261 1263 1320 1350 1381 1382 1413 1417 1443 1531 1628 1707 1752 1816 1889 1929 1934 1950 1985 2059 2107 2163 2228 2251 2272 2367 2430 2477 2492 2564 2652 2727 2785 2789 2856 2943 2959 3002 3021
95 166 207 259 329 402 482 546 557 562 635 642 692 745 764 817 849 900 969 981 1036 1112 1157 1212 1296 1336 1353 1424 1493 1586 1592 1627 1661 1732 1761 1855 1953 2033 2046 2105 2198 2281 2323 2338 2360 2430 2461 2482 2510 2570 2668 2703 2741 2778 2829 2844 2874 2945 2960 2986
89 91 150 195 199 255 293 339 419 500 583 658 675 716 810 825 914 993 1029 1039 1091 1184 1200 1205 1254 1264 1298 1311 1358 1378 1447 1540 1569 1627 1647 1717 1723 1813 1865 1900 1909 1989 2047 2136 2160 2172 2269 2343 2368 2409 2434 2459 2529 2563 2615 2618 2633 2721 2804
58 150 237 282 329 378 444 496 592 660 731 779 876 920 984 1032 1068 1150 1216 1236 1308 1376 1377 1411 1439 1508 1603 1638 1660 1695 1747 1783 1795 1840 1852 1861 1929 2007 2024 2090 2154 2191 2224 2228 2308 2330 2336 2351 2362 2448 2458 2480 2575 2613 2701 2749 2792 2849
31 119 183 261 327 402 403 412 475 496 545 560 638 658 735 816 859 950 991 1040 1099 1164 1232 1278 1356 1420 1460 1479 1500 1500 1550 1612 1634 1667 1708 1797 1874 1906 1915 1919 1968 2008 2096 2130 2141 2159 2254 2345 2347 2427 2472 2475 2542 2595 2615 2710 2757
6 16 85 180 243 332 369 457 546 617 697 716 798 877 954 963 984 984 1064 1118 1131 1170 1251 1298 1337 1403 1437 1490 1569 1610 1700 1722 1816 1838 1859 1953 2021 2085 2142 2227 2298 2384 2421 2429 2480 2497 2591 2607 2621 2719 2788 2822 2824 2914 3001 3049
30 119 181 208 298 362 371 415 500 597 672 760 843 875 893 991 1082 1105 1124 1169 1179 1258 1304 1382 1451 1468 1557 1617 1646 1732 1795 1806 1817 1826 1911 1991 2073 2152 2202 2293 2316 2389 2396 2423 2452 2465 2502 2552 2609 2641 2695 2711 2786 2877 2917
43 76 167 169 196 284 311 400 472 516 543 609 702 795 834 871 942 995 1085 1148 1196 1264 1348 1400 1497 1572 1640 1686 1778 1791 1823 1834 1917 1963 2033 2070 2083 2102 2172 2238 2247 2326 2382 2425 2453 2469 2522 2534 2565 2581 2583 2644 2715 2731
86 112 144 193 195 262 289 323 367 379 392 441 453 454 536 540 575 590 617 688 707 733 762 843 934 974 1022 1071 1140 1230 1234 1263 1276 1319 1395 1470 1478 1541 1601 1696 1719 1739 1816 1892 1971 2038 2118 2196 2290 2371 2440 2505 2551
96 125 199 283 292 329 416 479 492 525 542 564 570 661 715 788 839 853 859 891 924 982 1046 1096 1180 1221 1243 1332 1362 1375 1382 1460 1465 1508 1529 1549 1577 1622 1683 1748 1810 1844 1873 1905 1948 2020 2096 2187 2206 2300 2317 2404
72 142 182 193 267 346 406 419 469 536 574 640 718 789 887 932 958 1013 1014 1077 1121 1187 1254 1269 1274 1320 1353 1421 1451 1547 1571 1637 1713 1776 1807 1860 1884 1980 2047 2068 2118 2198 2296 2363 2378 2475 2505 2573 2633 2716 2748
59 95 166 244 251 310 384 394 413 428 523 600 607 619 639 700 783 785 861 922 950 1013 1044 1064 1117 1199 1289 1373 1430 1431 1511 1584 1641 1727 1802 1857 1859 1859 1914 2005 2069 2149 2202 2269 2275 2339 2398 2450 2464 2503
90 103 110 152 185 223 321 342 346 422 457 504 535 582 662 682 773 812 865 907 929 989 1028 1030 1041 1076 1094 1133 1166 1185 1251 1296 1385 1416 1506 1569 1605 1686 1779 1823 1896 1968 2059 2075 2131 2198 2251 2276 2292
18 93 115 152 242 326 355 358 423 481 549 578 655 729 826 840 922 995 1018 1039 1114 1148 1184 1205 1284 1351 1399 1409 1458 1471 1539 1566 1588 1627 1723 1727 1787 1840 1920 1959 2053 2056 2057 2125 2164 2243 2291 2375
70 76 116 123 166 193 245 297 352 421 428 507 507 512 599 688 725 799 848 901 939 943 993 1014 1015 1098 1110 1116 1128 1158 1177 1186 1236 1236 1293 1338 1342 1427 1449 1509 1514 1574 1648 1736 1762 1847 1937
56 144 219 296 353 446 455 456 485 497 593 687 719 719 807 812 891 915 941 977 999 1075 1113 1158 1175 1251 1315 1372 1465 1498 1518 1575 1630 1684 1774 1783 1802 1892 1940 2009 2039 2041 2133 2199 2270 2276
25 97 165 205 220 282 339 411 428 519 601 671 733 817 904 922 1003 1044 1051 1103 1134 1221 1295 1387 1396 1459 1536 1626 1709 1776 1858 1885 1899 1959 1998 2092 2146 2187 2195 2197 2263 2273 2273 2302 2397
6 101 182 237 303 317 370 434 514 609 667 757 819 824 872 915 972 1030 1091 1139 1217 1252 1280 1374 1377 1437 1509 1547 1558 1656 1700 1767 1856 1934 1950 1981 2010 2071 2143 2163 2242 2332 2375 2377
21 54 141 239 255 282 282 305 314 397 427 470 567 607 697 794 878 966 1020 1057 1089 1118 1131 1145 1242 1262 1334 1419 1513 1513 1611 1668 1724 1790 1861 1904 1956 2005 2038 2086 2091 2189 2225
69 166 169 223 237 326 394 439 464 513 591 649 663 674 721 783 791 849 946 1022 1108 1177 1270 1278 1302 1392 1415 1459 1495 1589 1666 1695 1791 1886 1930 1992 2061 2118 2137 2185 2194 2269
91 129 183 263 342 439 532 559 653 674 697 723 812 864 917 994 1072 1091 1106 1179 1182 1221 1235 1245 1333 1344 1399 1491 1496 1536 1565 1637 1698 1733 1796 1887 1931 2012 2023 2100 2134
77 90 153 162 168 264 348 427 465 486 497 537 579 645 722 819 908 977 1044 1119 1168 1252 1273 1297 1322 1403 1501 1548 1612 1693 1702 1795 1878 1890 1984 2079 2098 2180 2184 2210
75 170 220 258 317 376 434 501 590 614 646 712 759 789 810 854 938 996 1026 1108 1151 1243 1284 1369 1446 1528 1530 1606 1693 1791 1840 1893 1899 1993 1998 2033 2098 2154 2188
27 119 155 158 253 306 388 388 413 499 551 633 660 720 807 824 883 976 1074 1114 1174 1228 1318 1372 1398 1400 1481 1538 1587 1661 1742 1751 1791 1875 1909 1980 2044 2077
22 25 25 123 154 185 226 234 304 306 400 461 504 541 585 593 657 736 787 815 843 909 991 1041 1059 1065 1072 1115 1169 1169 1231 1233 1310 1310 1348 1435 1506
18 90 112 116 196 204 214 223 311 317 403 487 489 550 601 617 679 704 709 718 793 853 897 942 967 1028 1046 1096 1176 1222 1237 1298 1351 1401 1487 1495
64 113 176 271 337 348 420 497 521 552 582 620 665 713 808 863 947 1013 1074 1137 1186 1201 1288 1379 1435 1495 1537 1633 1663 1752 1787 1855 1934 1936 1978
17 31 36 132 158 226 290 316 409 494 503 529 548 575 603 666 738 791 856 923 937 998 1052 1077 1159 1163 1251 1294 1317 1398 1484 1548 1637 1680
24 61 134 214 215 305 399 430 478 527 549 561 641 658 708 794 831 886 979 1030 1064 1080 1113 1118 1150 1187 1260 1302 1358 1406 1453 1495 1575
17 40 66 83 160 218 313 406 469 510 587 681 767 844 915 953 953 1013 1019 1062 1129 1202 1239 1325 1411 1490 1546 1643 1644 1670 1737 1817
7 43 137 156 190 204 273 325 336 355 433 508 540 590 591 654 747 754 778 833 857 893 967 972 985 1044 1089 1122 1157 1231 1281
9 32 68 164 215 223 225 237 256 343 395 489 550 561 632 674 765 846 929 955 1038 1068 1133 1195 1218 1298 1390 1436 1456 1510
53 142 174 208 208 273 365 405 473 529 603 634 635 661 688 766 819 850 931 981 984 1040 1111 1140 1154 1174 1235 1237 1253
21 69 131 155 216 225 274 345 400 453 523 592 598 677 702 782 877 957 1040 1058 1135 1218 1252 1284 1363 1459 1515 1557
37 63 99 127 177 220 278 347 357 432 459 508 549 627 662 734 769 851 856 925 970 1033 1108 1202 1265 1293 1308
4 87 161 209 229 301 308 396 480 523 586 624 696 749 805 879 969 991 1042 1108 1161 1254 1270 1320 1325 1368
53 151 178 219 248 270 274 351 402 436 467 530 606 619 620 645 651 746 773 852 909 950 966 983 1067
97 193 194 288 373 451 529 588 682 746 784 870 900 979 1069 1080 1123 1185 1199 1294 1303 1357 1402 1496
22 63 114 187 216 219 288 318 367 465 511 531 616 665 722 750 753 817 865 949 1012 1053 1131
69 72 87 90 95 119 197 270 365 366 392 490 568 649 736 778 847 897 956 1051 1127 1196
32 46 87 143 239 281 374 464 518 532 607 639 735 812 845 895 962 965 970 989 996
29 63 155 221 241 263 282 378 461 495 502 598 601 612 702 742 800 863 890 934
95 113 164 189 249 338 368 441 489 542 599 614 632 717 719 814 827 866 940
32 48 94 102 181 276 362 394 474 487 521 559 656 693 707 783 811 855
73 123 135 182 190 282 375 388 450 546 636 684 694 723 815 887 937
37 109 202 252 262 278 365 392 423 483 566 586 607 649 742 802
45 98 154 221 318 412 450 527 537 563 640 692 787 813 818
70 166 192 207 228 272 325 364 410 474 507 602 624 717
15 61 79 172 202 257 323 369 446 527 556 577 612
75 100 182 262 297 308 356 411 411 460 515 521
97 179 220 302 359 403 403 500 509 605 632
34 81 156 162 175 184 186 244 256 289
19 111 127 184 248 336 362 374 394
61 62 121 133 146 177 251 293
46 104 167 193 211 223 279
98 140 222 277 337 432
10 81 133 162 165
40 46 112 183
36 93 166
71 72
94
