50
67 71 141 168 213 225 274 363 431 516 573 634 715 727 771 822 855 912 1003 1096 1138 1217 1267 1293 1364 1437 1464 1470 1524 1618 1661 1701 1720 1783 1867 1876 1931 1978 2034 2125 2213 2263 2350 2396 2464 2466 2543 2596 2669 2732
33 124 143 201 290 339 415 452 536 562 649 737 776 818 901 995 1029 1043 1043 1108 1164 1257 1331 1353 1421 1478 1530 1612 1710 1726 1787 1814 1906 1948 2029 2088 2127 2133 2216 2306 2394 2463 2526 2553 2647 2724 2747 2845 2846
76 131 145 226 301 363 430 506 544 616 625 647 715 800 855 881 958 965 981 1055 1102 1112 1170 1203 1232 1304 1306 1322 1419 1472 1564 1564 1586 1591 1603 1651 1711 1761 1837 1858 1889 1969 1972 2019 2105 2201 2283 2292
27 114 148 201 277 306 397 443 539 563 634 730 732 784 805 884 967 1013 1064 1120 1144 1235 1292 1342 1416 1451 1513 1571 1664 1762 1821 1883 1894 1915 2007 2026 2063 2140 2199 2290 2347 2377 2446 2459 2494 2549 2595
25 105 185 279 369 455 457 499 540 545 550 607 632 690 751 812 847 904 920 958 1055 1079 1126 1180 1245 1340 1354 1357 1382 1473 1535 1588 1640 1675 1698 1776 1798 1813 1866 1950 1961 2014 2081 2109 2207 2303
9 92 104 185 275 367 367 445 539 632 730 822 831 875 952 962 989 1041 1057 1122 1216 1225 1228 1251 1330 1389 1394 1443 1454 1539 1557 1630 1656 1700 1715 1716 1789 1839 1863 1949 1979 1990 2047 2071 2128
47 47 124 190 259 261 345 374 439 509 580 654 718 727 746 778 795 800 896 955 1041 1137 1165 1166 1240 1288 1370 1398 1462 1504 1571 1580 1607 1614 1641 1694 1751 1783 1787 1851 1949 1999 2065 2152
20 60 143 180 256 319 343 357 427 472 544 561 565 604 652 670 707 794 885 912 990 1086 1126 1147 1236 1298 1329 1385 1417 1462 1527 1560 1625 1674 1739 1780 1873 1957 2017 2068 2148 2232 2274
79 124 168 180 271 299 361 427 506 572 623 666 730 789 869 941 1002 1061 1110 1178 1258 1321 1343 1423 1492 1558 1602 1655 1750 1773 1843 1880 1931 2010 2106 2153 2153 2215 2284 2340 2389 2415
38 47 83 169 182 211 261 307 343 367 425 426 505 547 604 673 675 680 708 733 828 889 897 958 973 1049 1101 1186 1233 1256 1278 1342 1350 1410 1458 1465 1484 1485 1487 1519 1586
28 86 169 245 305 352 397 397 452 543 579 664 673 705 717 719 788 805 870 937 963 1060 1121 1216 1281 1351 1434 1523 1603 1607 1635 1722 1741 1768 1807 1809 1851 1943 1953 2018
98 186 215 217 292 309 338 380 420 444 535 571 591 676 746 769 806 842 938 992 1054 1108 1123 1147 1236 1310 1330 1410 1503 1559 1609 1622 1692 1768 1863 1899 1950 2016 2095
10 62 122 196 290 348 348 361 455 493 528 581 654 690 750 797 885 960 1027 1123 1192 1206 1216 1241 1278 1337 1415 1468 1488 1513 1602 1607 1662 1676 1748 1797 1815 1906
69 155 253 329 343 419 463 550 588 637 718 776 809 872 933 935 969 1037 1057 1150 1221 1258 1275 1356 1365 1381 1402 1483 1552 1621 1636 1700 1728 1784 1792 1801 1886
18 115 213 227 248 331 398 455 492 573 624 645 726 753 808 902 910 934 934 989 1085 1116 1173 1188 1202 1233 1253 1275 1337 1418 1454 1471 1515 1612 1663 1684
32 92 172 257 314 407 461 530 569 576 642 687 731 804 865 932 935 1029 1121 1155 1233 1276 1277 1285 1300 1359 1366 1401 1449 1494 1515 1522 1543 1606 1626
26 105 195 197 284 373 469 472 555 606 638 678 773 834 837 921 936 1023 1088 1129 1176 1273 1341 1360 1387 1431 1502 1584 1608 1613 1641 1695 1732 1821
6 80 176 226 236 318 341 394 395 402 498 570 603 677 774 854 896 971 985 1051 1071 1085 1124 1193 1239 1244 1278 1343 1414 1418 1466 1555 1652
60 84 98 152 223 264 359 373 406 447 453 500 554 641 665 723 757 848 894 904 985 1064 1141 1214 1270 1282 1346 1444 1474 1513 1518 1587
33 39 79 94 177 250 298 341 423 428 433 523 585 632 636 663 709 780 815 831 890 900 952 1039 1040 1078 1104 1201 1246 1300 1381
55 126 215 280 343 420 436 534 625 645 719 804 898 978 978 1006 1006 1042 1097 1101 1104 1133 1190 1281 1340 1342 1348 1401 1442 1449
95 186 204 252 284 380 436 498 520 583 679 683 729 763 835 877 902 929 988 1013 1067 1163 1181 1203 1208 1228 1325 1339 1353
20 105 124 147 171 232 265 265 275 309 398 401 474 507 597 622 632 657 681 746 798 826 855 943 968 1062 1078 1173
82 122 216 289 355 427 460 517 609 631 723 788 844 865 926 961 1046 1052 1085 1111 1152 1186 1237 1258 1336 1391 1457
89 166 217 252 286 331 392 486 490 505 532 579 658 690 761 851 866 925 952 978 1028 1105 1164 1247 1320 1353
67 162 213 215 246 293 384 394 480 528 607 703 772 835 868 917 975 983 1013 1111 1123 1210 1250 1260 1304
76 115 163 230 317 318 375 452 527 602 640 718 798 845 898 984 1060 1116 1164 1175 1220 1221 1253 1315
7 12 83 166 206 253 328 380 433 486 506 546 636 688 750 751 808 880 909 960 1032 1046 1054
25 106 148 181 240 324 378 472 489 568 632 683 744 748 794 887 900 946 950 987 1010 1042
78 142 201 253 332 366 407 432 489 537 587 663 743 748 777 795 845 886 972 989 1013
60 111 139 199 273 345 433 492 556 651 700 742 798 854 875 968 1005 1078 1117 1172
19 25 46 113 152 216 300 355 403 419 468 531 571 667 728 748 845 905 970
51 137 208 286 299 394 476 543 615 659 668 678 770 808 821 839 904 938
48 64 108 169 207 263 280 342 417 466 530 546 640 643 709 726 823
51 123 142 154 200 232 314 353 383 447 541 621 641 731 744 836
42 46 49 119 182 263 273 369 401 448 505 579 656 708 791
57 149 161 193 196 254 300 398 491 581 658 707 707 736
23 36 86 175 202 264 276 322 334 428 436 485 510
17 100 111 129 168 232 264 291 302 399 447 497
66 102 181 225 260 306 392 487 585 588 670
20 23 70 93 113 160 245 280 346 408
90 163 193 252 323 413 442 447 471
11 51 125 186 264 351 409 490
90 98 157 225 266 357 418
49 111 194 218 266 290
52 88 135 216 229
42 107 193 229
37 129 214
67 109
4
