82
40 49 65 124 180 268 340 403 444 511 545 627 722 723 729 754 817 841 904 991 1022 1082 1176 1235 1266 1353 1373 1469 1546 1593 1609 1609 1663 1673 1704 1793 1822 1914 1935 1979 2060 2154 2160 2236 2252 2263 2317 2322 2386 2427 2430 2453 2501 2566 2615 2709 2796 2826 2896 2897 2944 3013 3048 3097 3193 3239 3323 3407 3476 3499 3502 3597 3611 3647 3723 3802 3811 3909 3985 4030 4066 4070
38 134 227 275 346 379 406 453 471 520 591 654 683 777 866 893 909 910 985 1044 1097 1174 1208 1285 1335 1382 1467 1473 1492 1578 1601 1653 1667 1703 1769 1860 1944 2019 2038 2046 2076 2089 2099 2127 2206 2277 2278 2303 2390 2422 2467 2555 2638 2672 2755 2825 2880 2948 3002 3087 3182 3240 3258 3346 3351 3448 3508 3596 3680 3690 3769 3809 3907 3908 3924 3996 4033 4131 4175 4245 4323
7 75 85 162 256 307 327 371 435 454 458 552 624 680 752 756 835 901 943 984 989 1059 1091 1123 1175 1219 1230 1253 1334 1414 1468 1564 1647 1682 1712 1798 1868 1941 2038 2126 2221 2300 2328 2403 2429 2455 2479 2507 2516 2588 2651 2743 2761 2762 2794 2859 2902 2946 3019 3056 3064 3085 3110 3176 3238 3270 3334 3372 3432 3465 3493 3573 3627 3662 3704 3772 3773 3829 3852 3863
51 113 186 236 323 350 394 447 528 589 682 725 776 795 887 922 994 1035 1074 1104 1151 1209 1305 1344 1410 1491 1527 1606 1665 1693 1701 1716 1717 1735 1738 1836 1874 1926 1964 2037 2051 2090 2106 2187 2256 2332 2358 2431 2509 2554 2643 2674 2769 2796 2847 2848 2940 2947 2955 3034 3089 3154 3231 3250 3343 3361 3453 3546 3623 3649 3685 3708 3724 3742 3839 3902 3908 3950 4001
75 154 171 231 314 369 430 525 551 581 585 655 674 693 734 821 847 941 978 1067 1129 1129 1175 1199 1224 1226 1261 1263 1333 1418 1433 1490 1541 1553 1586 1592 1592 1656 1689 1783 1878 1885 1939 1980 1996 2068 2144 2199 2260 2265 2314 2368 2372 2452 2506 2552 2572 2589 2612 2614 2674 2692 2727 2815 2853 2893 2956 3044 3109 3148 3205 3277 3291 3379 3423 3470 3530 3545
36 93 164 224 245 299 389 469 511 517 590 635 648 727 783 784 876 927 1022 1092 1166 1245 1283 1366 1366 1377 1383 1455 1504 1530 1544 1581 1613 1642 1667 1696 1715 1780 1843 1891 1939 2004 2075 2076 2110 2138 2196 2207 2232 2244 2244 2279 2311 2375 2422 2509 2579 2632 2651 2743 2791 2816 2830 2839 2865 2930 2942 2959 2966 3041 3079 3091 3145 3192 3216 3251 3260
49 86 100 114 207 260 271 366 398 489 511 538 540 563 580 592 593 656 742 767 788 832 892 935 1016 1019 1106 1199 1233 1291 1321 1381 1433 1467 1524 1615 1696 1774 1872 1898 1981 2026 2070 2143 2161 2170 2216 2227 2246 2289 2301 2383 2392 2448 2482 2568 2655 2669 2742 2785 2851 2881 2889 2894 2952 3016 3090 3125 3144 3167 3207 3282 3311 3364 3458 3520
23 111 128 140 194 196 203 301 303 307 351 438 448 452 505 532 576 585 605 665 665 679 760 827 835 884 896 993 1081 1112 1114 1206 1299 1397 1494 1573 1662 1724 1805 1827 1860 1924 1958 2055 2125 2198 2291 2309 2336 2428 2481 2517 2528 2568 2647 2708 2719 2769 2788 2827 2917 2985 3056 3063 3136 3229 3325 3397 3418 3435 3466 3511 3605 3644 3720
65 70 167 215 250 284 285 316 358 401 473 529 561 610 644 650 697 770 794 794 892 951 1005 1055 1103 1153 1187 1219 1231 1267 1315 1399 1430 1484 1508 1560 1604 1648 1718 1730 1814 1868 1881 1960 2006 2009 2043 2095 2159 2244 2275 2340 2348 2358 2437 2470 2532 2621 2669 2716 2724 2793 2827 2829 2868 2941 3010 3037 3093 3187 3250 3331 3395 3404
36 41 56 70 75 142 171 253 346 379 398 439 531 585 650 712 781 804 874 937 1001 1009 1036 1058 1082 1160 1191 1273 1336 1405 1487 1574 1657 1726 1822 1903 1926 2024 2102 2133 2218 2265 2329 2361 2398 2452 2456 2553 2634 2724 2803 2851 2876 2892 2920 2991 3039 3134 3208 3274 3349 3381 3416 3489 3566 3664 3761 3823 3907 3933 3978 3987 4044
43 69 88 166 177 202 241 276 341 406 419 444 516 589 592 668 720 760 820 846 912 927 988 992 992 1060 1137 1149 1213 1272 1369 1396 1428 1455 1549 1557 1593 1661 1695 1751 1798 1801 1806 1901 1963 2055 2060 2076 2084 2111 2151 2216 2314 2326 2384 2410 2474 2483 2487 2533 2598 2645 2739 2823 2842 2885 2903 2934 3006 3079 3121 3163
20 34 64 154 154 166 244 286 289 371 412 474 565 579 656 730 798 863 940 990 1000 1033 1035 1131 1217 1310 1311 1393 1396 1470 1503 1564 1615 1684 1741 1823 1860 1910 1941 1946 2013 2014 2071 2083 2127 2132 2173 2227 2300 2330 2425 2435 2452 2488 2522 2619 2624 2670 2689 2704 2744 2750 2834 2887 2982 3066 3078 3147 3206 3236 3315
27 38 60 100 127 212 277 359 402 425 468 483 518 558 634 648 741 769 783 787 790 823 917 1000 1033 1122 1146 1226 1294 1379 1444 1497 1593 1622 1655 1661 1705 1786 1858 1902 1991 2039 2129 2178 2229 2294 2360 2431 2494 2587 2644 2692 2736 2800 2869 2896 2978 3034 3129 3136 3157 3228 3297 3385 3469 3472 3539 3563 3585 3619
2 80 95 157 164 237 250 263 281 331 389 414 498 502 561 614 665 687 746 746 803 896 986 989 1040 1070 1094 1191 1199 1227 1267 1343 1364 1408 1417 1480 1552 1574 1664 1705 1744 1745 1747 1774 1825 1909 1997 2045 2105 2188 2280 2290 2303 2311 2369 2375 2393 2428 2454 2516 2598 2606 2608 2685 2688 2701 2737 2771 2784
89 169 207 241 323 409 501 558 615 709 746 758 794 875 938 951 1022 1054 1088 1160 1226 1294 1323 1387 1401 1431 1473 1484 1549 1583 1625 1629 1654 1656 1684 1689 1753 1834 1929 1981 2035 2097 2139 2161 2176 2273 2292 2348 2413 2452 2533 2549 2549 2554 2569 2645 2700 2770 2776 2784 2872 2882 2920 2985 3028 3116 3187 3238
27 50 147 178 244 341 355 356 420 504 524 609 641 669 742 787 806 866 891 978 981 1071 1112 1161 1242 1285 1341 1406 1422 1427 1486 1553 1609 1632 1675 1710 1748 1779 1825 1878 1913 1971 2064 2156 2229 2302 2372 2426 2441 2472 2515 2528 2611 2691 2747 2841 2894 2979 2998 3018 3089 3122 3143 3190 3242 3304 3362
54 135 147 206 291 382 389 442 457 506 571 639 673 765 848 890 905 992 1043 1132 1228 1247 1308 1339 1428 1432 1507 1523 1602 1622 1716 1774 1796 1857 1870 1883 1981 1986 2075 2169 2208 2288 2309 2402 2473 2535 2594 2669 2672 2731 2768 2786 2788 2796 2861 2939 3020 3079 3138 3181 3231 3308 3355 3396 3420 3428
29 127 216 273 311 409 504 548 625 636 687 732 801 883 915 922 1013 1062 1120 1172 1236 1274 1327 1375 1409 1440 1482 1531 1548 1635 1722 1727 1800 1845 1898 1937 1990 2023 2087 2168 2261 2279 2335 2406 2502 2591 2598 2692 2784 2814 2823 2823 2921 2986 2994 3033 3101 3148 3184 3255 3327 3390 3481 3579 3665
11 93 141 156 200 270 359 409 457 521 601 699 704 780 830 870 906 1000 1006 1083 1085 1174 1233 1286 1374 1382 1469 1526 1546 1603 1696 1724 1815 1879 1975 2040 2109 2195 2220 2269 2335 2385 2409 2410 2428 2465 2522 2574 2654 2705 2738 2823 2896 2896 2991 2996 3086 3117 3168 3252 3343 3399 3453 3531
19 105 107 131 155 186 191 208 282 368 424 428 437 470 530 604 617 630 684 761 854 931 1026 1082 1103 1180 1208 1245 1343 1347 1353 1396 1451 1478 1569 1653 1667 1738 1745 1843 1851 1893 1943 2021 2059 2114 2176 2245 2256 2268 2321 2398 2454 2470 2533 2600 2680 2695 2783 2857 2900 2965 2995
47 48 118 123 131 155 177 240 304 340 422 501 568 620 660 686 710 801 873 896 983 1022 1069 1134 1149 1158 1165 1180 1205 1219 1270 1341 1376 1463 1551 1637 1664 1691 1730 1802 1804 1866 1936 1968 2053 2133 2205 2279 2325 2332 2356 2419 2494 2502 2562 2588 2591 2666 2679 2776 2865 2949
20 49 129 211 268 361 411 490 523 610 636 663 729 732 752 790 873 962 1029 1069 1151 1236 1320 1330 1410 1439 1491 1577 1670 1710 1749 1760 1833 1899 1970 2057 2100 2192 2247 2269 2325 2347 2415 2415 2441 2441 2471 2495 2546 2557 2595 2604 2674 2685 2714 2792 2879 2897 2906 2986 2989
52 74 108 174 177 199 240 256 314 406 483 493 539 626 717 722 758 802 824 824 863 896 964 964 1031 1124 1155 1161 1256 1296 1331 1423 1473 1524 1603 1698 1718 1784 1795 1833 1906 1987 2043 2083 2180 2239 2281 2331 2366 2432 2529 2530 2564 2612 2618 2702 2798 2837 2903 2907
24 57 113 125 190 207 264 271 325 387 390 459 492 512 564 608 672 755 782 792 825 896 903 977 993 993 1036 1069 1113 1204 1276 1279 1303 1304 1392 1398 1435 1513 1574 1664 1673 1759 1814 1882 1923 1993 2035 2095 2193 2275 2331 2360 2430 2435 2517 2602 2664 2693 2730
52 122 177 197 262 337 410 419 436 446 514 585 671 709 751 793 879 887 959 1049 1127 1139 1140 1217 1265 1265 1349 1397 1443 1454 1550 1626 1667 1707 1711 1771 1775 1797 1805 1834 1917 1960 2051 2100 2182 2243 2293 2366 2444 2501 2535 2577 2609 2680 2681 2746 2751 2834
2 10 26 85 171 260 263 295 376 412 488 549 626 722 766 769 791 834 842 897 951 1040 1130 1148 1186 1213 1219 1230 1301 1338 1371 1464 1478 1528 1529 1594 1597 1631 1663 1693 1699 1766 1854 1905 1987 2077 2108 2171 2181 2266 2312 2368 2389 2456 2523 2557 2592
64 90 104 125 163 228 237 296 347 399 441 514 518 541 572 636 700 791 803 845 871 943 954 1025 1115 1134 1194 1232 1250 1300 1352 1404 1453 1522 1553 1634 1686 1717 1737 1779 1847 1919 1985 2031 2058 2122 2161 2182 2199 2284 2304 2401 2454 2551 2592 2592
62 66 87 103 189 267 301 387 455 512 583 588 682 734 759 799 843 851 925 1018 1086 1131 1199 1206 1208 1226 1239 1254 1310 1339 1395 1454 1534 1553 1607 1692 1746 1833 1880 1887 1977 2037 2134 2200 2218 2272 2306 2307 2313 2363 2420 2426 2448 2495 2537
28 109 187 273 349 400 486 555 640 658 690 724 726 760 770 839 892 961 1056 1094 1156 1162 1216 1280 1328 1393 1436 1508 1508 1529 1580 1672 1730 1827 1836 1933 2025 2118 2207 2211 2293 2322 2378 2469 2507 2581 2654 2743 2781 2820 2844 2924 2936 3015
70 113 185 203 273 301 311 343 380 442 492 574 669 730 820 886 937 1029 1061 1111 1164 1186 1279 1339 1344 1348 1395 1419 1476 1542 1596 1686 1698 1705 1745 1788 1857 1858 1953 2005 2082 2085 2106 2156 2226 2278 2301 2396 2478 2553 2636 2640 2669
75 162 169 197 216 251 280 332 332 383 413 503 506 594 602 622 642 679 699 743 818 881 978 994 997 1059 1092 1183 1187 1248 1345 1386 1448 1506 1573 1634 1683 1714 1760 1771 1819 1907 1927 1939 2023 2048 2108 2157 2232 2268 2269 2275
51 94 101 159 168 172 242 325 362 420 442 530 587 659 686 710 730 764 811 897 928 998 1016 1096 1115 1145 1177 1210 1231 1248 1248 1275 1282 1377 1424 1495 1516 1581 1613 1674 1720 1762 1814 1834 1920 1933 1939 1964 2029 2046 2139
75 107 132 145 241 319 376 418 511 574 599 653 721 756 783 850 926 977 1060 1135 1156 1165 1215 1264 1296 1336 1423 1483 1561 1592 1617 1646 1667 1759 1763 1798 1855 1902 1932 2025 2122 2194 2223 2259 2350 2381 2400 2405 2447 2520
21 116 177 191 283 339 404 472 495 572 663 730 800 879 895 909 985 1027 1083 1102 1147 1218 1281 1358 1374 1426 1477 1483 1506 1584 1666 1682 1740 1759 1831 1889 1942 1947 1956 2034 2104 2187 2253 2292 2336 2394 2491 2548 2584
30 112 207 277 324 375 441 441 484 582 655 717 811 869 939 941 950 994 1044 1127 1131 1131 1169 1173 1208 1214 1230 1234 1297 1347 1388 1388 1413 1441 1528 1573 1649 1720 1804 1816 1899 1984 2046 2077 2116 2195 2281 2356
60 123 129 141 194 213 287 303 327 335 416 496 570 579 625 629 721 794 812 893 990 1068 1109 1118 1202 1259 1267 1365 1453 1454 1525 1555 1557 1570 1619 1653 1687 1784 1857 1880 1956 2021 2045 2124 2180 2229 2239
8 41 44 60 123 159 236 237 303 390 445 500 503 600 623 717 751 753 824 842 863 876 887 967 1029 1085 1156 1202 1274 1334 1432 1464 1553 1627 1720 1741 1787 1787 1805 1893 1977 2049 2071 2130 2184 2194
99 183 261 319 337 390 403 443 526 528 623 680 695 750 760 779 808 875 932 1017 1037 1120 1178 1259 1353 1442 1525 1577 1671 1755 1792 1844 1864 1892 1970 1975 2000 2013 2038 2090 2173 2174 2177 2185 2265
71 80 132 191 226 257 323 379 441 537 595 648 697 703 776 782 785 791 824 856 926 996 1007 1070 1127 1167 1232 1261 1263 1351 1426 1477 1497 1557 1618 1675 1686 1746 1798 1867 1890 1925 2015 2099
68 85 102 188 286 372 421 445 464 474 550 551 612 629 713 797 883 960 1016 1021 1062 1088 1124 1157 1186 1198 1212 1240 1285 1299 1325 1350 1362 1365 1365 1429 1492 1569 1649 1681 1718 1795 1836
2 7 91 189 250 250 268 352 372 452 494 540 590 674 750 805 895 910 960 1052 1109 1111 1182 1252 1315 1413 1463 1552 1592 1642 1715 1789 1814 1894 1937 2017 2033 2075 2153 2179 2244 2338
14 62 76 110 176 190 212 240 271 279 295 313 366 381 387 402 448 474 553 596 617 699 731 819 884 968 1021 1096 1145 1229 1244 1294 1312 1394 1472 1560 1576 1639 1713 1802 1816
70 146 150 248 300 310 343 422 443 468 528 595 602 677 716 812 866 891 911 956 1050 1084 1104 1111 1185 1229 1251 1330 1341 1345 1360 1388 1448 1512 1570 1654 1688 1778 1860 1897
92 95 96 173 192 201 253 305 320 348 403 403 430 515 605 608 639 697 763 801 897 956 984 1061 1108 1160 1202 1207 1256 1316 1320 1394 1434 1517 1545 1584 1614 1693 1748
22 96 106 129 200 286 316 370 466 515 531 546 634 634 721 784 821 906 962 1035 1112 1133 1158 1200 1225 1277 1361 1426 1490 1571 1605 1693 1756 1786 1847 1866 1903 1918
26 40 98 103 159 176 228 255 289 351 404 412 457 488 529 532 626 683 769 866 936 1027 1112 1163 1177 1275 1288 1346 1367 1371 1467 1548 1574 1657 1679 1738 1810
84 158 182 221 299 341 380 409 461 519 607 677 695 730 761 814 862 919 971 1029 1071 1142 1165 1240 1332 1405 1501 1582 1666 1763 1823 1916 2001 2021 2092 2132
75 170 251 319 354 366 367 416 513 529 618 708 742 796 826 832 919 934 1005 1062 1127 1139 1142 1183 1229 1296 1336 1342 1394 1469 1549 1620 1638 1711 1736
69 105 113 114 145 228 273 371 460 468 543 607 693 701 793 829 874 930 1007 1083 1132 1144 1229 1241 1276 1346 1397 1399 1464 1556 1566 1611 1692 1763
73 154 162 233 245 310 312 400 443 515 547 636 658 690 755 816 875 903 949 979 1053 1129 1187 1275 1351 1365 1415 1501 1513 1611 1622 1639 1693
72 140 205 284 365 390 444 540 542 610 636 731 791 884 919 985 989 1062 1121 1154 1173 1173 1190 1195 1233 1284 1284 1340 1369 1369 1375 1401
36 37 117 194 217 223 264 264 301 322 346 423 429 478 571 601 684 748 818 847 854 880 898 909 930 1020 1060 1150 1214 1256 1289
78 144 233 270 282 333 371 417 456 552 560 653 657 695 791 801 805 885 937 977 980 1072 1126 1147 1237 1286 1372 1398 1437 1451
81 133 157 254 269 340 401 412 472 497 518 549 597 655 732 744 797 813 877 922 987 1042 1111 1126 1174 1184 1248 1292 1347
86 177 252 253 328 332 428 482 507 578 609 668 759 834 864 920 972 1053 1115 1192 1198 1207 1266 1296 1311 1322 1414 1432
32 102 160 171 225 241 269 307 382 454 515 596 645 709 736 806 829 884 897 939 953 1018 1033 1111 1143 1197 1237
70 93 176 212 232 318 389 468 530 607 653 690 762 846 859 887 955 958 990 1084 1154 1205 1235 1271 1285 1380
53 127 137 141 186 226 230 327 344 376 433 475 526 558 572 584 677 729 762 855 880 944 1028 1086 1124
20 109 180 278 366 444 500 535 568 641 733 774 818 866 927 939 995 1077 1098 1115 1187 1258 1281 1317
6 99 151 185 257 349 443 461 526 527 561 635 730 766 833 916 981 1000 1029 1059 1133 1151 1200
39 108 198 202 297 389 424 508 536 550 626 696 780 872 928 930 1012 1097 1121 1174 1174 1190
87 93 125 158 196 198 214 298 320 325 364 377 405 438 475 494 496 575 668 749 800
18 62 158 193 269 277 293 323 323 355 398 422 482 575 653 728 788 817 880 948
83 116 132 217 227 239 250 315 316 344 437 468 489 494 583 665 693 740 815
31 34 89 94 136 165 215 248 269 282 302 338 400 443 449 539 541 635
17 79 94 144 145 168 247 316 390 403 456 529 553 623 711 766 838
61 89 109 162 168 175 202 261 321 324 384 401 434 495 503 565
5 46 87 137 159 166 177 266 306 401 438 473 560 573 579
14 24 95 142 174 270 290 318 361 388 477 491 589 613
96 123 211 309 337 430 517 549 616 666 669 752 808
59 103 104 161 222 244 325 378 416 498 586 672
5 91 154 171 265 318 349 432 525 579 623
56 93 191 267 332 387 479 564 641 721
95 163 189 282 352 392 445 473 547
46 130 131 160 192 267 270 327
2 52 57 97 170 174 189
39 104 155 206 263 288
3 61 154 186 252
29 79 165 214
60 109 128
39 62
29
