78
59 121 128 166 257 278 295 366 411 463 529 559 591 660 673 686 770 779 864 915 1006 1025 1096 1148 1148 1163 1237 1327 1382 1456 1537 1553 1604 1670 1766 1785 1827 1915 1993 2009 2039 2050 2095 2135 2189 2279 2334 2376 2460 2530 2603 2632 2708 2715 2810 2850 2922 2982 3030 3084 3086 3158 3211 3291 3361 3446 3495 3579 3583 3602 3675 3689 3697 3732 3732 3822 3861 3923
34 44 82 134 175 205 301 373 418 504 559 562 603 621 691 719 794 824 868 888 927 1019 1101 1164 1178 1273 1333 1385 1417 1474 1515 1515 1589 1592 1655 1736 1828 1848 1874 1939 1978 1989 2063 2104 2137 2154 2185 2191 2220 2306 2383 2400 2497 2517 2539 2612 2637 2702 2756 2788 2788 2823 2868 2882 2903 2982 3042 3069 3157 3248 3322 3358 3366 3366 3405 3428 3491
11 101 166 175 221 288 359 377 443 538 633 674 768 812 905 928 969 1043 1058 1075 1142 1160 1167 1218 1269 1353 1381 1468 1481 1525 1563 1595 1667 1753 1819 1838 1909 1998 2022 2072 2127 2143 2218 2222 2254 2318 2321 2403 2420 2506 2515 2539 2609 2612 2697 2758 2792 2825 2910 2938 3022 3089 3114 3208 3214 3307 3366 3435 3437 3444 3507 3512 3539 3567 3619 3686
94 132 202 214 236 307 402 408 469 539 614 673 765 797 845 930 946 1018 1089 1161 1195 1214 1311 1395 1441 1507 1531 1583 1631 1640 1705 1795 1866 1934 1993 2004 2044 2098 2176 2219 2305 2365 2399 2443 2448 2477 2527 2552 2638 2645 2654 2694 2695 2701 2730 2824 2909 3007 3095 3116 3123 3195 3241 3288 3314 3359 3430 3466 3542 3636 3687 3704 3764 3858 3925
76 144 148 174 197 237 239 256 289 359 388 485 525 599 618 703 704 716 783 813 829 919 962 1024 1027 1085 1171 1178 1205 1280 1362 1391 1462 1465 1536 1541 1607 1705 1778 1800 1848 1880 1882 1927 1998 2034 2062 2152 2190 2282 2357 2400 2487 2559 2580 2612 2700 2734 2792 2830 2906 2996 3011 3026 3036 3086 3166 3181 3229 3282 3306 3403 3444 3540
69 80 127 196 206 233 275 279 292 303 364 411 432 458 482 557 628 657 734 773 841 914 941 1015 1031 1109 1181 1248 1284 1349 1375 1468 1479 1509 1545 1586 1618 1680 1758 1776 1808 1865 1910 1975 2045 2084 2090 2164 2189 2254 2310 2337 2341 2437 2458 2519 2613 2630 2682 2757 2837 2925 3001 3078 3117 3152 3170 3263 3310 3324 3397 3431 3448
98 155 202 281 291 379 424 473 499 543 571 636 661 706 723 794 840 850 935 947 1032 1057 1082 1088 1141 1218 1257 1350 1396 1409 1478 1564 1616 1641 1726 1772 1799 1881 1904 1914 2004 2086 2180 2263 2307 2324 2395 2426 2509 2586 2661 2726 2740 2804 2837 2929 2942 2956 3017 3109 3176 3217 3280 3376 3406 3491 3538 3587 3612 3673 3742 3750
34 58 101 173 260 270 347 441 479 576 673 738 821 868 887 903 940 974 991 1041 1075 1138 1218 1254 1297 1381 1448 1502 1587 1644 1706 1782 1806 1836 1904 1932 1967 2024 2032 2051 2069 2089 2162 2181 2228 2312 2337 2366 2409 2459 2494 2552 2604 2647 2650 2674 2771 2847 2901 2911 2946 3006 3011 3096 3129 3198 3233 3269 3285 3339 3394
95 123 128 226 242 249 295 310 327 378 467 481 569 639 642 679 702 798 826 915 964 1013 1033 1053 1092 1115 1138 1214 1275 1278 1331 1369 1413 1484 1506 1545 1577 1590 1653 1725 1726 1797 1882 1908 1911 1997 2021 2032 2053 2093 2105 2131 2220 2270 2318 2370 2443 2501 2581 2584 2640 2657 2722 2818 2845 2891 2941 2973 3002 3058
27 33 67 83 166 183 226 272 322 395 439 464 476 562 597 603 616 689 749 845 883 974 1030 1056 1118 1206 1244 1290 1367 1456 1505 1587 1667 1708 1717 1810 1845 1846 1884 1923 2005 2101 2154 2200 2222 2289 2357 2388 2430 2499 2507 2599 2605 2702 2782 2826 2900 2998 3000 3066 3068 3161 3183 3263 3301 3332 3378 3383 3387
66 67 72 151 226 270 363 406 443 508 597 621 673 728 729 826 868 903 937 1030 1059 1141 1236 1266 1363 1424 1507 1570 1616 1620 1673 1732 1802 1828 1856 1919 1942 1987 2043 2131 2168 2245 2335 2342 2397 2476 2547 2591 2613 2621 2626 2693 2702 2777 2796 2873 2899 2962 3038 3122 3205 3280 3317 3402 3448 3543 3584 3596
77 96 114 191 267 313 402 497 532 619 667 745 748 820 830 836 919 930 951 1023 1101 1112 1201 1290 1345 1433 1481 1552 1649 1723 1744 1807 1902 1965 2025 2066 2106 2199 2289 2346 2412 2438 2512 2559 2583 2668 2720 2798 2823 2877 2956 3003 3027 3095 3191 3213 3216 3219 3301 3319 3417 3431 3524 3541 3604 3617 3678
22 105 136 177 194 244 315 407 412 508 598 679 690 714 720 793 842 847 935 957 1042 1126 1140 1165 1198 1293 1340 1374 1405 1484 1514 1610 1673 1708 1757 1797 1857 1863 1899 1937 1953 1958 1970 2062 2152 2246 2343 2418 2447 2480 2486 2523 2571 2652 2703 2766 2803 2813 2905 2964 2984 3053 3073 3112 3141 3234
26 57 87 163 231 277 328 331 393 424 488 561 561 617 669 763 801 858 891 989 1069 1148 1206 1236 1289 1325 1387 1467 1483 1540 1624 1653 1674 1677 1707 1734 1784 1829 1925 1942 1978 2059 2098 2114 2127 2209 2300 2346 2435 2483 2504 2565 2663 2714 2746 2764 2780 2858 2948 3028 3115 3131 3140 3224 3306
96 119 163 258 322 365 410 423 508 585 587 662 683 710 727 776 795 851 866 906 961 968 977 1029 1075 1078 1139 1178 1257 1342 1418 1457 1548 1580 1615 1671 1700 1791 1849 1904 1928 1935 1969 2025 2055 2107 2115 2203 2231 2272 2303 2374 2438 2476 2488 2508 2553 2604 2636 2645 2652 2666 2757 2765
22 61 91 106 163 216 314 327 355 364 399 463 533 599 690 755 834 869 869 963 1013 1104 1105 1163 1193 1243 1273 1343 1397 1495 1582 1667 1731 1813 1894 1986 2057 2106 2186 2205 2280 2309 2358 2396 2491 2572 2585 2606 2632 2692 2726 2772 2849 2892 2920 3010 3012 3084 3093 3124 3199 3253 3346
56 100 165 228 269 352 360 450 538 626 694 737 788 844 859 947 1026 1091 1188 1257 1352 1362 1438 1454 1483 1490 1541 1587 1618 1639 1643 1659 1744 1779 1826 1897 1946 1955 2025 2110 2134 2175 2264 2271 2285 2289 2384 2390 2441 2483 2567 2628 2676 2685 2770 2826 2890 2929 3006 3050 3097 3134
83 109 139 192 237 261 298 349 431 526 536 583 598 649 717 798 862 887 919 968 988 1076 1119 1149 1222 1239 1315 1357 1359 1382 1472 1540 1574 1644 1666 1730 1769 1827 1891 1912 1917 1939 1958 2032 2055 2061 2152 2185 2251 2331 2429 2453 2516 2569 2623 2652 2703 2737 2763 2766 2802
27 32 87 95 161 246 327 394 432 450 469 471 510 513 547 604 632 728 825 884 956 972 1026 1058 1132 1221 1278 1321 1339 1400 1457 1506 1523 1591 1628 1694 1701 1725 1789 1816 1862 1888 1932 1983 2073 2075 2158 2172 2264 2293 2304 2313 2393 2422 2494 2496 2497 2588 2648 2726
51 63 148 219 304 398 445 528 577 604 622 696 782 828 921 960 1056 1096 1125 1178 1276 1346 1352 1444 1494 1566 1622 1633 1727 1763 1848 1946 2027 2120 2138 2228 2268 2303 2321 2357 2388 2456 2552 2576 2663 2737 2798 2858 2901 2924 2946 3041 3106 3140 3155 3248 3250 3309 3344
54 99 135 207 261 302 309 337 391 402 469 544 561 617 626 723 776 874 912 947 968 1061 1105 1168 1184 1219 1289 1349 1358 1384 1476 1555 1639 1702 1736 1798 1801 1824 1859 1900 1971 2023 2033 2081 2103 2106 2194 2264 2360 2447 2544 2549 2582 2661 2738 2834 2886 2957
64 133 172 259 315 326 345 424 437 524 539 635 682 707 715 751 765 820 883 903 938 947 994 1044 1097 1148 1168 1175 1262 1278 1279 1337 1368 1430 1431 1452 1473 1567 1597 1644 1729 1812 1880 1882 1978 2073 2161 2222 2286 2304 2359 2386 2447 2498 2556 2556 2592
59 75 126 143 203 221 228 254 309 323 355 394 442 494 538 538 614 663 716 735 753 755 800 880 931 960 980 1041 1126 1171 1243 1253 1255 1318 1379 1473 1491 1509 1553 1587 1650 1663 1665 1713 1743 1819 1883 1922 2016 2072 2105 2143 2143 2233 2262 2280
68 87 148 164 212 289 315 391 447 460 518 554 574 650 671 749 845 880 960 1030 1078 1134 1163 1186 1246 1339 1437 1495 1593 1652 1726 1789 1866 1936 2024 2114 2131 2218 2261 2331 2423 2448 2481 2520 2570 2598 2610 2624 2690 2726 2817 2833 2890 2892 2970
1 92 172 251 321 342 413 478 519 605 646 658 692 715 782 805 864 944 1014 1063 1148 1179 1242 1253 1281 1354 1427 1455 1527 1585 1668 1743 1800 1807 1844 1918 1968 1981 2032 2040 2047 2047 2141 2151 2229 2267 2333 2423 2471 2554 2583 2628 2671 2711
39 74 123 145 162 219 235 236 270 277 294 314 315 370 425 500 579 609 662 678 683 719 762 848 942 1033 1105 1169 1259 1287 1350 1448 1510 1533 1567 1578 1625 1642 1650 1729 1768 1844 1876 1917 1931 1996 2025 2076 2076 2157 2164 2196 2251
15 45 81 103 196 203 285 336 412 492 564 574 610 685 719 768 786 876 911 961 976 1067 1143 1174 1195 1197 1230 1242 1274 1300 1343 1382 1422 1446 1448 1522 1609 1664 1757 1778 1821 1838 1915 1923 1979 1982 2067 2089 2131 2225 2282 2355
73 94 126 140 150 232 289 365 442 449 488 548 629 726 772 814 896 955 1004 1020 1070 1144 1218 1267 1354 1430 1485 1558 1602 1635 1717 1795 1814 1890 1897 1931 2022 2093 2104 2117 2150 2228 2236 2264 2344 2350 2429 2500 2513 2609 2609
64 159 204 275 357 414 505 532 552 600 602 694 785 838 889 889 962 1059 1106 1129 1131 1166 1169 1204 1268 1314 1401 1457 1526 1560 1633 1723 1820 1864 1962 1988 2006 2019 2100 2185 2270 2323 2407 2426 2522 2609 2681 2688 2710 2740
76 151 231 273 352 354 355 419 486 567 570 593 627 693 759 795 889 929 952 975 985 996 1003 1033 1078 1114 1157 1218 1218 1236 1315 1379 1386 1478 1527 1564 1603 1688 1762 1851 1904 1907 2001 2078 2136 2202 2225 2307 2382
60 85 167 243 321 350 368 404 471 505 539 570 591 647 695 768 815 878 898 949 1011 1049 1099 1138 1157 1188 1209 1267 1294 1325 1390 1456 1539 1551 1554 1568 1631 1636 1667 1758 1842 1876 1964 2056 2060 2130 2131 2227
59 98 115 129 134 181 225 226 298 355 447 528 611 674 713 791 845 874 893 984 1021 1116 1171 1202 1206 1273 1300 1352 1399 1449 1461 1538 1629 1684 1758 1820 1900 1971 2014 2014 2067 2141 2200 2208 2272 2277 2310
7 68 150 241 252 315 393 439 496 584 601 675 682 712 745 789 794 856 901 962 1029 1085 1172 1261 1343 1343 1390 1397 1451 1452 1498 1542 1573 1613 1651 1748 1758 1769 1801 1835 1894 1943 1968 2047 2136 2167
66 97 146 173 177 245 279 374 457 457 535 631 727 770 840 854 943 984 998 1074 1095 1133 1191 1228 1276 1295 1306 1351 1444 1456 1523 1543 1546 1626 1691 1787 1874 1880 1978 2034 2087 2147 2151 2224 2230
99 141 168 214 283 289 386 399 437 500 504 533 607 673 752 835 895 937 1004 1017 1087 1182 1204 1210 1219 1255 1352 1355 1384 1440 1450 1465 1491 1578 1636 1671 1711 1749 1833 1893 1933 1998 2061 2143
45 112 117 135 175 226 266 335 386 450 456 492 526 577 646 693 729 749 779 803 901 959 980 1066 1106 1133 1190 1252 1265 1302 1370 1400 1447 1488 1506 1579 1664 1727 1730 1788 1831 1911 2004
10 68 156 181 192 277 338 344 437 449 493 521 561 591 665 754 837 882 969 1035 1036 1103 1198 1264 1355 1407 1491 1506 1576 1618 1656 1737 1754 1835 1857 1867 1895 1945 1980 2035 2076 2159
68 157 201 236 303 303 349 395 457 462 493 561 588 628 698 718 772 805 816 828 842 852 861 886 947 1016 1056 1132 1205 1248 1295 1348 1430 1441 1496 1556 1629 1679 1707 1756 1792
26 95 176 189 266 334 422 466 479 570 661 732 799 896 930 982 1024 1025 1107 1110 1194 1242 1325 1406 1498 1540 1617 1667 1721 1792 1802 1823 1891 1963 1973 1989 2056 2059 2140 2204
5 39 129 185 272 324 394 468 535 606 665 689 725 767 822 911 948 1028 1062 1095 1164 1240 1242 1306 1372 1381 1412 1495 1535 1586 1627 1683 1738 1808 1895 1897 1952 1955 1979
42 123 145 212 240 246 330 405 470 508 564 608 656 658 658 684 730 787 838 928 976 1052 1102 1136 1233 1245 1286 1326 1346 1442 1478 1482 1580 1592 1625 1665 1753 1799
93 163 167 257 322 322 323 326 387 387 468 536 622 632 659 661 753 802 899 914 1008 1077 1088 1176 1177 1216 1247 1337 1433 1517 1582 1637 1680 1769 1803 1887 1899
61 145 216 255 321 342 369 378 458 477 566 603 698 702 704 796 871 933 985 991 1074 1128 1170 1180 1257 1257 1340 1406 1409 1426 1432 1440 1498 1574 1628 1697
90 136 192 214 278 287 347 443 450 543 554 556 581 620 679 696 709 728 814 896 963 983 1004 1065 1069 1119 1159 1239 1240 1275 1320 1369 1423 1500 1578
40 136 203 283 328 362 445 515 517 576 672 697 756 779 789 834 866 942 978 988 1066 1073 1137 1203 1264 1325 1332 1414 1447 1516 1581 1590 1672 1757
48 113 129 181 202 216 295 385 456 468 489 519 567 601 686 782 828 865 896 944 972 1035 1125 1216 1236 1289 1327 1389 1487 1550 1635 1645 1731
76 77 138 227 291 322 327 410 440 485 563 650 713 791 884 911 948 1039 1125 1162 1167 1189 1199 1288 1377 1414 1500 1596 1648 1736 1757 1765
19 71 150 157 203 266 322 363 401 435 462 477 521 580 585 631 721 813 814 845 907 924 932 945 1018 1083 1096 1113 1197 1240 1280
20 67 148 195 219 296 388 462 495 531 586 648 703 787 869 907 960 987 1012 1104 1178 1182 1225 1277 1350 1383 1400 1437 1485 1549
9 72 82 146 205 233 260 336 379 438 473 551 581 668 732 818 831 904 982 1002 1040 1128 1200 1294 1375 1452 1490 1529 1570
79 94 187 240 296 352 371 386 392 429 486 534 616 623 684 725 758 793 842 866 930 971 1061 1101 1134 1197 1295 1316
91 148 164 217 289 365 436 493 550 568 573 613 701 709 738 791 879 968 998 1027 1074 1166 1238 1238 1273 1316 1325
5 97 116 187 248 320 388 417 442 522 547 639 649 725 764 829 909 913 942 942 953 1044 1058 1132 1228 1231
97 144 179 259 331 420 475 533 577 647 655 729 819 913 996 1082 1171 1222 1229 1325 1374 1462 1509 1513 1538
72 155 234 325 358 361 451 493 559 588 657 657 752 836 876 957 1006 1086 1107 1135 1208 1232 1325 1355
36 94 166 227 238 243 302 356 404 447 461 479 569 637 665 723 741 835 878 956 991 1028 1100
6 60 63 69 138 213 305 332 376 407 483 510 582 596 679 742 749 777 846 869 942 1022
73 125 135 219 273 284 332 397 416 427 452 487 501 598 686 740 837 875 938 959 1047
61 125 154 221 256 266 268 323 336 361 440 494 517 609 659 695 752 786 876 972
33 117 152 208 243 285 297 308 401 452 539 571 612 616 646 649 660 686 751
2 58 82 97 108 126 166 258 340 380 425 482 577 610 672 762 848 876
74 172 229 315 321 326 374 386 426 469 563 613 664 670 683 685 686
59 60 104 122 207 246 329 401 466 468 505 577 619 685 746 754
12 37 69 133 181 274 359 369 406 412 447 461 469 481 548
77 107 146 169 198 201 269 357 450 505 563 648 708 730
72 160 217 306 366 429 520 607 637 684 715 744 807
70 147 202 227 272 326 421 425 428 435 447 483
27 99 120 188 232 239 300 384 421 436 461
70 110 203 292 321 373 381 463 512 590
44 69 159 253 273 340 370 421 442
81 101 140 191 288 383 480 510
89 185 190 251 306 323 362
4 25 100 132 160 170
6 16 58 152 208
53 97 104 115
59 136 206
8 50
63
