87
87 150 239 253 324 360 436 507 548 552 593 673 763 836 877 958 962 987 1063 1063 1130 1203 1243 1244 1280 1321 1367 1422 1501 1526 1572 1579 1599 1651 1679 1741 1832 1930 1998 2003 2048 2109 2188 2241 2252 2316 2326 2377 2423 2506 2517 2555 2648 2734 2802 2859 2925 2967 3064 3127 3205 3227 3298 3391 3455 3501 3536 3586 3651 3736 3774 3845 3906 3973 4004 4030 4049 4068 4166 4187 4203 4292 4324 4368 4396 4444 4483
46 91 152 239 316 403 411 489 564 649 674 726 751 774 853 853 951 1025 1059 1086 1165 1218 1220 1221 1307 1401 1466 1504 1504 1596 1662 1756 1761 1791 1801 1855 1918 2003 2020 2063 2074 2157 2217 2247 2255 2332 2350 2380 2417 2425 2499 2507 2570 2606 2622 2687 2755 2755 2791 2826 2890 2984 3082 3120 3217 3225 3225 3267 3324 3360 3392 3485 3564 3655 3681 3712 3803 3831 3908 3968 4029 4046 4141 4164 4165 4239
19 26 33 117 137 177 241 262 312 348 357 359 395 404 472 562 639 662 747 827 916 941 981 1038 1125 1212 1277 1367 1370 1406 1492 1551 1561 1655 1720 1755 1789 1863 1864 1913 1983 1993 2036 2104 2126 2143 2218 2298 2331 2412 2462 2514 2530 2620 2709 2740 2763 2823 2891 2945 3043 3057 3143 3208 3246 3303 3331 3401 3494 3569 3614 3652 3708 3751 3779 3779 3837 3878 3912 3937 3953 4032 4053 4100 4166
20 66 68 70 163 168 234 315 353 391 445 445 530 534 580 587 672 713 744 796 871 885 906 947 1012 1077 1102 1199 1282 1345 1378 1379 1385 1476 1481 1576 1634 1673 1693 1738 1831 1885 1954 1991 2021 2040 2091 2173 2231 2236 2291 2342 2352 2425 2518 2583 2666 2732 2800 2892 2916 2985 3004 3078 3138 3214 3274 3290 3373 3425 3468 3552 3631 3646 3686 3723 3818 3843 3853 3877 3932 3955 3980 4069
8 105 118 141 237 243 268 332 420 468 513 554 555 580 652 677 739 788 883 970 974 1049 1127 1164 1216 1308 1387 1420 1471 1527 1561 1615 1699 1703 1710 1710 1727 1751 1801 1820 1844 1879 1966 2013 2065 2096 2126 2159 2201 2255 2331 2372 2453 2512 2593 2612 2637 2656 2709 2715 2740 2774 2838 2914 2938 2966 3005 3086 3150 3181 3265 3282 3320 3404 3458 3500 3550 3613 3621 3715 3747 3766 3782
28 66 133 166 179 181 198 254 294 359 421 504 537 600 630 637 686 757 769 819 877 972 1045 1136 1205 1247 1308 1369 1380 1382 1393 1470 1497 1508 1574 1670 1765 1792 1819 1870 1895 1971 1985 2023 2075 2077 2166 2208 2289 2364 2386 2442 2535 2557 2558 2633 2698 2778 2814 2847 2878 2956 2978 3038 3055 3096 3097 3122 3210 3218 3226 3259 3308 3373 3410 3474 3479 3573 3586 3599 3653 3681
90 186 206 209 295 313 384 414 482 532 584 632 698 698 768 854 935 987 1051 1057 1098 1129 1130 1181 1231 1311 1323 1382 1402 1422 1460 1545 1557 1604 1684 1765 1839 1907 1926 1990 2005 2027 2043 2101 2180 2243 2301 2307 2401 2498 2537 2584 2615 2626 2685 2746 2789 2879 2916 2988 3047 3144 3147 3166 3227 3297 3362 3423 3452 3460 3499 3565 3567 3612 3626 3641 3661 3715 3764 3840 3937
67 143 156 159 228 232 266 345 423 519 587 588 605 620 623 703 714 728 734 770 820 880 907 934 1032 1113 1194 1259 1267 1271 1348 1367 1411 1497 1545 1549 1589 1601 1617 1710 1728 1777 1822 1854 1934 1971 1995 2079 2080 2088 2126 2130 2178 2183 2234 2296 2341 2343 2428 2446 2543 2630 2631 2690 2694 2723 2775 2778 2869 2925 2988 3079 3144 3145 3198 3266 3293 3321 3401 3462
53 133 169 231 315 411 456 505 539 544 552 554 581 637 684 774 778 785 873 963 988 994 1035 1086 1147 1154 1163 1204 1235 1279 1354 1421 1486 1494 1539 1603 1682 1734 1767 1767 1865 1934 2028 2087 2123 2188 2214 2274 2357 2428 2504 2584 2659 2688 2714 2737 2766 2833 2915 2923 3019 3059 3085 3119 3143 3159 3223 3306 3391 3479 3520 3524 3579 3597 3644 3704 3705 3772 3830
83 152 175 270 280 294 380 381 410 489 518 527 572 640 705 759 824 920 996 1048 1064 1153 1168 1181 1199 1203 1226 1253 1343 1372 1382 1454 1501 1572 1576 1663 1694 1740 1781 1841 1904 1909 1995 2074 2128 2148 2215 2309 2343 2376 2385 2413 2492 2507 2550 2641 2711 2742 2744 2800 2863 2927 2965 2972 2985 3067 3075 3124 3149 3159 3209 3215 3306 3389 3471 3515 3569 3632
91 180 265 336 412 483 494 511 587 625 688 695 713 729 739 822 918 926 937 1021 1096 1136 1228 1308 1373 1425 1475 1553 1557 1572 1663 1706 1780 1872 1911 1943 2036 2055 2129 2216 2235 2256 2327 2414 2498 2544 2628 2726 2749 2782 2830 2868 2956 3031 3085 3149 3189 3208 3258 3293 3379 3440 3470 3508 3566 3631 3716 3737 3756 3825 3879 3930 4000 4013 4052 4061 4120
48 111 168 222 273 371 461 543 578 635 640 663 702 772 856 867 880 936 997 1072 1149 1232 1260 1318 1395 1447 1515 1541 1543 1626 1722 1770 1845 1891 1930 1952 1987 1999 2073 2110 2164 2228 2305 2361 2414 2481 2523 2532 2588 2667 2727 2785 2795 2865 2890 2954 3014 3111 3144 3222 3305 3400 3458 3461 3513 3563 3621 3678 3748 3753 3759 3836 3863 3929 4023 4105
12 76 86 138 179 211 229 264 317 366 437 475 569 608 679 699 761 795 878 901 955 975 1040 1128 1180 1250 1335 1412 1422 1492 1494 1535 1604 1662 1730 1795 1870 1934 1984 2015 2022 2120 2131 2157 2170 2216 2263 2299 2350 2382 2431 2484 2502 2518 2560 2596 2680 2751 2849 2905 2923 2934 3012 3079 3080 3099 3188 3206 3230 3284 3293 3361 3438 3505 3575
22 33 46 104 115 189 284 303 390 430 458 467 490 569 613 626 709 733 772 810 903 984 1069 1093 1118 1132 1227 1306 1372 1456 1532 1591 1655 1694 1747 1783 1808 1873 1873 1908 1972 2049 2109 2128 2194 2256 2350 2433 2504 2565 2597 2627 2674 2772 2843 2853 2904 2936 2944 3024 3063 3118 3137 3213 3255 3270 3274 3319 3376 3441 3536 3563 3636 3679
45 102 181 243 245 293 373 396 482 520 575 625 686 755 761 784 816 882 884 910 970 972 1061 1068 1090 1176 1256 1282 1282 1293 1338 1352 1382 1427 1502 1524 1542 1571 1589 1650 1671 1748 1791 1833 1845 1852 1898 1985 2013 2040 2102 2145 2183 2280 2369 2417 2507 2601 2668 2677 2685 2766 2827 2850 2940 2979 3039 3130 3194 3227 3268 3353 3431
4 31 119 169 184 258 351 434 516 545 606 665 679 745 775 784 822 907 990 1072 1097 1144 1207 1227 1256 1296 1328 1365 1417 1465 1532 1551 1648 1674 1691 1766 1832 1876 1939 1940 2033 2037 2084 2088 2173 2270 2272 2273 2294 2392 2421 2480 2487 2566 2653 2691 2729 2745 2757 2757 2818 2907 2944 2975 3057 3108 3167 3230 3251 3302 3379 3388
50 137 209 236 265 269 343 357 437 508 544 592 669 747 755 836 862 949 960 1053 1073 1132 1217 1235 1250 1267 1328 1381 1404 1444 1523 1581 1655 1732 1755 1806 1851 1905 1921 1935 2022 2082 2084 2111 2184 2195 2292 2303 2389 2438 2454 2482 2555 2556 2615 2626 2708 2734 2808 2873 2873 2875 2944 2965 2997 3063 3153 3225 3248 3312 3367
93 143 166 200 248 263 354 437 447 493 587 614 698 748 750 817 875 883 969 1031 1114 1176 1250 1258 1345 1362 1408 1485 1543 1575 1671 1751 1810 1819 1830 1881 1915 1921 2005 2065 2146 2214 2228 2277 2295 2357 2454 2532 2566 2615 2711 2807 2874 2884 2928 2943 3019 3074 3080 3174 3225 3253 3312 3350 3398 3437 3511 3589 3670 3706
95 170 222 269 359 359 412 420 493 510 541 541 596 653 703 725 765 834 857 871 898 963 1023 1073 1083 1119 1133 1182 1241 1293 1351 1428 1507 1543 1614 1628 1638 1641 1729 1796 1851 1921 1987 2074 2130 2166 2200 2264 2309 2320 2407 2494 2588 2606 2676 2699 2749 2787 2822 2906 2914 2933 2934 3022 3064 3078 3086 3121 3170
97 190 201 224 309 386 456 549 583 678 764 846 884 934 945 1029 1123 1160 1213 1244 1317 1325 1347 1409 1440 1462 1474 1503 1538 1592 1601 1690 1713 1723 1808 1905 1971 1996 2043 2099 2157 2237 2260 2284 2290 2305 2354 2426 2467 2554 2590 2639 2662 2718 2792 2849 2901 2906 2978 3015 3101 3123 3191 3192 3229 3279 3305 3355
78 168 212 237 266 273 364 455 488 492 496 528 547 569 616 662 694 715 804 833 892 896 977 987 1002 1052 1135 1190 1192 1193 1246 1343 1386 1462 1491 1577 1650 1715 1810 1859 1954 2019 2030 2060 2155 2164 2212 2228 2233 2299 2348 2355 2388 2433 2467 2505 2531 2625 2679 2699 2787 2806 2877 2882 2927 2936 3033
20 50 70 93 104 132 200 238 272 318 411 496 589 592 670 738 756 820 848 859 914 998 1033 1053 1113 1195 1227 1294 1374 1401 1436 1521 1618 1662 1667 1712 1749 1775 1776 1866 1873 1932 2023 2112 2176 2226 2293 2390 2477 2534 2556 2628 2676 2692 2763 2814 2851 2922 2963 2975 3059 3149 3174 3233 3328 3401
26 44 78 121 199 206 213 245 333 406 464 492 553 574 612 634 704 774 818 822 849 902 908 967 987 1053 1072 1169 1238 1257 1340 1422 1482 1561 1616 1710 1742 1802 1893 1960 2003 2040 2094 2170 2185 2242 2327 2403 2489 2525 2547 2639 2688 2754 2779 2832 2846 2914 2952 3019 3098 3100 3127 3174 3234
60 63 114 134 192 205 286 370 433 509 603 603 664 710 763 820 906 913 995 999 1063 1107 1181 1218 1261 1300 1382 1475 1553 1642 1693 1740 1802 1825 1872 1890 1930 1954 2052 2071 2093 2190 2236 2247 2266 2299 2388 2426 2449 2516 2554 2631 2688 2702 2754 2834 2837 2903 2983 3048 3102 3135 3224 3237
85 96 169 196 280 349 401 418 480 515 561 629 681 734 770 832 863 886 965 1048 1134 1211 1235 1237 1277 1290 1350 1424 1490 1503 1567 1592 1595 1602 1683 1751 1752 1846 1930 1956 1980 2036 2111 2122 2142 2155 2203 2233 2314 2352 2439 2492 2523 2602 2639 2672 2707 2724 2803 2825 2916 3000 3087
22 101 101 182 267 300 339 389 452 476 548 619 619 629 645 739 752 780 804 808 848 850 909 958 1039 1089 1154 1212 1241 1277 1375 1455 1466 1527 1551 1594 1638 1698 1741 1749 1771 1842 1884 1916 1934 1983 2042 2091 2149 2158 2197 2223 2245 2290 2341 2367 2387 2419 2507 2577 2617 2658
4 81 155 234 297 394 424 520 558 587 646 699 771 784 855 951 993 995 1079 1128 1217 1231 1326 1369 1458 1503 1601 1615 1684 1737 1759 1843 1886 1902 1966 2015 2059 2090 2144 2234 2291 2387 2399 2444 2459 2488 2572 2618 2674 2720 2797 2851 2878 2963 3046 3055 3058 3146 3180 3191 3223
4 67 146 206 252 260 329 373 464 510 532 562 659 744 747 819 876 887 914 1005 1089 1090 1108 1158 1178 1202 1294 1315 1369 1389 1413 1463 1538 1609 1676 1767 1796 1798 1825 1908 1996 2055 2065 2143 2176 2232 2304 2392 2424 2441 2441 2476 2511 2597 2614 2620 2672 2755 2832 2896
44 62 100 145 227 307 338 412 445 457 544 578 665 732 737 766 777 850 929 987 1034 1130 1193 1264 1282 1322 1332 1417 1497 1544 1627 1682 1752 1818 1840 1922 1923 1966 2049 2089 2124 2206 2212 2224 2239 2307 2396 2492 2541 2599 2634 2657 2714 2780 2828 2909 2976 3014 3057
32 91 112 173 184 242 310 339 415 476 510 583 602 626 651 669 746 801 880 967 967 1042 1047 1083 1151 1224 1284 1305 1347 1373 1400 1446 1474 1479 1515 1613 1658 1695 1701 1701 1789 1847 1898 1983 2019 2114 2137 2182 2225 2281 2323 2374 2424 2449 2525 2587 2617 2686
39 120 147 190 218 250 259 350 393 410 481 531 559 613 639 681 695 730 745 801 834 929 995 1013 1031 1099 1157 1203 1215 1293 1381 1457 1535 1598 1607 1689 1724 1724 1778 1830 1845 1915 2009 2057 2116 2116 2159 2184 2248 2321 2394 2416 2500 2558 2606 2614 2704
63 93 185 204 237 308 392 476 513 569 582 594 626 718 800 846 896 918 1009 1101 1129 1171 1249 1313 1400 1431 1449 1525 1533 1575 1622 1688 1778 1847 1877 1953 2012 2066 2111 2190 2196 2229 2243 2336 2430 2527 2560 2614 2694 2747 2795 2889 2903 2973 3003 3100
1 1 78 158 162 206 224 297 341 416 448 487 563 621 688 698 704 706 780 867 907 996 1012 1091 1112 1201 1298 1303 1321 1345 1416 1488 1551 1640 1685 1726 1815 1816 1879 1940 1990 2035 2117 2147 2231 2283 2305 2348 2358 2379 2473 2548 2553 2590 2594
80 143 167 195 227 311 355 406 423 489 498 572 646 738 738 821 822 890 964 1038 1084 1156 1209 1244 1312 1336 1383 1462 1470 1477 1531 1558 1597 1633 1684 1723 1783 1824 1845 1921 2003 2036 2097 2124 2191 2218 2299 2337 2423 2514 2567 2577 2631 2640
22 117 214 303 337 385 392 444 448 524 584 585 644 678 720 723 811 826 866 888 936 1010 1088 1175 1205 1254 1287 1339 1407 1409 1505 1555 1621 1671 1734 1816 1843 1869 1938 1967 2059 2060 2132 2184 2219 2251 2254 2319 2351 2445 2529 2555 2621
99 140 195 274 368 445 455 461 529 611 647 691 699 721 732 808 858 921 932 1008 1016 1036 1060 1121 1179 1219 1230 1307 1309 1341 1412 1425 1515 1572 1667 1673 1686 1764 1831 1878 1921 2017 2106 2165 2196 2245 2264 2287 2353 2380 2434 2492
69 145 223 241 288 314 321 327 406 427 446 524 573 575 635 671 675 694 745 814 878 972 992 1052 1099 1144 1229 1238 1264 1335 1338 1425 1434 1466 1483 1564 1609 1609 1611 1647 1683 1693 1757 1807 1891 1913 1993 2036 2059 2059 2092
50 132 136 156 201 243 272 294 364 460 539 621 679 696 697 769 795 798 873 905 946 981 1060 1096 1111 1126 1163 1240 1285 1372 1419 1430 1488 1541 1565 1631 1686 1742 1786 1864 1904 1954 1959 1963 1978 2016 2034 2047 2070 2156
39 55 91 189 226 228 281 349 387 440 449 522 528 548 613 661 686 707 790 886 941 974 1025 1095 1171 1232 1278 1357 1398 1438 1475 1542 1588 1646 1733 1745 1751 1808 1856 1938 2023 2117 2166 2183 2227 2258 2294 2336 2387
30 96 121 170 173 201 249 339 373 462 467 517 609 645 673 699 746 750 767 800 835 906 911 927 999 1023 1035 1089 1137 1171 1193 1210 1233 1319 1382 1415 1453 1549 1633 1653 1741 1770 1809 1854 1894 1973 2031 2110
54 98 113 201 206 304 396 431 475 515 529 576 586 605 690 699 712 790 882 921 945 1025 1117 1122 1191 1284 1351 1402 1491 1517 1577 1658 1694 1706 1774 1837 1903 2001 2009 2030 2079 2132 2168 2226 2314 2360 2396
87 90 108 163 180 256 351 442 502 514 574 607 619 700 729 774 846 880 939 1035 1105 1162 1200 1228 1251 1265 1327 1377 1418 1509 1578 1668 1746 1818 1847 1898 1940 1993 2050 2061 2132 2164 2218 2255 2348 2435
43 74 146 220 304 384 427 474 554 590 654 700 716 805 880 940 980 1051 1140 1231 1316 1356 1366 1405 1482 1571 1668 1699 1746 1788 1874 1893 1906 1952 2021 2087 2120 2180 2220 2261 2348 2377 2415 2454 2462
48 107 178 182 194 286 298 303 343 380 437 502 578 644 737 791 861 862 880 967 998 1020 1025 1121 1153 1192 1269 1283 1289 1300 1371 1449 1521 1538 1573 1580 1638 1672 1741 1794 1825 1889 1952 1978
29 110 201 244 246 313 374 383 414 476 543 557 614 655 686 703 784 803 809 828 905 994 1087 1173 1231 1263 1348 1390 1439 1491 1539 1602 1616 1633 1713 1737 1815 1857 1920 1935 1939 2034 2053
71 121 189 200 245 321 393 480 541 573 616 646 729 805 881 946 978 1071 1155 1193 1269 1277 1293 1388 1442 1539 1542 1610 1652 1668 1766 1772 1773 1864 1927 1983 2030 2053 2104 2154 2242 2304
65 120 153 237 266 363 391 412 479 569 629 726 821 884 925 944 988 1044 1069 1113 1129 1189 1270 1285 1380 1427 1495 1555 1567 1573 1602 1662 1725 1742 1805 1864 1887 1946 2028 2074 2100
2 12 90 138 227 263 324 411 455 548 620 689 785 826 842 892 983 1033 1074 1150 1206 1265 1337 1406 1504 1510 1604 1669 1674 1771 1815 1825 1922 1937 1991 2023 2090 2129 2132 2208
81 153 248 299 318 371 421 459 496 526 549 592 677 679 688 725 743 827 914 946 1024 1042 1092 1181 1225 1286 1325 1405 1475 1569 1648 1721 1770 1856 1872 1894 1904 1941 1974
90 152 198 271 352 413 438 470 510 532 553 600 673 682 720 779 839 874 908 965 1063 1126 1221 1309 1372 1440 1497 1547 1566 1604 1664 1702 1763 1845 1873 1945 1975 2012
46 116 191 289 324 415 424 429 527 551 584 586 599 639 701 789 872 956 1010 1099 1100 1118 1166 1223 1260 1356 1382 1428 1433 1441 1444 1495 1522 1532 1593 1660 1703
48 82 146 232 289 333 347 424 456 477 553 595 679 754 755 787 839 929 937 964 969 1051 1087 1092 1166 1250 1274 1353 1447 1484 1567 1624 1675 1687 1755 1791
33 88 155 155 236 330 371 379 440 518 541 603 697 791 802 839 850 898 967 1016 1095 1125 1185 1244 1272 1338 1371 1457 1508 1587 1664 1693 1771 1815 1815
54 106 182 261 320 370 406 418 418 513 597 669 694 721 786 884 942 980 1049 1102 1172 1248 1281 1321 1359 1359 1405 1450 1543 1631 1644 1722 1726 1739
30 105 130 174 219 276 324 339 394 478 567 592 690 699 749 825 826 902 966 1026 1068 1129 1146 1210 1301 1304 1307 1320 1405 1411 1429 1473 1561
97 174 269 288 372 383 407 477 500 581 616 646 666 701 730 827 914 951 1014 1037 1125 1145 1163 1233 1301 1381 1442 1451 1472 1531 1565 1630
93 131 148 246 297 382 382 453 500 592 636 704 793 819 857 860 893 926 953 977 1025 1071 1114 1118 1162 1254 1256 1306 1402 1486 1568
37 135 210 288 333 383 451 482 550 552 619 624 664 668 698 755 789 827 873 925 941 942 1031 1066 1155 1171 1229 1293 1390 1428
50 144 197 235 239 253 291 301 353 368 410 425 519 541 637 724 774 823 899 915 927 927 1021 1061 1103 1198 1292 1346 1383
36 100 186 193 282 323 334 417 427 513 604 630 688 734 734 743 807 819 819 907 993 1082 1146 1162 1251 1325 1419 1508
35 96 113 152 214 296 312 319 413 508 519 545 564 577 669 743 823 831 886 980 1039 1118 1150 1193 1241 1248 1311
91 91 181 211 228 301 399 439 460 512 520 558 652 696 778 785 869 917 983 1026 1108 1111 1135 1195 1274 1366
14 24 32 60 89 167 182 253 258 300 308 353 444 494 579 651 667 760 776 859 900 959 1020 1085 1102
9 40 103 167 251 293 304 356 451 526 549 582 641 654 655 752 816 854 941 1037 1093 1175 1221 1229
65 73 141 223 232 238 240 297 381 474 480 551 626 630 649 707 791 824 867 931 971 1030 1074
71 134 217 267 306 354 362 421 425 487 496 557 647 727 741 781 782 792 838 921 978 1047
37 116 127 135 202 211 254 294 366 388 436 474 492 582 603 608 615 670 715 747 799
39 58 147 176 206 287 338 398 458 465 550 605 623 637 664 724 771 830 890 908
8 86 113 121 199 209 296 364 402 499 556 626 704 798 824 865 940 1000 1011
1 11 89 117 141 158 250 293 383 478 554 643 654 690 719 816 837 926
53 95 125 195 243 296 385 461 478 549 634 677 690 714 747 759 760
84 141 160 256 344 378 379 406 406 415 418 509 563 583 596 656
99 176 250 254 323 357 391 445 535 581 637 679 743 761 821
75 101 109 136 229 258 323 342 361 407 428 492 567 603
63 105 128 200 241 273 366 458 483 543 594 626 679
1 72 109 125 178 250 262 345 346 418 486 539
17 47 116 116 148 165 180 189 272 370 432
98 182 254 293 374 451 471 497 581 597
46 126 204 207 245 326 361 423 473
42 106 172 182 275 320 399 469
99 107 158 174 224 297 328
14 76 94 109 157 246
65 74 105 175 234
28 116 177 236
91 149 169
62 116
82
