85
58 141 160 249 271 307 373 432 505 585 660 749 827 910 1002 1038 1058 1059 1140 1209 1266 1349 1386 1393 1461 1514 1515 1583 1612 1641 1652 1750 1827 1869 1962 2041 2047 2076 2123 2212 2248 2261 2352 2371 2380 2381 2440 2524 2579 2656 2663 2756 2834 2872 2877 2940 2940 2974 3058 3108 3132 3206 3224 3252 3301 3370 3461 3476 3478 3509 3568 3609 3610 3661 3698 3717 3758 3807 3817 3854 3865 3874 3909 3923 3927
17 115 153 227 324 332 398 473 549 627 669 704 758 777 835 842 869 897 906 952 993 1043 1095 1171 1177 1267 1295 1347 1416 1429 1490 1499 1560 1623 1703 1722 1745 1745 1841 1856 1875 1883 1958 1965 2024 2087 2099 2176 2197 2210 2301 2359 2457 2512 2533 2604 2672 2755 2847 2900 2908 2982 2998 3028 3071 3143 3177 3255 3321 3396 3469 3498 3512 3561 3620 3662 3680 3681 3713 3742 3783 3791 3874 3906
16 74 151 198 257 260 320 322 366 400 406 469 515 555 596 596 647 682 749 814 905 994 1016 1049 1085 1172 1187 1225 1261 1302 1374 1446 1494 1546 1568 1647 1665 1762 1818 1909 1978 2068 2069 2132 2214 2225 2266 2310 2384 2447 2452 2486 2489 2531 2620 2697 2787 2855 2865 2904 2980 3054 3101 3194 3228 3242 3243 3249 3257 3309 3315 3341 3387 3420 3446 3491 3572 3635 3702 3779 3784 3813 3867
99 123 182 265 350 380 449 460 486 541 548 638 656 732 735 741 764 780 864 894 911 922 949 993 1075 1173 1187 1241 1322 1405 1489 1520 1608 1660 1686 1708 1782 1859 1862 1918 1971 2057 2125 2209 2287 2337 2402 2478 2564 2613 2659 2703 2792 2862 2890 2961 2969 2978 2988 3017 3058 3081 3147 3147 3232 3238 3299 3323 3392 3416 3478 3514 3545 3552 3577 3582 3601 3609 3638 3639 3651 3690
27 92 167 170 243 310 324 334 368 388 443 451 549 617 655 679 701 798 809 845 876 958 993 1067 1144 1171 1259 1324 1335 1346 1419 1452 1495 1498 1513 1573 1660 1701 1754 1774 1778 1826 1855 1948 2032 2127 2175 2243 2335 2391 2434 2484 2556 2633 2727 2795 2854 2876 2926 2944 2949 3036 3041 3047 3102 3167 3226 3290 3364 3409 3445 3526 3596 3631 3708 3718 3733 3817 3897 3922 4020
6 27 101 136 184 184 276 316 375 447 475 572 630 631 684 735 792 860 870 898 980 1015 1071 1094 1188 1214 1268 1333 1419 1477 1575 1671 1718 1728 1818 1870 1940 1945 2015 2039 2042 2078 2111 2165 2261 2273 2364 2419 2499 2512 2576 2598 2600 2678 2707 2785 2828 2837 2839 2934 2934 2997 3014 3091 3173 3257 3306 3349 3415 3431 3479 3526 3540 3572 3611 3636 3661 3712 3771 3798
35 104 169 185 281 336 344 436 525 595 688 737 802 839 870 938 949 976 1051 1059 1063 1067 1158 1239 1292 1346 1374 1421 1430 1520 1537 1595 1610 1638 1661 1715 1726 1743 1763 1819 1860 1922 1970 2022 2099 2180 2190 2220 2243 2274 2339 2374 2472 2567 2658 2692 2767 2781 2830 2871 2935 2995 3043 3121 3134 3218 3238 3305 3338 3406 3423 3514 3518 3568 3619 3638 3711 3767 3817
55 66 67 155 248 260 341 399 446 479 505 534 544 598 650 705 752 772 820 828 895 992 1072 1142 1198 1274 1276 1337 1382 1421 1502 1566 1638 1701 1746 1827 1867 1922 1928 1956 2049 2126 2146 2206 2250 2333 2347 2414 2475 2495 2531 2548 2599 2687 2764 2838 2881 2938 2939 2951 2962 2967 3004 3094 3142 3205 3290 3350 3364 3446 3523 3575 3659 3711 3739 3752 3767 3779
55 85 139 235 305 346 348 383 429 475 554 597 634 640 723 773 834 922 1000 1093 1148 1153 1191 1289 1352 1363 1426 1428 1526 1548 1630 1669 1711 1725 1812 1844 1933 1984 2067 2081 2115 2137 2163 2187 2199 2215 2226 2228 2281 2319 2414 2447 2537 2609 2631 2682 2766 2768 2776 2842 2927 2929 3015 3028 3035 3047 3107 3107 3142 3231 3280 3327 3371 3433 3511 3598 3631
92 121 151 218 261 327 382 424 514 572 611 640 684 714 796 848 882 935 967 1000 1036 1046 1121 1184 1252 1283 1290 1331 1380 1445 1466 1485 1536 1591 1647 1671 1699 1790 1823 1892 1950 1974 1980 2022 2104 2182 2267 2339 2413 2508 2546 2614 2638 2640 2670 2706 2779 2830 2839 2888 2974 3026 3032 3032 3117 3209 3255 3351 3390 3397 3433 3471 3518 3598 3638 3661
82 117 121 150 199 206 227 246 277 317 346 374 435 447 465 517 615 652 673 684 739 768 780 802 846 927 956 984 1082 1154 1235 1274 1300 1314 1380 1393 1448 1514 1531 1580 1618 1676 1714 1733 1795 1797 1840 1931 1965 2019 2063 2063 2159 2194 2209 2303 2338 2359 2435 2460 2489 2522 2535 2545 2570 2636 2733 2760 2824 2864 2875 2959 3005 3037 3055
2 77 169 212 281 343 412 458 482 498 565 627 696 719 780 815 839 864 939 1004 1021 1032 1108 1128 1210 1230 1303 1333 1341 1419 1483 1511 1586 1661 1702 1726 1775 1848 1932 2029 2076 2167 2234 2240 2299 2340 2417 2482 2513 2558 2654 2672 2675 2707 2770 2819 2917 2951 2952 3007 3070 3149 3244 3266 3317 3323 3411 3446 3494 3574 3611 3676 3721 3793
58 106 142 189 263 280 342 362 444 537 603 667 746 749 755 848 887 895 948 964 965 1017 1065 1147 1208 1283 1330 1348 1443 1456 1459 1541 1590 1626 1661 1680 1775 1818 1858 1910 1911 1977 2046 2049 2063 2153 2196 2252 2340 2400 2439 2517 2605 2670 2766 2859 2927 3018 3106 3149 3216 3217 3230 3243 3277 3341 3387 3440 3456 3544 3642 3657 3660
55 83 148 234 257 315 368 403 434 479 553 555 566 599 601 607 680 747 783 871 956 1035 1065 1156 1230 1251 1326 1373 1471 1552 1608 1633 1655 1679 1771 1827 1833 1843 1926 1976 2058 2106 2145 2163 2191 2197 2234 2283 2343 2387 2480 2515 2537 2550 2623 2707 2759 2829 2856 2889 2904 2943 3035 3122 3203 3294 3338 3352 3392 3456 3479 3565
29 120 145 195 253 325 329 392 432 467 508 523 584 622 673 730 765 829 902 954 1027 1064 1078 1175 1268 1299 1304 1386 1413 1511 1526 1611 1637 1710 1720 1762 1797 1895 1972 2068 2110 2128 2151 2220 2271 2355 2399 2441 2447 2478 2480 2500 2510 2552 2635 2679 2742 2839 2917 2939 3001 3098 3176 3242 3323 3376 3465 3541 3635 3694 3700
81 130 159 162 236 273 365 371 425 515 574 596 676 731 768 802 802 847 856 949 978 1017 1076 1078 1119 1164 1212 1299 1366 1431 1473 1483 1512 1597 1661 1730 1774 1833 1847 1909 2002 2068 2164 2226 2246 2284 2295 2365 2388 2424 2462 2559 2587 2634 2719 2764 2862 2881 2919 2962 3026 3099 3138 3217 3262 3288 3364 3398 3419 3475
6 16 60 115 168 247 299 383 447 518 576 661 681 743 826 900 991 1035 1050 1097 1155 1176 1228 1271 1326 1405 1419 1508 1591 1619 1705 1771 1808 1825 1900 1927 2020 2066 2096 2112 2115 2199 2232 2318 2369 2448 2540 2545 2546 2547 2601 2624 2631 2637 2684 2780 2784 2827 2830 2873 2930 2934 2988 3005 3092 3115 3154 3252 3296
59 97 147 194 227 283 361 442 506 593 611 656 749 807 893 930 936 939 988 995 1075 1140 1142 1173 1210 1282 1325 1369 1413 1484 1515 1604 1639 1734 1740 1764 1773 1799 1848 1876 1928 1961 2052 2121 2189 2246 2270 2336 2387 2394 2410 2506 2573 2615 2641 2739 2766 2792 2857 2860 2921 3018 3055 3132 3149 3206 3299 3368
77 99 134 193 197 226 227 248 296 362 430 498 589 667 675 691 747 801 824 833 923 953 964 1034 1067 1088 1160 1169 1235 1246 1270 1299 1372 1380 1394 1403 1498 1508 1525 1589 1615 1698 1699 1776 1777 1852 1886 1899 1969 1977 2024 2100 2169 2206 2302 2365 2451 2483 2523 2573 2639 2718 2721 2781 2789 2821 2837
68 102 148 157 224 286 375 423 510 584 671 769 818 820 914 916 985 1012 1045 1085 1090 1112 1118 1209 1232 1255 1275 1309 1335 1396 1427 1442 1527 1566 1606 1645 1656 1751 1803 1886 1935 1963 2000 2003 2097 2118 2208 2241 2262 2310 2350 2405 2434 2446 2449 2473 2482 2547 2573 2590 2592 2676 2696 2730 2802 2860
30 103 188 222 246 276 352 355 440 486 513 575 630 667 684 724 734 787 869 869 933 1015 1066 1108 1128 1178 1248 1252 1254 1294 1390 1449 1533 1600 1686 1742 1781 1835 1876 1932 1956 1980 2016 2055 2087 2142 2151 2180 2215 2254 2269 2270 2290 2347 2398 2422 2487 2515 2540 2554 2617 2666 2754 2786 2801
79 102 116 135 206 278 350 430 459 477 508 559 636 639 707 744 764 854 857 937 1024 1092 1099 1154 1194 1261 1344 1418 1442 1476 1563 1622 1681 1694 1726 1793 1835 1896 1951 1969 2020 2100 2192 2217 2256 2323 2351 2425 2518 2600 2665 2709 2766 2788 2792 2812 2885 2895 2946 3036 3109 3190 3248 3342
59 141 145 217 292 349 381 412 486 526 578 629 652 682 687 726 786 856 876 967 967 1059 1112 1134 1148 1221 1252 1305 1359 1396 1396 1423 1445 1511 1608 1618 1645 1713 1762 1813 1896 1917 1922 1933 1991 2067 2080 2139 2154 2198 2267 2354 2446 2465 2478 2536 2580 2668 2673 2757 2827 2893 2981
6 101 113 166 199 297 362 440 483 542 603 623 694 715 768 858 951 998 1003 1092 1174 1235 1235 1300 1362 1402 1497 1526 1618 1686 1782 1808 1811 1828 1900 1981 2069 2109 2183 2194 2202 2278 2282 2323 2405 2441 2504 2601 2641 2688 2749 2775 2785 2864 2953 2965 2966 3044 3085 3116 3186 3235
12 42 77 100 112 175 175 222 304 364 440 451 452 531 609 681 754 770 797 798 831 831 920 986 995 1073 1147 1179 1266 1276 1372 1424 1477 1522 1571 1620 1623 1678 1756 1817 1853 1915 1935 1967 1985 2007 2087 2134 2140 2189 2208 2297 2345 2345 2367 2454 2484 2495 2513 2581 2582
38 69 140 168 203 229 255 285 369 388 461 502 575 613 619 647 672 762 787 832 856 872 963 1006 1094 1190 1246 1337 1415 1417 1470 1527 1581 1602 1643 1740 1825 1905 1985 2070 2117 2120 2141 2204 2279 2348 2446 2456 2474 2571 2588 2620 2704 2752 2835 2899 2900 2985 3018 3103
71 100 150 196 274 369 418 501 508 572 608 678 696 785 870 896 963 1048 1119 1177 1178 1252 1330 1399 1402 1486 1526 1596 1639 1681 1706 1775 1775 1815 1834 1895 1989 2058 2081 2150 2177 2238 2254 2348 2382 2415 2513 2528 2600 2690 2772 2845 2892 2968 2985 3004 3073 3100 3129
25 118 127 212 267 267 273 289 298 360 401 444 538 636 725 762 841 854 916 953 1025 1063 1087 1173 1237 1238 1284 1365 1367 1463 1475 1494 1497 1500 1511 1526 1543 1570 1604 1699 1703 1716 1811 1846 1906 2001 2006 2022 2075 2113 2206 2231 2231 2258 2321 2355 2406 2484
10 81 176 196 205 275 364 455 510 570 653 711 778 785 855 902 902 969 993 1008 1099 1161 1217 1287 1318 1352 1414 1446 1461 1535 1597 1666 1739 1772 1813 1908 1932 1978 2056 2111 2149 2168 2219 2313 2392 2487 2529 2569 2575 2636 2644 2717 2791 2878 2916 2953 3012
81 159 221 243 298 334 367 402 459 498 500 593 597 669 726 761 788 856 913 995 1003 1065 1103 1153 1233 1322 1332 1340 1436 1490 1531 1578 1609 1641 1689 1752 1768 1790 1792 1865 1948 1993 2033 2127 2221 2305 2343 2352 2430 2477 2565 2586 2670 2752 2811 2864
41 48 134 217 307 380 436 486 582 641 688 738 835 908 986 1035 1130 1207 1239 1274 1347 1382 1387 1394 1398 1455 1510 1583 1645 1710 1802 1823 1918 1974 2059 2087 2158 2229 2256 2264 2299 2363 2398 2426 2463 2522 2562 2574 2603 2617 2640 2694 2780 2837 2876
61 147 174 218 272 349 428 430 473 529 622 637 637 671 705 775 817 868 871 880 959 1025 1081 1116 1208 1269 1358 1434 1465 1542 1633 1728 1812 1868 1912 1975 1985 2044 2054 2072 2164 2239 2276 2374 2464 2534 2591 2667 2727 2825 2917 3004 3021 3037
47 128 136 157 158 241 317 406 491 588 666 753 812 856 879 916 957 1006 1035 1085 1146 1233 1265 1338 1383 1389 1445 1521 1536 1552 1642 1652 1679 1750 1807 1886 1889 1941 1976 2037 2038 2082 2108 2112 2190 2231 2242 2280 2356 2427 2520 2548 2549
51 135 164 175 266 272 302 306 361 447 523 523 592 619 676 686 701 788 815 821 823 920 994 1062 1089 1113 1193 1216 1249 1265 1269 1318 1398 1445 1465 1544 1583 1651 1703 1760 1851 1870 1903 1982 1990 2075 2096 2190 2214 2262 2282 2359
14 57 71 126 224 271 357 454 511 516 534 595 689 738 766 849 871 960 1042 1073 1107 1152 1250 1338 1434 1519 1605 1696 1752 1816 1885 1890 1978 1982 2069 2094 2168 2170 2240 2270 2306 2364 2420 2467 2494 2551 2581 2645 2738 2738 2746
40 51 97 183 240 254 321 335 428 437 458 458 541 556 653 658 680 774 813 860 914 948 1004 1058 1141 1176 1248 1250 1323 1392 1404 1465 1521 1593 1642 1651 1681 1690 1742 1753 1804 1805 1840 1876 1897 1944 1977 1999 2050 2073
51 75 94 183 244 336 434 436 465 479 553 598 622 646 665 758 764 837 893 900 947 977 1054 1127 1183 1279 1310 1324 1422 1465 1539 1580 1636 1644 1721 1730 1754 1755 1838 1865 1959 1994 2027 2111 2130 2153 2170 2238 2246
85 179 180 223 298 339 427 500 500 541 555 626 645 662 719 736 739 834 909 987 1039 1128 1163 1235 1264 1296 1318 1381 1413 1419 1432 1511 1556 1573 1631 1648 1741 1814 1847 1852 1909 1992 2014 2023 2070 2130 2227 2247
10 57 96 137 204 230 302 304 362 421 486 496 567 662 729 807 859 860 876 901 982 1046 1057 1064 1145 1147 1225 1279 1350 1396 1409 1503 1526 1542 1567 1582 1600 1663 1669 1724 1807 1822 1918 2011 2022 2081 2172
99 103 138 223 239 318 378 431 498 574 625 628 665 749 825 897 897 938 1032 1062 1147 1164 1192 1218 1254 1312 1316 1381 1415 1478 1505 1573 1640 1729 1745 1794 1810 1886 1958 1968 1979 2029 2120 2199 2267 2291
11 83 113 164 249 271 295 324 334 377 465 501 547 642 679 770 857 859 907 908 959 1018 1057 1067 1132 1184 1279 1281 1377 1446 1491 1565 1633 1660 1675 1716 1718 1757 1843 1903 1957 2047 2132 2198 2263
84 172 176 269 288 323 347 405 449 531 592 661 736 750 778 825 828 875 942 971 1044 1061 1158 1220 1315 1328 1397 1466 1490 1527 1621 1622 1718 1783 1837 1889 1955 2014 2055 2117 2215 2242 2302 2370
95 186 211 245 329 372 454 488 559 595 597 597 670 695 754 774 795 882 947 1041 1112 1135 1181 1212 1227 1312 1344 1441 1535 1575 1657 1665 1714 1804 1889 1945 2033 2112 2157 2233 2235 2236 2267
52 81 113 191 223 301 316 335 339 361 365 393 452 509 524 597 607 680 752 805 899 996 1002 1099 1123 1184 1276 1304 1322 1387 1469 1529 1597 1687 1715 1740 1830 1850 1882 1972 2062 2091
34 130 154 160 239 280 332 379 436 479 570 593 660 704 760 783 880 930 1003 1091 1170 1233 1241 1295 1384 1425 1464 1550 1635 1651 1681 1730 1754 1848 1918 2014 2061 2064 2152 2154 2170
66 90 117 157 168 246 310 313 390 409 427 453 461 501 596 673 691 772 814 871 895 899 907 976 989 995 1082 1104 1132 1222 1316 1367 1454 1526 1563 1585 1659 1691 1737 1828
26 117 139 232 292 332 385 423 516 595 668 731 775 780 784 834 919 1012 1070 1110 1189 1230 1283 1334 1353 1435 1435 1481 1495 1557 1561 1596 1646 1729 1819 1904 1986 2080 2125
4 56 113 202 255 255 288 295 324 420 480 489 561 581 612 693 781 799 854 937 1015 1112 1137 1182 1274 1335 1386 1422 1463 1499 1500 1558 1641 1665 1760 1781 1793 1807
3 63 118 195 284 347 372 379 440 489 509 597 648 728 751 752 837 882 884 897 905 996 1028 1103 1166 1214 1294 1380 1414 1432 1490 1491 1521 1598 1658 1664 1687
67 105 199 241 244 330 411 501 504 520 604 623 680 768 772 798 813 879 935 1033 1082 1159 1226 1301 1356 1401 1480 1527 1572 1634 1638 1703 1788 1872 1908 2000
57 70 167 221 307 333 350 360 362 424 507 546 628 713 740 769 829 872 907 985 1015 1075 1136 1227 1247 1309 1352 1429 1437 1512 1590 1633 1634 1645 1724
83 170 228 284 337 408 424 468 504 598 663 698 787 845 873 883 945 1003 1030 1084 1099 1133 1178 1221 1301 1346 1399 1468 1498 1592 1664 1684 1755 1838
55 114 164 198 225 254 325 396 412 436 457 545 614 671 676 755 755 819 889 975 1056 1122 1179 1209 1302 1352 1354 1426 1504 1563 1645 1721 1805
83 97 123 182 208 263 322 402 439 516 585 672 761 805 861 932 1025 1054 1106 1132 1158 1203 1221 1232 1291 1305 1340 1432 1512 1544 1632 1690
76 142 199 257 326 382 403 445 454 474 563 651 716 794 865 930 972 1037 1112 1131 1211 1257 1338 1387 1421 1457 1517 1576 1595 1690 1753
19 104 143 153 207 248 251 296 307 383 404 417 478 570 633 662 703 709 774 849 928 962 981 1004 1094 1102 1143 1237 1250 1303
13 79 120 178 251 286 350 420 505 544 579 649 707 778 858 880 895 951 1044 1123 1149 1188 1208 1247 1326 1386 1436 1446 1461
60 127 137 211 298 335 370 386 445 532 565 616 651 748 767 792 862 865 920 929 933 984 1035 1084 1112 1141 1236 1245
36 113 180 233 277 303 364 404 439 492 547 577 655 663 714 723 808 825 872 889 978 1051 1088 1167 1208 1284 1293
52 128 211 260 302 314 369 373 432 447 518 547 569 610 677 729 811 874 967 1061 1084 1150 1190 1267 1312 1386
19 82 104 164 230 266 320 407 452 543 619 694 697 737 782 786 860 940 1033 1093 1188 1249 1300 1351 1449
79 101 173 227 257 283 333 381 454 541 618 669 684 775 815 874 937 1003 1037 1107 1200 1234 1253 1340
28 117 182 267 276 300 359 418 485 574 596 675 694 781 788 848 902 994 1022 1120 1141 1147 1226
54 106 135 152 199 276 335 375 424 456 457 513 534 558 656 724 822 892 963 1020 1089 1147
67 78 113 154 161 231 238 268 316 344 388 478 515 590 644 649 709 727 809 811 891
52 70 97 176 211 232 277 349 387 400 457 466 466 501 516 576 660 673 685 763
79 106 165 192 274 320 403 492 566 659 750 789 880 910 947 1030 1119 1137 1230
55 106 138 159 229 308 319 322 370 442 524 561 630 722 808 891 980 1013
15 31 37 42 115 118 166 207 248 321 357 388 450 519 561 562 646
56 72 105 199 279 297 356 378 447 545 555 644 684 762 806 886
9 88 164 262 345 383 465 538 586 656 687 703 771 788 802
63 121 140 152 159 227 307 395 461 531 586 621 706 755
8 62 69 123 211 236 264 293 389 412 493 565 596
34 55 90 112 153 244 273 335 375 422 460 465
32 122 123 162 211 224 301 345 369 452 505
23 86 93 174 248 340 393 445 515 569
7 68 124 179 210 271 312 327 330
3 22 94 192 206 261 266 354
42 65 101 141 236 313 385
64 94 171 212 226 319
51 131 212 296 378
49 124 167 224
5 48 73
12 38
34
