87
67 77 127 209 261 340 371 394 414 436 458 548 620 650 653 694 746 758 837 921 969 1033 1056 1062 1068 1100 1104 1110 1117 1169 1180 1241 1287 1300 1323 1409 1487 1580 1672 1742 1799 1858 1896 1980 2002 2051 2140 2181 2268 2295 2380 2469 2544 2608 2666 2693 2720 2808 2841 2868 2930 3015 3063 3093 3110 3200 3224 3270 3285 3335 3349 3423 3432 3522 3563 3661 3716 3792 3849 3931 3983 4074 4105 4105 4105 4141 4150
34 55 111 154 233 236 251 293 391 472 483 507 530 578 637 674 761 855 895 933 1026 1091 1107 1174 1231 1283 1343 1374 1426 1512 1561 1591 1614 1674 1766 1796 1846 1895 1949 1971 2026 2078 2093 2171 2198 2225 2281 2318 2377 2416 2418 2434 2513 2513 2609 2623 2671 2675 2733 2815 2843 2907 2907 2923 3016 3042 3072 3145 3215 3295 3337 3387 3469 3518 3531 3560 3575 3632 3727 3750 3786 3866 3912 3960 3970 4037
64 94 133 168 251 317 375 394 397 490 533 543 613 653 672 706 743 770 833 836 925 1020 1108 1112 1166 1204 1264 1326 1335 1428 1515 1554 1641 1720 1731 1809 1815 1865 1885 1979 2075 2098 2158 2169 2258 2338 2358 2369 2390 2471 2547 2600 2600 2689 2787 2879 2909 2971 3045 3084 3087 3180 3243 3283 3344 3407 3447 3526 3593 3677 3712 3712 3754 3755 3790 3828 3862 3890 3938 4003 4097 4179 4274 4324 4395
4 46 56 101 108 121 198 209 283 314 372 470 483 581 672 752 755 828 923 941 997 1050 1059 1083 1084 1106 1122 1206 1236 1331 1382 1386 1400 1461 1558 1599 1620 1631 1678 1763 1809 1843 1883 1917 2015 2076 2155 2185 2211 2264 2272 2304 2357 2451 2506 2555 2558 2566 2603 2640 2699 2742 2767 2833 2914 2962 3023 3106 3188 3188 3222 3278 3283 3344 3435 3461 3482 3573 3588 3662 3719 3757 3777 3783
92 134 146 217 237 256 322 341 382 386 434 439 492 532 594 652 661 665 694 715 744 796 873 925 944 999 1078 1119 1203 1241 1313 1401 1404 1472 1498 1525 1549 1565 1660 1682 1760 1802 1810 1842 1902 1922 1946 2019 2071 2122 2154 2203 2287 2374 2397 2414 2475 2489 2553 2586 2665 2678 2746 2796 2849 2897 2951 2971 3042 3046 3129 3187 3197 3214 3214 3250 3265 3286 3312 3372 3467 3529 3586
84 101 199 211 251 306 331 402 423 424 489 559 639 687 737 798 829 833 871 912 975 984 1068 1098 1174 1192 1211 1223 1292 1348 1403 1426 1465 1525 1586 1673 1742 1784 1828 1838 1887 1974 2020 2116 2209 2230 2272 2296 2304 2348 2367 2409 2498 2579 2676 2690 2770 2821 2860 2940 3014 3104 3148 3207 3207 3239 3242 3294 3363 3456 3478 3478 3514 3580 3635 3663 3685 3728 3816 3840 3913 3916
94 111 128 198 207 280 334 418 473 565 638 721 763 767 792 824 915 982 1013 1032 1040 1110 1180 1227 1265 1271 1296 1316 1363 1421 1444 1515 1572 1631 1676 1727 1790 1834 1902 1970 2052 2117 2197 2256 2314 2322 2366 2412 2457 2514 2577 2640 2688 2747 2757 2781 2866 2892 2971 3059 3135 3162 3181 3212 3261 3282 3377 3411 3417 3486 3558 3598 3688 3767 3806 3878 3974 4000 4059 4104 4134
99 197 199 283 297 384 459 495 544 631 656 688 732 734 774 835 846 857 920 996 1094 1175 1194 1282 1353 1362 1376 1437 1466 1509 1593 1651 1687 1778 1827 1883 1973 1982 2048 2125 2215 2285 2322 2385 2416 2495 2544 2569 2570 2628 2647 2661 2757 2845 2858 2895 2934 3005 3017 3069 3158 3200 3201 3285 3351 3371 3419 3517 3574 3622 3663 3704 3733 3805 3870 3888 3908 3942 4029 4052
18 41 55 108 141 194 203 244 282 317 339 403 499 570 590 608 655 735 816 863 952 1005 1039 1046 1047 1107 1194 1236 1285 1304 1373 1458 1508 1523 1618 1642 1729 1739 1822 1877 1963 1988 2028 2118 2162 2186 2233 2243 2244 2336 2400 2430 2501 2545 2605 2605 2605 2626 2641 2717 2788 2846 2942 3028 3076 3140 3188 3244 3296 3359 3451 3530 3588 3677 3770 3794 3830 3887 3963
59 62 62 108 182 280 292 312 407 489 553 645 704 748 797 848 899 919 945 1031 1106 1130 1222 1302 1360 1447 1448 1495 1543 1631 1636 1716 1727 1816 1880 1889 1893 1967 1987 1987 2001 2064 2086 2087 2115 2152 2213 2217 2262 2290 2361 2422 2424 2438 2484 2558 2645 2714 2765 2860 2908 2931 3003 3027 3085 3144 3217 3290 3330 3342 3346 3412 3433 3449 3498 3551 3563 3591
37 43 130 133 134 191 247 284 328 412 420 476 531 601 607 680 716 767 810 876 908 997 1095 1129 1199 1274 1305 1378 1397 1397 1439 1444 1526 1620 1661 1688 1717 1812 1867 1889 1969 1977 1982 2045 2092 2131 2227 2308 2353 2443 2491 2517 2588 2633 2727 2800 2800 2864 2869 2898 2930 2952 2996 3059 3147 3240 3255 3303 3401 3432 3441 3447 3468 3493 3506 3567 3656
2 99 196 214 270 280 294 337 399 439 509 550 605 655 688 691 729 771 781 791 799 864 931 1003 1054 1083 1117 1118 1215 1230 1310 1368 1458 1536 1621 1670 1715 1724 1786 1806 1901 1944 2018 2036 2092 2114 2210 2287 2385 2439 2500 2573 2599 2697 2748 2780 2857 2878 2941 2971 3050 3088 3102 3160 3236 3243 3256 3258 3301 3371 3438 3534 3571 3578 3627 3653
58 79 171 187 278 376 417 495 520 583 604 688 757 845 901 988 989 1045 1057 1069 1130 1179 1240 1251 1266 1334 1413 1501 1510 1545 1606 1635 1669 1764 1815 1818 1853 1938 2023 2024 2086 2144 2203 2261 2278 2311 2399 2427 2506 2598 2680 2746 2830 2898 2916 3002 3014 3040 3052 3089 3159 3184 3276 3342 3388 3429 3487 3534 3620 3650 3686 3766 3850 3876 3885
4 50 99 143 216 235 249 345 433 450 471 553 560 629 639 673 675 689 762 790 840 880 880 947 1022 1055 1092 1139 1175 1191 1251 1320 1408 1427 1460 1475 1496 1501 1540 1621 1687 1752 1815 1877 1901 1911 1946 2025 2088 2157 2228 2293 2354 2396 2457 2538 2576 2577 2587 2668 2721 2791 2887 2889 2899 2927 3002 3007 3045 3052 3078 3104 3118 3189
49 122 184 218 279 315 345 440 451 465 518 583 642 715 724 769 819 829 919 963 986 1013 1096 1099 1162 1185 1252 1334 1421 1497 1560 1569 1596 1641 1657 1692 1693 1748 1773 1864 1938 2027 2078 2088 2166 2231 2312 2371 2429 2443 2525 2545 2614 2637 2680 2688 2769 2860 2877 2947 3025 3064 3133 3220 3262 3274 3326 3407 3413 3458 3554 3640 3688
18 72 125 173 220 291 360 385 469 498 558 573 603 653 693 705 748 820 913 915 996 1004 1055 1096 1114 1124 1159 1237 1310 1326 1372 1384 1416 1448 1513 1557 1620 1637 1674 1719 1741 1750 1768 1852 1897 1983 2015 2047 2061 2149 2212 2220 2249 2330 2409 2469 2488 2490 2526 2595 2664 2738 2806 2845 2922 2948 3043 3133 3152 3229 3288 3294
35 99 124 176 200 252 302 320 375 468 536 628 693 701 785 824 903 912 922 996 1015 1100 1188 1196 1207 1256 1333 1389 1467 1504 1569 1661 1703 1721 1722 1759 1846 1919 2014 2056 2081 2168 2257 2258 2293 2323 2335 2346 2418 2504 2573 2609 2678 2763 2837 2923 3014 3099 3132 3191 3255 3350 3367 3455 3526 3584 3631 3635 3643 3740 3745
73 165 204 289 310 350 364 408 415 495 557 564 608 634 666 695 736 830 924 988 1050 1111 1191 1207 1278 1339 1389 1442 1510 1532 1623 1667 1742 1776 1868 1873 1964 2010 2054 2151 2204 2298 2332 2336 2371 2424 2427 2514 2553 2555 2559 2617 2696 2708 2748 2840 2858 2916 2941 3030 3118 3143 3190 3212 3227 3263 3326 3400 3497 3569
32 53 128 147 218 243 335 412 413 436 476 480 495 584 648 666 708 724 727 745 836 848 919 990 1064 1136 1184 1278 1316 1328 1398 1401 1404 1406 1499 1561 1578 1595 1641 1722 1770 1810 1813 1815 1815 1829 1853 1892 1969 2056 2148 2156 2183 2243 2314 2389 2398 2469 2503 2518 2593 2608 2694 2772 2784 2839 2867 2913 2999
13 86 95 185 263 344 349 352 424 433 433 493 536 592 592 674 735 823 831 838 863 887 900 905 972 1043 1141 1174 1210 1302 1302 1366 1393 1393 1454 1548 1562 1589 1623 1663 1754 1772 1847 1872 1925 1981 2060 2138 2162 2234 2237 2282 2357 2427 2439 2470 2506 2602 2624 2685 2718 2719 2780 2788 2852 2945 2948 2996
55 144 162 165 244 340 349 378 401 454 495 504 544 558 609 633 730 748 793 819 893 975 1044 1059 1126 1184 1264 1312 1322 1398 1451 1514 1556 1572 1665 1714 1746 1781 1878 1926 2017 2023 2112 2152 2239 2296 2302 2367 2370 2383 2439 2476 2494 2585 2605 2638 2732 2805 2820 2907 2940 2949 3043 3115 3171 3216 3225
11 39 113 211 297 329 395 428 438 469 558 632 644 679 772 869 949 1036 1074 1085 1161 1168 1216 1247 1343 1431 1437 1502 1531 1540 1560 1582 1673 1703 1703 1736 1798 1851 1936 2032 2060 2075 2122 2153 2182 2255 2256 2287 2337 2425 2506 2544 2573 2601 2682 2688 2711 2726 2750 2818 2828 2871 2945 2945 3014 3098
45 119 144 240 254 266 340 410 419 420 424 457 525 552 556 567 594 653 749 769 839 865 949 984 1053 1112 1124 1168 1210 1226 1315 1340 1425 1485 1521 1561 1654 1670 1673 1688 1694 1767 1812 1870 1895 1960 2036 2065 2092 2181 2187 2260 2268 2352 2420 2478 2570 2627 2684 2707 2760 2817 2889 2955 3007
87 172 265 332 394 434 479 493 590 674 709 712 751 825 826 910 916 921 940 1025 1113 1149 1223 1318 1359 1444 1476 1510 1527 1538 1548 1564 1572 1654 1658 1733 1742 1821 1869 1923 2004 2079 2156 2182 2226 2300 2368 2411 2453 2518 2537 2624 2675 2697 2758 2781 2828 2891 2944 2954 2954 3020 3060 3060
40 100 148 197 221 313 402 498 588 679 716 731 819 846 906 1003 1094 1173 1242 1340 1435 1464 1543 1609 1681 1753 1758 1758 1776 1851 1878 1944 1997 2067 2111 2136 2222 2242 2268 2326 2377 2406 2407 2497 2590 2641 2726 2813 2824 2885 2889 2891 2945 2981 3053 3120 3191 3215 3255 3276 3372 3416 3439
34 117 207 245 274 357 430 521 523 572 579 665 732 815 856 899 901 909 957 1042 1113 1183 1271 1343 1355 1415 1460 1505 1593 1658 1711 1777 1837 1860 1875 1889 1979 1992 2029 2038 2074 2103 2168 2216 2276 2372 2433 2444 2519 2578 2675 2691 2775 2869 2878 2968 3001 3015 3103 3144 3158 3224
52 133 188 212 277 365 393 472 540 624 644 740 807 882 958 1036 1085 1140 1225 1319 1409 1438 1449 1537 1625 1652 1664 1730 1756 1841 1846 1895 1957 2030 2100 2197 2279 2294 2359 2457 2551 2560 2615 2627 2722 2810 2834 2918 2932 2956 3020 3025 3053 3147 3166 3188 3280 3343 3416 3426 3478
68 134 210 291 325 336 350 378 455 473 569 586 641 735 738 795 844 851 931 965 1016 1100 1140 1175 1190 1264 1339 1396 1462 1557 1654 1740 1750 1750 1766 1839 1876 1899 1902 1990 2086 2184 2192 2197 2281 2316 2364 2443 2489 2511 2550 2614 2668 2736 2748 2805 2834 2873 2909 2997
89 185 227 292 364 368 414 491 536 538 593 663 692 711 785 791 830 851 941 952 957 1027 1072 1099 1133 1217 1304 1364 1372 1443 1446 1514 1579 1624 1638 1688 1736 1811 1867 1872 1874 1963 1981 1982 2044 2127 2178 2211 2259 2301 2332 2358 2443 2487 2578 2598 2677 2725 2821
38 96 124 210 256 272 327 372 396 462 468 512 548 583 660 662 693 714 715 716 790 813 851 882 897 982 1016 1095 1105 1164 1186 1212 1307 1328 1388 1388 1435 1480 1570 1595 1684 1769 1853 1870 1896 1953 2049 2119 2152 2215 2283 2374 2463 2523 2616 2626 2720 2751
30 50 87 118 134 158 229 300 319 391 457 498 554 558 632 637 733 821 821 889 923 977 980 1059 1144 1154 1165 1206 1247 1293 1296 1383 1396 1433 1447 1479 1563 1659 1679 1697 1747 1786 1855 1934 1945 2035 2062 2115 2143 2230 2286 2333 2351 2390 2444 2542 2589
44 83 114 173 253 351 402 469 528 551 638 671 681 698 704 799 843 940 955 1009 1060 1076 1172 1229 1278 1342 1404 1427 1495 1522 1603 1647 1738 1789 1868 1941 1950 2011 2067 2137 2164 2185 2191 2200 2288 2348 2361 2458 2503 2566 2656 2693 2710 2744 2778 2837
17 82 145 220 269 348 370 436 501 594 615 669 758 852 918 1015 1102 1137 1215 1225 1245 1317 1369 1461 1464 1509 1543 1597 1670 1765 1765 1776 1819 1892 1976 2019 2065 2159 2211 2307 2389 2474 2548 2572 2611 2634 2718 2740 2743 2808 2892 2972 3016 3113 3182
14 106 106 161 210 276 310 371 452 545 617 663 707 788 862 897 918 989 1007 1050 1099 1132 1225 1272 1283 1321 1400 1484 1493 1561 1656 1704 1794 1890 1945 1993 2006 2009 2019 2040 2077 2116 2138 2190 2233 2272 2318 2386 2402 2472 2524 2536 2575 2584
75 96 127 198 223 247 282 334 392 394 447 455 464 556 634 681 681 698 741 804 852 941 990 1052 1108 1194 1252 1277 1301 1355 1413 1472 1528 1539 1583 1672 1686 1720 1763 1784 1874 1956 1981 2007 2038 2092 2124 2148 2155 2175 2236 2292 2344
32 53 106 180 237 258 349 387 414 426 466 515 573 586 675 709 737 798 852 875 948 975 1038 1102 1180 1185 1203 1256 1290 1340 1360 1369 1404 1466 1537 1627 1707 1781 1817 1891 1960 2012 2076 2166 2198 2289 2364 2408 2415 2486 2578 2585
95 172 212 234 235 306 377 459 460 523 586 647 686 713 751 769 861 944 978 1060 1066 1148 1153 1187 1229 1262 1324 1397 1449 1543 1582 1601 1699 1792 1878 1968 2003 2060 2147 2212 2306 2358 2365 2390 2463 2473 2507 2600 2666 2679 2747
83 129 177 271 329 357 445 520 547 579 586 637 689 762 846 886 915 999 1032 1062 1149 1173 1240 1318 1409 1454 1513 1611 1682 1687 1711 1745 1816 1899 1944 1968 2031 2098 2104 2151 2228 2228 2251 2300 2326 2367 2427 2477 2542 2578
18 35 96 127 180 197 216 263 328 358 389 436 508 543 556 652 666 712 781 850 877 897 967 1056 1066 1076 1154 1211 1238 1312 1314 1371 1445 1477 1495 1590 1642 1711 1749 1810 1877 1963 2036 2103 2117 2198 2242 2288 2331
71 92 171 265 314 338 363 442 515 587 602 688 767 780 785 800 814 827 854 858 952 1007 1057 1109 1196 1216 1288 1385 1481 1557 1637 1703 1769 1852 1928 1974 2066 2095 2104 2196 2231 2321 2357 2396 2440 2482 2497 2595
63 83 156 200 256 302 361 412 418 435 442 514 525 614 644 711 774 817 889 905 928 975 1007 1060 1112 1148 1231 1310 1360 1368 1382 1412 1450 1491 1507 1514 1547 1604 1626 1670 1752 1779 1825 1909 1974 2012 2022
75 126 136 155 190 212 224 293 310 352 392 440 443 539 540 547 609 665 757 823 845 852 860 914 972 982 1022 1023 1096 1107 1152 1173 1236 1312 1326 1420 1452 1528 1557 1634 1714 1792 1840 1900 1997 2084
80 166 258 355 374 450 465 540 631 686 752 797 864 881 959 965 974 1019 1074 1123 1132 1149 1183 1272 1347 1348 1441 1536 1568 1650 1703 1738 1815 1844 1914 2011 2094 2125 2136 2176 2245 2257 2345 2346 2384
75 110 128 226 279 300 332 400 438 498 564 566 631 680 769 853 864 915 979 979 1075 1159 1212 1281 1327 1356 1372 1450 1542 1633 1684 1692 1779 1855 1883 1937 2033 2109 2164 2254 2295 2327 2354 2380
82 167 179 199 276 349 356 378 411 489 509 596 671 759 783 807 859 948 979 1029 1035 1066 1087 1174 1188 1272 1273 1366 1415 1478 1575 1619 1667 1758 1835 1910 1957 2054 2060 2155 2221 2257 2270
66 70 73 169 255 281 325 355 418 429 453 547 632 658 713 729 745 757 826 841 862 904 907 964 972 994 1090 1103 1140 1154 1245 1252 1307 1363 1445 1521 1538 1577 1640 1643 1710 1729
80 136 139 177 223 228 249 270 327 353 444 475 573 654 654 688 732 819 860 930 955 992 1021 1105 1143 1156 1194 1291 1389 1448 1451 1534 1551 1571 1637 1678 1739 1768 1862 1960 1995
86 152 215 223 267 317 372 379 381 453 474 538 632 713 793 864 931 974 1065 1120 1191 1222 1313 1364 1375 1452 1464 1514 1528 1567 1570 1576 1633 1657 1727 1731 1824 1908 1993 2043
35 99 131 214 247 279 349 434 442 540 637 716 784 824 885 885 948 958 965 976 1017 1100 1122 1191 1209 1229 1301 1312 1353 1402 1468 1505 1579 1607 1661 1664 1729 1745 1754
79 94 138 214 281 319 352 402 472 494 499 570 658 710 789 874 898 947 1022 1091 1187 1240 1251 1316 1340 1361 1401 1424 1515 1576 1672 1763 1811 1885 1974 2044 2104 2136
42 87 157 196 275 307 379 428 524 575 637 681 768 817 892 953 1012 1104 1173 1254 1308 1367 1430 1484 1539 1586 1670 1757 1774 1784 1831 1887 1901 1971 1976 2053 2074
2 5 95 124 140 216 222 246 327 337 388 394 481 506 577 670 737 815 847 943 978 1055 1113 1193 1199 1263 1343 1367 1451 1525 1534 1621 1697 1760 1857 1948
9 62 108 134 158 169 240 323 348 386 406 459 496 545 590 636 688 703 706 711 770 863 893 958 1037 1113 1127 1140 1178 1265 1315 1338 1427 1503 1587
6 19 52 80 128 143 201 262 263 301 328 331 385 415 493 543 632 680 746 836 889 971 978 1062 1160 1212 1264 1350 1430 1490 1520 1572 1615 1689
81 168 244 246 275 317 391 424 440 511 598 631 679 710 713 754 810 820 847 900 956 976 996 1063 1146 1150 1194 1245 1335 1425 1522 1540 1542
74 141 203 289 305 390 450 515 597 638 698 698 792 878 965 1054 1145 1191 1279 1293 1322 1346 1365 1420 1479 1500 1530 1564 1611 1706 1739 1833
73 115 126 197 244 262 308 378 398 423 469 478 568 622 645 679 680 772 790 855 887 916 942 1027 1098 1129 1225 1258 1338 1374 1374
4 33 75 168 184 193 219 223 296 327 406 464 509 593 683 749 758 819 888 894 986 1041 1068 1156 1196 1211 1234 1319 1375 1435
90 167 182 226 259 350 401 485 520 547 612 634 692 692 768 817 871 893 969 1024 1026 1075 1149 1186 1265 1361 1396 1422 1487
69 137 198 198 212 283 366 366 388 393 459 505 598 680 738 781 788 855 919 991 1068 1116 1141 1179 1263 1349 1373 1395
22 50 50 98 147 180 251 332 369 424 491 544 578 580 634 662 732 741 804 838 888 966 990 1037 1042 1123 1197
47 123 127 199 258 275 300 388 471 536 546 632 655 719 814 892 913 925 986 1046 1068 1072 1145 1168 1221 1259
68 97 147 209 289 352 370 397 490 538 608 635 717 726 732 821 877 890 970 1062 1134 1191 1247 1322 1327
7 51 78 132 209 257 265 355 441 467 555 653 667 734 806 830 856 862 936 936 968 1038 1068 1093
66 151 158 169 174 207 284 329 348 427 484 559 591 674 709 806 825 916 929 960 964 991 1074
59 150 237 305 329 419 474 502 567 633 675 748 830 909 955 961 1055 1095 1180 1274 1282 1331
50 79 118 172 209 250 277 351 406 471 528 564 572 574 623 699 760 819 845 895 917
45 51 53 68 149 212 228 322 348 416 464 519 550 610 641 661 730 804 828 858
57 135 199 233 287 305 346 354 387 436 498 569 626 671 720 798 860 916 922
6 27 51 63 98 118 122 217 289 366 381 393 445 476 550 637 640 727
19 113 152 247 324 375 385 416 429 489 585 624 699 773 863 897 981
80 122 129 137 143 144 171 204 256 300 397 494 524 548 595 680
8 30 55 103 183 211 284 354 386 439 475 496 498 595 600
9 59 112 151 161 189 268 334 396 421 469 565 661 680
80 144 144 152 193 229 324 346 430 503 526 547 602
14 102 173 218 273 275 359 424 520 562 601 656
27 109 175 209 215 229 229 250 306 397 481
10 85 136 189 205 209 232 275 301 366
73 152 172 265 281 378 379 473 507
23 72 96 115 184 271 308 400
20 95 116 151 238 291 317
45 113 140 165 235 309
20 39 102 133 216
13 65 136 234
83 98 170
54 113
46
