64
91 116 139 161 180 251 303 358 448 487 574 619 685 734 756 766 839 858 911 969 975 1033 1056 1147 1204 1258 1282 1324 1351 1390 1487 1568 1625 1699 1760 1792 1823 1860 1916 2012 2109 2138 2208 2293 2350 2372 2402 2427 2485 2525 2537 2556 2605 2695 2752 2825 2876 2931 2993 3034 3089 3144 3153 3244
51 133 142 217 288 319 365 450 502 514 586 655 673 765 793 812 873 901 984 1064 1117 1156 1197 1199 1233 1239 1326 1396 1425 1451 1527 1592 1639 1737 1820 1885 1966 1968 2013 2043 2048 2056 2066 2085 2137 2155 2177 2226 2314 2361 2419 2473 2536 2578 2615 2670 2709 2797 2830 2831 2842 2886 2886
85 163 260 304 311 323 394 451 534 601 659 695 749 827 853 854 874 878 958 1016 1062 1097 1108 1203 1267 1324 1328 1396 1397 1466 1539 1599 1674 1713 1786 1865 1872 1895 1932 2008 2056 2066 2090 2127 2217 2237 2254 2294 2374 2403 2438 2478 2539 2573 2596 2645 2648 2687 2761 2857 2892 2976
50 75 87 167 210 223 289 372 436 512 583 645 738 770 815 828 891 891 920 968 1005 1101 1198 1231 1261 1278 1370 1463 1511 1565 1632 1677 1759 1805 1820 1838 1884 1889 1973 2046 2136 2153 2203 2220 2289 2366 2391 2488 2495 2518 2528 2529 2566 2618 2670 2687 2746 2746 2749 2837 2927
16 69 119 167 225 279 298 341 388 444 524 551 596 622 640 723 785 823 854 919 956 972 1062 1068 1137 1158 1236 1241 1325 1372 1428 1522 1606 1657 1665 1667 1750 1792 1810 1824 1892 1967 1971 2027 2113 2199 2276 2360 2368 2458 2531 2557 2611 2694 2770 2807 2848 2941 2960 2996
43 132 212 279 283 297 331 396 420 461 463 529 558 588 635 666 721 790 852 898 973 1054 1150 1198 1270 1368 1446 1494 1591 1649 1700 1791 1819 1858 1869 1914 1962 2050 2106 2141 2210 2270 2293 2319 2346 2354 2383 2459 2508 2564 2660 2720 2776 2785 2867 2929 2999 3090 3166
75 77 175 270 354 435 486 539 621 648 672 682 758 851 905 993 1031 1123 1212 1287 1380 1430 1505 1574 1619 1695 1763 1785 1857 1874 1918 1927 2000 2050 2147 2229 2326 2353 2383 2457 2513 2598 2659 2700 2731 2786 2812 2880 2956 3045 3101 3121 3169 3192 3198 3224 3262 3358
52 67 122 179 257 329 358 434 468 521 608 679 704 704 768 866 909 912 920 1012 1035 1122 1153 1171 1256 1265 1348 1368 1437 1508 1606 1620 1665 1733 1787 1817 1886 1913 1955 2002 2082 2137 2215 2225 2257 2269 2299 2380 2384 2445 2535 2569 2612 2648 2664 2677 2727
95 109 183 220 289 298 354 392 397 485 535 571 657 694 757 769 817 891 909 1003 1059 1151 1232 1310 1398 1432 1523 1552 1610 1675 1715 1736 1778 1802 1810 1835 1879 1952 2041 2050 2100 2153 2177 2220 2249 2312 2372 2467 2565 2607 2664 2669 2707 2727 2806 2904
68 131 190 259 320 360 364 428 451 519 541 639 717 732 743 783 825 832 869 876 966 1052 1059 1157 1242 1271 1345 1345 1363 1457 1547 1636 1726 1806 1821 1822 1833 1849 1890 1937 1955 2034 2040 2106 2122 2204 2259 2264 2292 2376 2435 2519 2584 2681 2690
84 178 224 224 286 305 334 399 477 536 588 614 622 652 748 771 801 822 878 909 996 1052 1098 1186 1264 1327 1419 1468 1551 1557 1567 1569 1578 1600 1681 1727 1751 1774 1824 1912 1996 2079 2102 2139 2158 2162 2166 2219 2288 2319 2391 2446 2512 2575
96 109 138 153 163 210 267 296 351 412 443 516 611 625 689 759 772 850 878 963 970 1052 1066 1140 1224 1297 1318 1376 1447 1466 1521 1578 1623 1687 1710 1766 1853 1929 1938 1943 2034 2127 2132 2195 2212 2298 2305 2365 2453 2543 2565 2659 2746
80 95 140 142 200 236 259 330 378 429 447 475 488 514 585 629 676 760 827 922 962 1042 1059 1107 1139 1162 1217 1290 1300 1379 1427 1453 1482 1574 1652 1700 1717 1781 1835 1894 1946 2044 2126 2127 2191 2288 2345 2422 2474 2551 2560 2628
76 81 147 210 211 244 317 403 461 471 565 615 631 698 793 825 915 966 1055 1150 1176 1268 1322 1366 1423 1516 1529 1579 1649 1679 1757 1787 1800 1822 1878 1888 1919 1920 2011 2077 2171 2189 2283 2345 2357 2359 2436 2523 2582 2620 2697
14 64 133 219 276 341 411 463 464 528 558 646 670 765 835 872 878 921 961 1011 1085 1094 1100 1112 1148 1217 1225 1289 1357 1390 1457 1530 1545 1628 1644 1645 1707 1804 1881 1979 2018 2096 2109 2117 2133 2136 2227 2297 2336 2378
9 55 148 173 248 274 290 320 364 419 470 527 597 641 718 794 858 929 933 1027 1090 1172 1219 1265 1325 1391 1483 1531 1551 1581 1653 1672 1684 1718 1748 1752 1773 1794 1815 1830 1846 1856 1888 1903 1988 2055 2103 2163 2256
37 84 118 190 233 308 388 389 441 506 584 667 760 801 846 852 882 891 929 964 1055 1093 1125 1200 1246 1279 1299 1337 1363 1409 1459 1492 1582 1664 1691 1738 1770 1822 1906 1917 1932 1993 2069 2083 2136 2185 2265 2354
12 94 151 162 206 235 308 331 373 468 491 548 564 628 676 729 818 835 854 879 887 959 998 1009 1068 1105 1164 1199 1204 1277 1344 1352 1364 1382 1405 1437 1528 1555 1570 1571 1604 1686 1691 1757 1797 1862 1901
75 121 203 293 336 376 382 397 470 524 588 665 733 793 858 892 947 973 983 1016 1100 1158 1195 1214 1221 1239 1319 1405 1491 1503 1585 1675 1740 1776 1812 1865 1897 1903 1996 2059 2073 2097 2138 2155 2189 2225
44 134 207 214 286 306 354 430 465 494 571 623 720 739 773 828 854 911 948 1039 1087 1146 1168 1260 1306 1330 1422 1479 1565 1660 1709 1768 1772 1806 1854 1920 1962 2008 2009 2096 2167 2242 2242 2293 2354
90 114 115 189 266 320 326 346 435 472 569 619 635 658 752 790 859 883 951 959 1003 1017 1095 1172 1188 1205 1249 1312 1383 1391 1477 1502 1522 1589 1677 1753 1827 1849 1879 1948 2009 2012 2039 2100
47 108 152 213 240 309 316 409 494 547 621 678 738 807 814 820 836 917 1012 1072 1137 1210 1282 1338 1391 1486 1561 1599 1627 1665 1761 1768 1775 1784 1851 1890 1978 2070 2102 2174 2180 2272 2315
85 135 158 203 264 353 402 472 533 549 595 606 615 622 698 712 799 872 932 963 1051 1120 1139 1226 1301 1316 1411 1418 1440 1481 1489 1527 1610 1698 1744 1785 1852 1914 1997 2061 2108 2203
86 159 257 266 279 353 357 377 457 522 598 692 780 868 870 964 1043 1051 1145 1152 1172 1240 1240 1253 1351 1431 1461 1544 1550 1638 1693 1756 1848 1887 1953 1973 1973 2019 2111 2131 2142
43 59 85 147 157 220 275 316 333 349 356 454 456 458 551 592 656 687 776 859 873 920 933 996 1092 1114 1199 1278 1357 1440 1506 1565 1580 1602 1694 1725 1780 1816 1872 1945
29 110 136 194 260 336 377 405 405 426 426 459 532 537 608 696 739 785 818 859 938 965 1045 1074 1121 1202 1207 1239 1321 1332 1425 1494 1537 1597 1633 1695 1747 1784 1875
13 15 38 57 72 128 161 162 220 304 398 474 494 512 607 626 647 656 712 772 823 836 840 935 951 1024 1113 1205 1223 1228 1245 1270 1313 1314 1346 1383 1420 1431
57 153 211 251 342 354 354 373 454 531 566 649 723 763 785 812 864 890 987 1026 1110 1145 1229 1261 1331 1377 1444 1474 1491 1517 1572 1620 1645 1735 1807 1840 1876
24 33 102 106 186 248 308 350 359 379 440 455 535 630 704 731 817 878 976 1052 1055 1083 1118 1134 1178 1249 1284 1292 1339 1420 1518 1614 1687 1711 1725 1823
90 187 226 258 276 350 364 436 530 618 633 705 760 762 792 824 894 959 1030 1070 1103 1139 1140 1236 1302 1361 1444 1458 1475 1543 1603 1629 1631 1659 1689
93 93 146 190 217 250 302 314 362 398 399 412 469 531 548 551 623 642 686 715 721 801 882 922 926 1010 1024 1094 1161 1204 1244 1295 1337 1410
81 147 152 248 306 329 383 388 389 476 572 599 614 616 684 697 734 804 874 933 953 983 1034 1034 1108 1177 1204 1285 1300 1330 1401 1443 1464
59 111 133 208 226 287 310 405 466 481 526 618 670 724 733 740 768 816 820 859 888 899 963 980 1020 1050 1064 1096 1102 1145 1237 1322
55 92 169 239 311 325 361 381 476 572 604 679 725 752 841 930 999 1018 1070 1076 1093 1107 1172 1222 1246 1270 1345 1412 1436 1528 1626
38 89 139 206 212 285 309 384 442 455 505 544 632 716 774 788 855 872 955 1030 1110 1195 1255 1331 1363 1388 1465 1495 1589 1630
25 38 119 121 124 156 196 213 292 346 389 482 491 539 592 669 759 794 867 922 986 1064 1085 1122 1145 1199 1268 1272 1355
81 163 186 203 280 352 372 402 443 474 482 523 594 644 724 745 826 913 961 999 1081 1162 1189 1196 1199 1281 1359 1405
41 52 131 183 248 248 294 314 332 343 421 507 512 543 606 644 657 665 737 799 889 897 921 1007 1079 1097 1134
80 102 118 152 199 257 314 348 368 419 425 516 574 615 658 669 721 783 874 880 951 995 1078 1109 1137 1200
26 70 162 172 224 269 337 381 451 479 493 514 565 572 616 662 728 782 805 849 915 923 948 1037 1096
69 86 103 103 176 211 232 279 336 424 501 505 579 665 677 769 770 776 797 883 977 979 1067 1102
40 121 123 142 163 190 190 268 362 383 452 472 550 575 597 678 700 774 821 858 863 927 932
26 26 83 120 122 180 274 325 391 447 516 592 682 742 744 779 867 903 904 926 983 1067
58 112 142 146 170 241 303 380 438 471 477 558 627 660 741 754 798 841 854 883 979
18 34 129 143 217 246 302 348 426 497 585 601 648 739 820 902 992 1031 1120 1162
45 115 129 149 204 264 301 395 401 422 509 555 608 684 741 792 825 859 884
20 51 117 165 172 227 291 330 396 424 495 499 516 535 588 658 713 749
19 86 100 116 152 225 294 294 296 328 350 408 442 465 520 571 667
79 135 211 251 322 388 478 493 528 528 598 683 721 817 908 985
98 185 270 271 307 399 455 522 593 652 683 742 782 838 936
63 117 130 167 176 261 304 374 438 501 535 584 675 686
36 59 75 158 184 242 295 331 343 353 448 526 540
69 104 178 180 196 206 217 265 265 323 416 445
45 114 137 221 260 356 447 480 495 547 588
63 80 107 147 243 269 324 348 408 430
81 118 160 190 223 267 320 383 455
21 49 120 140 154 188 247 268
95 121 157 211 253 300 373
58 85 171 228 291 321
97 173 191 235 331
54 125 129 174
57 89 184
20 20
59
