52
15 67 96 124 192 208 283 289 378 433 464 529 597 609 680 729 774 796 871 941 974 987 988 1011 1056 1084 1106 1109 1156 1203 1214 1312 1354 1378 1460 1468 1506 1573 1636 1679 1764 1774 1804 1888 1936 1942 2003 2039 2113 2185 2231 2281
60 86 97 172 214 249 345 433 477 522 555 623 704 779 847 927 988 1052 1146 1157 1163 1212 1226 1259 1346 1416 1507 1559 1612 1690 1745 1831 1916 1946 2009 2063 2080 2133 2150 2164 2172 2247 2287 2315 2341 2437 2530 2534 2575 2649 2692
66 119 156 221 258 345 426 430 489 554 608 650 697 780 872 906 907 921 941 983 1047 1104 1172 1196 1269 1324 1347 1368 1423 1437 1497 1586 1624 1638 1722 1749 1793 1872 1889 1931 2023 2106 2164 2262 2285 2341 2415 2425 2455 2519
20 116 166 205 251 336 413 446 484 560 598 649 734 758 786 848 897 899 921 951 1000 1062 1121 1185 1283 1363 1387 1428 1466 1551 1581 1662 1743 1805 1805 1845 1877 1914 1994 2002 2074 2119 2193 2252 2260 2310 2319 2374 2410
50 113 155 203 234 269 317 345 347 433 446 483 552 610 675 760 837 903 982 1024 1122 1220 1232 1236 1304 1312 1389 1468 1544 1569 1602 1697 1787 1866 1918 1998 2021 2093 2151 2198 2233 2299 2375 2403 2478 2525 2623 2680
47 70 79 171 269 286 349 404 453 462 541 597 620 712 733 760 767 775 804 814 836 928 934 940 952 992 1067 1125 1151 1247 1298 1363 1389 1455 1472 1568 1645 1737 1798 1896 1948 2011 2086 2169 2189 2189 2219
75 111 113 192 288 312 399 481 576 600 610 695 771 828 910 981 1013 1049 1063 1089 1150 1233 1290 1382 1434 1528 1610 1618 1627 1629 1636 1689 1720 1798 1841 1884 1980 2009 2034 2102 2161 2185 2278 2294 2319 2329
51 51 72 128 133 224 318 390 400 428 507 567 665 718 792 811 858 928 965 1056 1086 1176 1243 1294 1337 1362 1445 1467 1505 1517 1564 1601 1621 1675 1719 1742 1743 1748 1843 1857 1883 1905 1996 2083 2150
26 44 72 95 140 214 306 392 424 481 493 543 639 646 732 738 791 870 871 948 989 1049 1082 1166 1257 1322 1405 1454 1467 1516 1594 1657 1726 1804 1899 1910 1934 2012 2070 2124 2134 2148 2191 2218
18 24 72 158 209 265 336 424 475 554 599 660 671 674 741 839 862 918 1008 1094 1159 1245 1341 1399 1437 1465 1491 1493 1493 1577 1661 1689 1690 1704 1799 1885 1941 1951 1981 2065 2121 2170 2244
58 113 211 271 334 395 460 501 556 586 659 675 760 765 816 906 923 937 946 1031 1108 1156 1161 1236 1276 1325 1393 1460 1532 1547 1620 1714 1738 1793 1835 1901 1904 1924 1999 2008 2020 2033
66 116 199 223 242 250 259 355 381 389 461 503 505 602 698 746 802 881 909 980 1076 1118 1148 1221 1243 1245 1296 1369 1401 1433 1453 1548 1634 1636 1652 1733 1785 1876 1886 1915 1985
20 102 154 227 254 289 291 387 465 467 519 533 545 614 620 642 730 744 827 856 862 927 1024 1081 1163 1182 1227 1247 1263 1335 1360 1436 1531 1577 1607 1643 1732 1779 1874 1883
81 96 164 228 282 337 419 442 501 566 662 666 751 807 877 972 990 1086 1155 1187 1200 1272 1304 1375 1402 1481 1496 1549 1620 1673 1723 1731 1743 1803 1820 1857 1942 1967 2040
3 59 114 154 200 287 308 311 326 364 395 487 541 617 624 659 742 752 815 843 878 896 990 1011 1018 1030 1032 1110 1174 1251 1288 1361 1393 1425 1430 1459 1547 1632
12 27 54 139 210 248 337 395 490 540 574 623 679 753 791 824 857 951 966 992 1070 1085 1114 1172 1242 1264 1350 1396 1402 1463 1474 1489 1489 1551 1591 1601 1642
11 106 175 255 284 326 387 472 517 582 661 713 806 845 853 948 1024 1082 1105 1132 1216 1250 1320 1340 1359 1397 1463 1543 1577 1634 1706 1740 1742 1814 1894 1918
59 84 155 208 222 291 372 430 506 588 612 650 747 774 794 827 893 931 1012 1099 1169 1217 1311 1385 1441 1524 1565 1583 1670 1739 1761 1770 1828 1925 1940
29 70 117 139 217 251 297 344 398 493 549 608 640 644 705 776 790 856 917 930 946 1033 1048 1144 1174 1202 1283 1365 1409 1492 1560 1592 1647 1716
43 83 145 238 264 326 396 467 483 493 585 655 719 757 835 877 920 1009 1076 1096 1145 1171 1252 1320 1369 1381 1439 1462 1508 1588 1639 1667 1714
41 124 137 155 216 298 312 333 334 338 409 409 497 530 547 557 615 626 707 783 810 863 899 962 980 981 983 1018 1037 1041 1068 1166
81 114 201 211 259 318 408 443 463 539 587 610 650 653 749 773 779 830 864 951 958 958 1003 1062 1129 1174 1250 1284 1306 1376 1441
82 163 190 238 331 363 402 462 527 541 586 661 741 760 841 911 1002 1087 1101 1175 1243 1325 1373 1463 1483 1570 1653 1693 1736 1803
85 109 139 161 164 221 271 307 343 404 472 560 625 687 708 771 808 818 888 894 943 976 979 1057 1150 1207 1280 1346 1380
19 77 127 174 240 260 303 323 335 397 487 518 534 582 595 608 661 747 762 771 844 904 936 961 1034 1102 1134 1142
11 108 155 190 264 331 398 433 477 557 597 654 699 708 741 821 855 909 918 1004 1032 1051 1081 1088 1092 1106 1200
34 130 175 259 291 389 404 441 485 486 548 577 672 761 841 911 932 957 1021 1037 1050 1059 1141 1204 1213 1310
55 128 143 170 193 272 359 396 401 493 572 631 728 826 870 900 927 980 1026 1049 1090 1143 1176 1225 1227
97 123 140 217 237 257 266 291 309 395 448 481 515 540 601 620 638 672 683 742 798 838 864 907
70 148 194 224 286 326 380 469 510 603 623 653 733 818 862 925 972 1022 1098 1132 1195 1197 1269
54 88 141 199 265 358 412 497 588 603 658 705 762 796 809 820 913 943 998 1061 1137 1148
93 111 206 257 261 340 400 433 530 537 611 633 700 786 815 868 904 947 994 1029 1038
98 183 246 284 307 384 431 460 537 538 569 618 700 750 783 800 822 918 984 998
37 78 152 229 300 306 342 397 462 545 632 680 733 754 759 791 819 819 909
1 78 114 138 222 242 285 289 321 377 452 502 576 642 657 748 803 870
1 6 8 63 133 171 220 273 289 361 387 387 404 469 494 555 614
31 83 134 229 312 376 388 458 483 505 542 588 670 715 732 795
80 169 215 288 348 412 437 509 546 622 666 749 833 872 885
94 143 167 195 217 218 315 322 329 423 449 473 563 631
64 108 202 242 294 307 364 403 417 492 530 564 625
6 55 129 170 171 184 226 323 362 396 491 584
44 100 122 195 228 322 399 399 460 498 523
48 104 185 254 346 346 354 406 487 542
61 129 136 212 247 274 363 370 412
19 96 102 139 165 240 250 256
48 61 121 207 243 295 313
6 58 123 197 219 264
57 65 126 134 216
77 103 186 226
87 137 159
55 119
14
