36
19 38 54 115 194 207 254 343 368 445 480 487 541 541 574 628 705 753 813 862 934 1008 1090 1176 1225 1251 1315 1412 1461 1465 1539 1545 1627 1711 1734 1765
3 27 39 105 159 232 247 258 324 341 349 418 455 517 532 532 621 629 700 718 751 754 819 862 879 896 971 977 984 1038 1080 1154 1222 1254 1271
49 51 75 81 142 236 267 328 372 417 474 512 603 629 672 743 823 860 925 997 1089 1101 1132 1163 1236 1270 1350 1351 1444 1482 1510 1561 1603 1618
62 144 158 198 209 275 301 329 357 386 396 400 492 508 549 593 632 711 746 793 873 886 951 1030 1125 1190 1244 1335 1382 1480 1548 1560 1565
64 151 181 234 332 406 493 544 574 574 641 643 686 757 768 802 834 849 907 939 1030 1074 1101 1123 1179 1258 1292 1342 1384 1437 1521 1577
16 72 81 177 201 257 349 435 466 529 605 659 738 792 854 900 917 955 958 1048 1084 1164 1197 1258 1293 1346 1436 1472 1532 1569 1663
7 57 114 159 168 177 228 315 397 467 531 553 617 672 753 848 903 975 1045 1104 1194 1203 1262 1288 1291 1304 1321 1329 1368 1399
65 142 164 193 277 307 402 420 463 550 618 651 676 686 769 862 917 1000 1024 1106 1143 1174 1178 1252 1322 1331 1348 1395 1469
56 82 107 200 237 299 357 447 521 615 625 655 731 789 837 862 932 1026 1044 1129 1196 1199 1275 1295 1335 1372 1458 1473
55 117 161 246 270 367 381 469 523 589 681 773 788 866 906 922 940 990 1084 1092 1149 1167 1210 1304 1365 1387 1419
65 97 127 131 134 138 217 270 341 368 459 521 546 623 684 716 777 783 838 900 917 956 985 1082 1154 1196
7 93 104 156 254 326 397 468 525 601 655 732 825 899 911 912 989 1024 1109 1140 1193 1216 1246 1270 1335
29 85 127 190 220 299 322 368 429 501 596 631 701 706 756 781 834 930 991 1007 1059 1106 1204 1265
94 161 166 203 264 353 422 507 589 656 660 664 672 720 736 798 871 900 925 943 985 1069 1145
81 160 229 246 286 364 437 439 518 610 679 748 839 927 1018 1084 1110 1182 1276 1343 1429 1526
57 117 127 158 196 234 249 302 395 478 575 672 691 766 810 901 954 964 973 1061 1070
59 135 227 274 328 358 395 484 537 571 584 625 644 722 756 823 834 915 930 999
27 118 166 171 212 303 382 382 427 482 514 517 598 639 648 674 676 754 768
14 64 114 126 127 201 295 378 469 556 613 698 712 792 798 865 955 1045
30 102 195 247 308 377 462 484 499 516 572 665 749 786 823 842 867
2 93 123 141 218 316 402 466 536 620 664 686 771 825 896 986
52 120 216 222 270 365 397 411 459 486 527 622 662 704 800
34 67 98 114 156 164 247 342 353 375 376 413 467 502
80 82 172 215 235 301 398 406 491 529 567 643 731
73 167 217 234 319 350 357 449 528 621 683 731
78 167 207 245 248 303 346 406 480 510 529
7 79 161 248 262 296 366 392 437 480
99 190 252 315 378 449 460 551 589
33 44 107 182 251 287 291 296
33 36 89 183 184 222 267
42 64 112 203 284 349
65 92 148 236 321
82 139 159 241
46 117 214
93 151
31
