92
81 175 176 253 268 285 352 368 385 469 561 659 711 737 815 838 918 1014 1032 1124 1220 1260 1306 1347 1352 1406 1493 1495 1564 1584 1585 1617 1667 1673 1686 1703 1751 1849 1900 1957 2029 2112 2159 2192 2276 2296 2343 2427 2519 2556 2630 2722 2783 2864 2954 3033 3064 3129 3153 3186 3270 3310 3377 3457 3526 3549 3589 3686 3700 3731 3759 3831 3875 3904 3971 4021 4054 4112 4116 4151 4243 4292 4384 4465 4519 4595 4655 4742 4762 4836 4848 4927
61 123 206 224 239 326 366 381 467 537 549 646 741 752 815 911 954 1034 1034 1124 1130 1175 1186 1203 1268 1296 1317 1356 1382 1476 1563 1658 1665 1690 1696 1742 1792 1878 1909 2004 2078 2143 2168 2211 2283 2347 2350 2384 2479 2504 2601 2643 2676 2759 2784 2867 2889 2925 2975 3054 3141 3223 3277 3335 3407 3472 3475 3517 3541 3590 3679 3759 3779 3844 3941 4030 4036 4106 4122 4173 4174 4199 4266 4317 4383 4455 4547 4633 4712 4806 4839
27 54 99 168 232 269 284 330 383 449 506 557 597 694 709 779 867 878 936 1028 1085 1094 1108 1196 1246 1325 1388 1417 1470 1507 1508 1572 1638 1692 1725 1775 1810 1825 1830 1855 1855 1950 1987 2000 2057 2078 2133 2226 2293 2380 2383 2462 2545 2546 2565 2618 2665 2695 2751 2762 2794 2814 2855 2905 2968 3027 3073 3150 3162 3217 3280 3311 3383 3394 3456 3485 3530 3564 3588 3615 3638 3658 3686 3772 3853 3946 4011 4071 4089 4151
99 170 263 352 357 361 411 429 460 545 602 646 657 728 762 858 909 924 959 978 1036 1075 1098 1175 1177 1253 1282 1321 1397 1413 1424 1425 1508 1513 1543 1589 1663 1712 1742 1834 1913 1984 2042 2139 2209 2265 2287 2310 2382 2424 2503 2590 2680 2687 2696 2708 2749 2827 2846 2866 2936 2977 3027 3087 3138 3204 3261 3281 3313 3331 3412 3440 3472 3563 3586 3654 3713 3721 3761 3806 3846 3892 3946 4034 4082 4101 4193 4253 4262
77 146 204 266 327 353 388 477 544 555 631 685 739 789 841 915 975 1053 1097 1186 1247 1317 1415 1429 1447 1504 1510 1569 1640 1699 1745 1761 1778 1803 1812 1878 1891 1896 1900 1933 2012 2061 2077 2092 2099 2158 2238 2278 2331 2409 2456 2531 2586 2649 2655 2658 2669 2677 2734 2779 2850 2914 2988 3006 3009 3052 3109 3200 3243 3266 3299 3360 3397 3449 3521 3607 3646 3646 3657 3669 3674 3768 3798 3821 3863 3903 3979 4040
37 82 174 201 235 272 307 327 423 435 464 509 517 605 677 682 710 734 749 786 806 841 867 881 887 909 993 1032 1113 1208 1305 1394 1456 1491 1491 1510 1594 1671 1674 1746 1771 1806 1884 1914 1984 2066 2120 2157 2161 2245 2293 2325 2355 2359 2452 2473 2484 2562 2596 2619 2661 2758 2807 2843 2864 2924 3022 3060 3117 3172 3208 3279 3346 3386 3387 3432 3438 3495 3589 3667 3741 3822 3831 3865 3922 3933 3995
55 88 90 130 206 211 294 382 479 482 512 556 647 742 760 841 903 970 1047 1066 1155 1253 1290 1388 1389 1399 1483 1550 1648 1649 1687 1757 1839 1880 1932 2024 2115 2170 2233 2292 2307 2361 2430 2456 2544 2596 2674 2738 2775 2799 2818 2912 2968 3007 3026 3077 3094 3131 3210 3244 3329 3397 3433 3470 3490 3558 3572 3593 3656 3748 3768 3859 3935 4020 4050 4116 4150 4240 4266 4362 4395 4493 4550 4572 4609 4640
71 95 185 229 310 355 400 476 504 570 597 600 689 775 856 881 888 888 908 970 1055 1079 1106 1188 1207 1283 1319 1332 1340 1370 1389 1475 1506 1577 1606 1685 1707 1786 1813 1866 1876 1925 1939 2034 2040 2125 2155 2220 2270 2348 2374 2387 2417 2508 2574 2583 2670 2754 2830 2873 2882 2965 3050 3077 3090 3123 3213 3261 3316 3360 3438 3471 3520 3575 3610 3666 3678 3727 3819 3862 3909 3920 3945 3969 4047
97 144 204 242 328 363 394 412 490 511 592 690 724 802 819 877 961 1003 1064 1148 1193 1285 1335 1411 1452 1502 1593 1660 1722 1815 1854 1922 2020 2080 2115 2158 2189 2224 2296 2313 2362 2364 2455 2500 2581 2623 2635 2667 2745 2803 2896 2924 2983 3019 3028 3119 3180 3259 3314 3367 3452 3507 3571 3633 3726 3820 3865 3916 3969 4021 4046 4055 4115 4119 4123 4202 4271 4347 4364 4459 4497 4560 4652 4713
26 87 104 175 219 273 361 379 392 473 538 577 589 625 634 714 785 788 794 812 826 924 1003 1004 1076 1103 1178 1270 1283 1375 1408 1447 1500 1511 1533 1585 1642 1685 1739 1784 1849 1934 1998 2001 2018 2083 2137 2158 2245 2299 2390 2479 2522 2578 2663 2743 2798 2881 2973 3060 3139 3214 3311 3400 3436 3510 3538 3627 3631 3647 3672 3765 3810 3845 3890 3971 3980 4044 4061 4096 4186 4207 4225
95 116 157 254 315 377 460 489 555 613 652 729 738 794 883 886 951 971 1007 1090 1181 1223 1261 1311 1330 1349 1356 1401 1460 1511 1572 1649 1670 1720 1739 1745 1803 1826 1838 1848 1885 1982 1992 2067 2136 2213 2252 2321 2399 2475 2540 2561 2601 2629 2683 2766 2852 2866 2932 3027 3125 3151 3234 3261 3344 3412 3457 3461 3519 3572 3669 3684 3714 3796 3804 3805 3817 3864 3916 3928 3982 4062
61 98 110 168 255 258 331 428 442 475 506 559 599 679 693 742 821 918 938 989 1011 1095 1192 1222 1273 1348 1400 1497 1506 1579 1614 1685 1762 1805 1857 1933 2022 2052 2147 2153 2167 2201 2207 2267 2298 2307 2376 2474 2547 2549 2622 2624 2633 2654 2667 2763 2819 2848 2923 2968 2998 3055 3144 3167 3234 3292 3368 3374 3433 3479 3564 3572 3603 3683 3730 3786 3794 3839 3866 3926 4004
42 63 132 159 241 314 382 415 513 553 645 733 759 765 809 890 901 973 1031 1070 1159 1160 1170 1197 1264 1310 1344 1404 1485 1571 1581 1622 1670 1709 1719 1817 1906 2000 2066 2157 2191 2264 2290 2293 2293 2388 2467 2528 2568 2571 2598 2622 2681 2701 2751 2808 2905 2977 3047 3079 3148 3217 3272 3279 3346 3416 3474 3562 3581 3598 3646 3684 3777 3857 3871 3906 3966 4056 4060 4111
94 191 282 335 350 393 396 472 555 614 643 653 672 692 735 749 799 835 871 879 889 892 896 970 1014 1046 1057 1057 1104 1148 1180 1272 1299 1361 1374 1383 1455 1547 1622 1658 1706 1724 1780 1811 1811 1815 1868 1871 1929 1954 1999 2015 2073 2107 2167 2168 2229 2304 2360 2413 2474 2508 2516 2535 2543 2614 2655 2683 2691 2705 2715 2797 2818 2849 2931 3006 3047 3053 3150
7 69 165 245 266 290 306 380 392 424 451 525 528 588 645 658 721 734 807 814 900 960 1030 1114 1177 1221 1272 1297 1369 1401 1438 1462 1518 1562 1650 1663 1736 1754 1831 1873 1876 1926 2001 2071 2168 2229 2265 2328 2385 2409 2496 2522 2537 2561 2613 2622 2641 2708 2709 2789 2887 2909 2937 2953 3034 3124 3128 3129 3203 3222 3287 3378 3441 3464 3547 3585 3626 3671
11 18 45 84 89 89 171 224 293 323 409 457 536 572 647 662 693 782 789 794 815 901 971 1033 1083 1167 1246 1308 1390 1444 1519 1566 1607 1635 1730 1790 1878 1890 1902 1965 2018 2044 2048 2106 2162 2219 2291 2371 2392 2486 2541 2634 2722 2820 2875 2914 2940 2959 2995 3086 3162 3240 3334 3397 3417 3462 3545 3546 3622 3655 3724 3752 3807 3819 3820 3891 3961
2 8 52 146 163 207 280 308 357 426 432 439 463 475 520 565 619 658 709 759 769 778 862 934 951 1018 1097 1152 1188 1197 1276 1311 1312 1351 1440 1511 1587 1679 1753 1785 1817 1818 1890 1919 1988 2075 2138 2171 2187 2281 2305 2369 2379 2465 2506 2563 2564 2634 2646 2692 2773 2824 2902 2936 3016 3097 3162 3252 3280 3289 3320 3386 3414 3495 3510 3560
53 89 187 252 323 418 476 486 551 579 594 675 682 764 840 889 956 1010 1083 1109 1154 1245 1317 1330 1389 1396 1485 1552 1555 1650 1710 1762 1771 1800 1812 1841 1865 1887 1973 2034 2068 2107 2162 2229 2272 2332 2416 2422 2465 2500 2579 2614 2699 2770 2845 2869 2962 3051 3058 3101 3105 3173 3177 3212 3219 3253 3326 3418 3471 3471 3474 3490 3495 3522 3544
11 109 114 120 198 293 306 329 394 470 542 640 670 756 819 866 940 1006 1084 1177 1201 1250 1268 1331 1419 1445 1450 1508 1595 1596 1688 1772 1847 1899 1963 2036 2088 2132 2229 2266 2353 2430 2522 2545 2604 2636 2663 2746 2761 2767 2809 2849 2914 2989 3028 3098 3126 3221 3278 3346 3363 3445 3480 3502 3505 3567 3601 3673 3706 3752 3755 3821 3865 3895
77 167 227 281 358 359 447 473 506 519 543 599 659 750 837 933 958 959 1022 1064 1111 1134 1135 1206 1261 1316 1365 1453 1488 1552 1604 1669 1683 1686 1690 1705 1714 1804 1892 1906 1970 2008 2100 2197 2233 2271 2292 2341 2364 2452 2462 2471 2497 2582 2635 2645 2663 2691 2744 2840 2936 3028 3126 3219 3262 3282 3367 3375 3388 3445 3532 3571 3669
7 88 130 147 170 222 280 293 314 374 415 473 488 501 592 649 708 724 751 842 865 909 920 970 1032 1052 1114 1189 1201 1223 1279 1325 1388 1411 1474 1529 1604 1679 1691 1693 1742 1784 1823 1853 1882 1890 1902 1958 2033 2065 2138 2155 2192 2210 2210 2277 2286 2329 2371 2454 2527 2533 2541 2602 2618 2691 2762 2858 2888 2945 3028 3075
81 84 115 142 196 228 282 326 388 405 465 530 556 580 605 678 776 791 834 852 926 947 962 1009 1040 1050 1060 1142 1175 1213 1243 1293 1376 1388 1470 1495 1518 1576 1660 1758 1824 1833 1884 1915 2002 2041 2077 2169 2197 2213 2214 2270 2325 2349 2435 2491 2524 2553 2611 2666 2705 2734 2829 2889 2974 3036 3128 3132 3214 3240 3293
42 135 203 243 244 278 287 355 452 508 557 635 709 772 814 830 912 918 972 1000 1051 1063 1075 1081 1153 1228 1295 1389 1424 1508 1558 1651 1694 1701 1778 1836 1898 1980 2031 2070 2079 2080 2120 2199 2243 2300 2374 2454 2523 2619 2647 2713 2718 2742 2785 2854 2885 2982 3044 3103 3194 3288 3303 3331 3352 3382 3419 3487 3582 3643
57 109 202 236 271 310 345 352 444 485 496 501 515 569 613 672 719 802 826 885 889 975 1014 1098 1176 1234 1274 1321 1397 1468 1548 1556 1646 1738 1799 1894 1895 1920 1933 2020 2059 2103 2143 2240 2337 2347 2347 2358 2382 2409 2498 2523 2595 2609 2652 2687 2755 2827 2836 2837 2877 2973 3066 3135 3219 3254 3330 3409 3438
44 84 170 199 219 263 356 445 524 618 695 739 802 813 834 904 918 982 1020 1106 1150 1236 1327 1424 1438 1446 1448 1494 1528 1571 1609 1642 1673 1749 1750 1799 1881 1934 2009 2027 2078 2128 2200 2248 2289 2307 2335 2354 2444 2505 2599 2604 2633 2710 2791 2833 2859 2950 3020 3074 3105 3120 3206 3250 3312 3389 3424 3483
31 77 162 198 240 325 340 393 485 572 663 727 810 898 914 983 1051 1084 1176 1259 1324 1338 1389 1446 1494 1588 1685 1705 1748 1846 1850 1937 1986 2031 2054 2071 2077 2093 2128 2170 2205 2250 2264 2335 2403 2499 2519 2613 2700 2752 2755 2814 2820 2856 2883 2961 3058 3086 3090 3129 3145 3233 3264 3302 3306 3331 3379
58 88 140 212 286 356 415 473 505 559 595 631 701 798 875 928 952 1003 1023 1115 1126 1197 1208 1303 1401 1457 1551 1604 1689 1736 1739 1817 1890 1927 1931 2004 2083 2166 2216 2259 2314 2397 2449 2453 2509 2601 2606 2647 2705 2745 2767 2818 2839 2886 2968 2994 3017 3091 3153 3162 3236 3254 3298 3392 3398 3481
77 175 234 278 359 411 483 516 602 670 754 804 875 901 962 1009 1105 1120 1165 1252 1285 1290 1343 1359 1390 1442 1466 1501 1564 1598 1615 1674 1746 1759 1846 1855 1920 1945 1983 2000 2080 2167 2227 2260 2321 2345 2401 2480 2575 2581 2675 2715 2810 2812 2868 2926 2964 3009 3034 3038 3055 3147 3234 3323 3414
94 103 116 176 236 268 346 412 441 497 588 599 613 698 777 842 896 945 981 1034 1081 1100 1117 1137 1197 1234 1248 1260 1288 1313 1348 1378 1405 1446 1529 1598 1616 1663 1664 1745 1812 1836 1889 1985 2016 2033 2058 2109 2111 2172 2260 2296 2323 2373 2410 2416 2491 2585 2625 2626 2681 2735 2823 2905
9 81 107 156 172 180 276 330 417 497 536 582 651 689 715 811 909 967 967 984 1077 1158 1162 1189 1270 1274 1314 1398 1450 1476 1555 1591 1632 1697 1729 1823 1854 1907 1926 1936 2021 2040 2086 2119 2206 2265 2293 2332 2336 2372 2423 2444 2493 2557 2588 2595 2672 2714 2770 2780 2831 2841 2910
81 122 173 251 305 307 355 402 476 540 541 600 676 773 785 796 808 892 955 969 984 1048 1121 1192 1258 1330 1389 1405 1474 1521 1521 1577 1674 1704 1740 1766 1786 1810 1888 1891 1958 1994 2056 2106 2150 2223 2272 2361 2411 2432 2513 2553 2572 2636 2643 2654 2681 2765 2839 2871 2877 2969
10 79 149 191 287 308 340 394 444 480 486 511 522 593 643 692 737 749 830 830 833 899 990 1024 1106 1173 1178 1217 1298 1298 1302 1305 1379 1457 1531 1550 1629 1719 1794 1800 1894 1929 1934 1996 2021 2081 2136 2153 2153 2215 2248 2266 2276 2291 2336 2355 2394 2488 2498 2573 2619
97 194 241 296 376 460 472 479 530 615 671 733 753 828 918 973 1012 1078 1107 1139 1195 1222 1304 1365 1457 1494 1517 1558 1642 1695 1733 1738 1829 1900 1959 1988 1999 2071 2152 2223 2321 2363 2400 2426 2474 2500 2557 2583 2600 2640 2734 2815 2861 2944 2952 3036 3122 3193 3204 3275
56 98 180 247 277 328 358 358 396 404 502 537 554 625 667 747 757 817 843 873 955 1030 1117 1128 1147 1166 1185 1265 1341 1438 1441 1477 1544 1623 1697 1708 1756 1767 1776 1867 1933 1986 2029 2065 2137 2186 2210 2253 2280 2361 2427 2462 2475 2496 2531 2539 2632 2678 2728
20 38 51 134 197 209 273 360 450 511 584 589 639 672 743 748 828 845 939 1034 1087 1146 1232 1287 1364 1431 1505 1534 1610 1636 1713 1759 1805 1860 1923 2017 2020 2033 2130 2135 2167 2240 2248 2336 2379 2389 2412 2491 2541 2626 2704 2732 2802 2805 2878 2959 3028 3117
76 93 138 143 161 220 296 314 352 389 413 446 514 534 561 631 660 747 805 809 870 947 1041 1041 1053 1105 1182 1262 1296 1338 1431 1441 1454 1461 1527 1581 1655 1707 1804 1819 1896 1967 1991 2057 2127 2163 2210 2234 2234 2326 2335 2390 2430 2445 2484 2546 2604
58 136 192 248 293 294 334 359 425 437 470 516 612 681 726 790 808 824 865 955 1017 1049 1135 1164 1210 1237 1276 1286 1304 1380 1443 1469 1563 1564 1591 1618 1626 1647 1724 1815 1838 1912 1944 1974 2048 2070 2160 2193 2248 2284 2306 2320 2342 2433 2434 2506
59 128 193 208 231 308 381 451 523 614 636 666 719 767 772 815 878 948 1025 1049 1123 1184 1199 1259 1280 1325 1330 1352 1397 1408 1497 1530 1623 1636 1713 1713 1788 1866 1921 2014 2072 2093 2101 2145 2165 2219 2306 2363 2395 2436 2469 2486 2584 2643 2710
73 88 112 136 229 299 344 405 466 544 597 651 656 686 777 823 868 948 1028 1111 1158 1207 1287 1364 1420 1455 1496 1586 1683 1739 1803 1887 1930 2024 2098 2143 2146 2195 2218 2226 2280 2375 2391 2400 2465 2516 2516 2589 2609 2635 2719 2800 2812 2908
41 48 59 93 148 231 283 347 442 525 614 688 710 779 802 840 882 889 944 1034 1074 1160 1177 1188 1246 1295 1357 1399 1468 1539 1550 1575 1592 1689 1725 1782 1869 1943 2007 2059 2102 2168 2247 2280 2293 2325 2347 2352 2424 2446 2500 2568 2660
72 160 251 343 411 471 505 594 649 658 665 735 788 886 971 1033 1094 1105 1162 1231 1252 1279 1284 1300 1302 1368 1397 1457 1552 1641 1729 1787 1863 1874 1961 1962 1971 2022 2088 2116 2185 2256 2281 2308 2368 2377 2438 2465 2543 2612 2639 2650
21 110 195 216 299 318 413 431 491 535 611 656 709 715 716 771 807 826 891 975 1060 1119 1189 1278 1370 1393 1479 1529 1622 1635 1651 1721 1740 1815 1843 1883 1901 1940 1941 1975 2005 2055 2067 2151 2237 2332 2372 2469 2566 2659 2671
82 91 124 167 196 202 248 271 296 302 312 402 430 487 527 574 583 655 739 789 855 859 944 980 1008 1102 1199 1225 1265 1290 1342 1394 1459 1540 1584 1638 1730 1772 1803 1893 1955 2008 2035 2061 2094 2154 2235 2251 2331 2391
7 65 110 174 248 296 345 376 404 491 561 599 618 705 707 781 827 849 942 968 1042 1113 1210 1218 1247 1255 1265 1303 1350 1416 1450 1470 1526 1576 1649 1730 1818 1829 1874 1957 2054 2121 2168 2204 2270 2352 2431 2431 2517
77 101 170 192 194 281 351 427 454 503 586 619 709 779 805 886 944 970 975 1023 1065 1096 1170 1188 1198 1296 1301 1310 1364 1375 1472 1485 1541 1582 1646 1711 1794 1806 1889 1914 2001 2021 2095 2175 2213 2224 2315 2341
27 74 145 163 182 230 289 380 453 480 494 507 594 619 667 734 741 818 908 952 1024 1093 1113 1143 1147 1203 1276 1353 1375 1471 1531 1561 1568 1624 1628 1638 1718 1776 1806 1828 1856 1862 1881 1972 1992 2072 2133
88 175 213 223 268 355 438 524 567 662 731 757 815 825 919 930 962 1023 1067 1073 1155 1179 1222 1233 1243 1290 1370 1429 1431 1483 1534 1617 1628 1692 1789 1861 1958 1963 2060 2088 2099 2194 2234 2297 2303 2335
93 150 216 275 345 412 455 462 472 533 583 601 668 724 772 816 850 947 1017 1029 1036 1044 1129 1190 1269 1288 1367 1410 1433 1437 1484 1561 1659 1707 1771 1854 1923 1985 2029 2072 2156 2232 2269 2305 2362
19 103 115 166 182 278 295 375 408 440 493 508 578 666 754 795 838 897 991 1034 1097 1152 1175 1223 1271 1357 1366 1381 1464 1525 1531 1541 1579 1589 1623 1667 1755 1769 1841 1855 1903 1915 1949 1964
31 109 200 292 359 423 512 593 614 677 754 836 906 922 962 1034 1080 1087 1128 1186 1277 1346 1395 1471 1472 1521 1603 1670 1709 1754 1773 1783 1858 1942 1963 2009 2054 2086 2115 2200 2272 2283 2336
24 77 103 132 182 241 302 366 374 412 468 520 553 621 642 703 782 855 953 1034 1090 1112 1150 1204 1247 1277 1355 1395 1448 1450 1468 1539 1627 1637 1694 1724 1787 1844 1847 1857 1892 1916
11 11 33 79 126 156 211 218 304 360 387 405 474 552 645 702 769 778 781 811 909 966 1040 1075 1173 1229 1277 1281 1292 1312 1400 1480 1497 1503 1576 1595 1638 1661 1734 1810 1879
34 54 100 104 196 280 330 339 417 490 500 567 613 658 668 749 828 889 889 947 991 1078 1096 1107 1154 1191 1201 1219 1298 1384 1388 1443 1509 1563 1587 1650 1651 1723 1737 1794
55 85 115 148 235 272 370 459 491 574 652 670 717 743 780 853 907 993 1066 1147 1197 1213 1310 1407 1473 1545 1549 1619 1638 1720 1760 1780 1780 1833 1848 1850 1885 1944 1994
50 54 72 84 140 234 300 320 350 374 392 490 529 625 680 727 727 732 768 839 877 950 969 971 1016 1053 1104 1124 1202 1256 1346 1444 1480 1526 1613 1613 1653 1722
46 78 133 140 186 200 290 377 451 481 489 499 528 574 657 753 804 863 895 945 997 1035 1096 1114 1199 1260 1332 1399 1438 1519 1550 1608 1680 1706 1775 1792 1804
73 108 110 119 124 144 215 275 360 376 410 432 488 511 590 594 688 738 750 819 859 884 923 962 992 1078 1141 1166 1204 1246 1269 1343 1414 1484 1512 1581
16 91 131 188 263 305 343 392 412 423 450 528 577 612 639 673 695 707 794 870 920 983 1070 1125 1212 1298 1356 1373 1410 1496 1559 1598 1688 1751 1773
71 113 178 247 267 329 363 416 486 582 593 658 709 785 877 879 944 1028 1044 1096 1183 1262 1327 1339 1383 1415 1489 1505 1575 1620 1642 1727 1799 1842
88 92 185 266 342 419 513 581 644 684 744 804 882 910 946 952 1042 1123 1140 1142 1228 1261 1342 1392 1411 1412 1502 1577 1608 1666 1723 1792 1800
21 23 79 149 229 317 341 417 490 561 575 600 673 717 742 777 789 799 827 831 863 939 964 968 1011 1106 1168 1190 1215 1256 1305 1325
8 55 109 204 302 312 376 410 501 571 629 664 669 737 823 916 1005 1012 1028 1051 1127 1128 1148 1158 1238 1295 1368 1439 1472 1534 1576
16 84 89 114 190 221 262 282 295 334 345 349 408 454 461 528 533 600 618 626 716 809 854 889 900 955 971 1029 1030 1116
80 125 207 218 239 240 326 362 445 504 592 653 675 719 813 896 976 1056 1062 1072 1098 1128 1131 1201 1225 1229 1313 1335 1420
53 134 183 257 344 352 406 422 424 467 496 559 639 672 692 694 747 829 889 920 993 1024 1116 1202 1294 1297 1351 1422
94 94 139 188 263 294 340 393 426 498 525 603 634 649 736 762 783 799 880 902 998 1013 1091 1115 1143 1155 1250
25 116 197 247 295 304 327 421 488 518 531 591 629 709 765 830 904 978 993 1037 1077 1127 1130 1152 1177 1193
31 36 81 140 214 227 268 273 346 371 401 485 504 559 625 631 668 701 780 844 878 895 930 936 938
98 195 267 322 352 378 424 435 493 496 514 557 601 605 702 765 767 787 879 929 946 994 1067 1131
68 111 161 241 279 346 424 506 604 612 637 672 674 687 784 872 892 920 1007 1047 1050 1107 1124
81 145 186 225 299 379 463 553 648 674 697 737 802 896 947 982 994 1058 1065 1146 1243 1284
44 115 157 191 263 351 435 442 457 554 558 614 651 715 760 815 837 935 1018 1045 1076
72 126 186 221 221 310 375 424 473 569 633 680 730 825 923 932 1005 1095 1181 1243
54 109 189 266 307 322 385 459 481 507 558 560 572 583 603 645 725 790 825
16 85 166 260 287 290 311 385 419 448 517 598 654 742 750 750 799 879
34 65 99 171 240 279 371 440 535 604 667 739 769 834 836 855 856
66 126 206 242 321 386 463 495 536 565 653 731 764 826 849 894
98 154 197 202 289 370 451 518 526 593 645 673 679 710 716
97 118 205 225 234 327 370 446 527 547 627 648 679 744
52 100 192 204 280 293 364 420 488 510 587 638 729
83 129 197 245 321 333 347 379 421 469 522 550
18 40 128 212 255 333 366 434 500 516 544
98 142 198 260 337 337 416 436 480 491
21 44 61 72 154 157 238 290 306
57 60 83 136 157 244 335 414
38 128 153 203 218 313 399
91 174 226 281 302 347
9 77 107 205 230
22 68 129 225
41 59 118
74 128
72
