64
73 138 219 262 349 389 455 517 557 635 713 807 885 906 998 1075 1144 1225 1308 1330 1364 1437 1438 1450 1489 1576 1639 1732 1758 1793 1889 1952 1966 2033 2093 2139 2205 2229 2229 2303 2351 2443 2484 2513 2574 2620 2709 2710 2804 2831 2866 2954 3020 3079 3113 3129 3129 3179 3241 3330 3347 3409 3422 3471
78 99 142 216 270 298 322 384 461 534 542 601 635 706 782 847 891 949 1023 1093 1119 1172 1249 1320 1370 1387 1421 1432 1528 1555 1652 1736 1768 1856 1864 1937 2026 2041 2071 2100 2107 2174 2178 2263 2338 2368 2402 2415 2486 2568 2618 2711 2720 2755 2829 2862 2862 2891 2919 3003 3061 3088 3117
13 33 56 132 179 212 288 295 376 456 466 468 529 619 708 746 836 840 932 992 1032 1070 1088 1147 1209 1242 1255 1295 1393 1408 1409 1487 1573 1627 1686 1706 1766 1832 1878 1916 1956 1974 1993 2014 2020 2025 2074 2132 2190 2231 2297 2346 2402 2459 2505 2571 2608 2613 2692 2707 2805 2808
12 30 101 121 137 193 230 321 406 415 447 457 457 485 578 639 682 747 831 887 950 954 1000 1028 1031 1057 1094 1133 1158 1198 1289 1366 1430 1446 1484 1557 1653 1699 1759 1796 1890 1986 2080 2100 2136 2173 2236 2267 2311 2336 2380 2469 2500 2564 2635 2673 2677 2744 2799 2838 2866
54 95 116 211 245 314 361 450 455 528 574 580 659 734 815 817 823 829 833 888 888 914 971 1069 1084 1136 1233 1331 1345 1438 1509 1560 1596 1668 1700 1775 1810 1867 1905 1973 2059 2135 2226 2313 2340 2370 2371 2422 2465 2543 2634 2648 2696 2722 2767 2849 2934 3008 3041 3113
88 151 229 273 294 363 399 411 488 490 509 596 692 724 787 827 839 863 920 948 950 1043 1072 1165 1194 1243 1257 1337 1392 1468 1566 1610 1616 1698 1774 1814 1899 1975 2052 2096 2112 2125 2162 2252 2339 2400 2473 2473 2570 2603 2603 2656 2738 2762 2833 2834 2928 2938 3029
76 124 184 252 318 401 484 534 589 640 735 756 801 803 814 821 823 880 924 982 1020 1072 1112 1162 1200 1234 1236 1332 1410 1503 1535 1616 1652 1689 1771 1809 1837 1870 1873 1931 2021 2112 2199 2257 2281 2365 2388 2406 2437 2488 2507 2579 2638 2670 2712 2716 2791 2839
21 25 27 104 155 214 228 268 333 358 408 472 563 592 623 646 722 820 846 855 944 974 1047 1107 1192 1288 1291 1387 1425 1449 1493 1562 1592 1608 1690 1774 1782 1851 1896 1918 2003 2070 2159 2241 2247 2311 2359 2370 2410 2484 2509 2527 2585 2659 2665 2689 2691
32 74 74 117 167 173 256 297 371 433 493 550 581 633 727 809 839 876 964 977 1016 1112 1178 1200 1239 1276 1326 1409 1466 1560 1588 1672 1768 1852 1943 2020 2111 2118 2145 2169 2216 2238 2279 2337 2371 2410 2430 2483 2575 2592 2676 2764 2862 2877 2926 2946
72 78 121 154 205 288 294 306 345 418 439 513 542 619 698 705 725 800 860 942 981 1076 1078 1130 1192 1282 1347 1369 1428 1452 1515 1606 1674 1686 1714 1798 1806 1813 1849 1868 1891 1976 2009 2081 2096 2131 2205 2284 2286 2356 2406 2418 2498 2593 2687
98 162 211 235 240 250 285 345 402 450 521 557 577 620 699 746 749 787 818 886 908 983 1061 1142 1230 1252 1340 1380 1414 1478 1575 1670 1734 1784 1808 1860 1903 1914 1952 1994 2088 2143 2177 2272 2309 2358 2361 2370 2388 2480 2536 2601 2684 2692
92 120 164 201 247 301 352 419 463 517 604 692 768 802 852 949 959 1010 1050 1102 1183 1210 1246 1337 1397 1441 1518 1538 1578 1639 1664 1745 1788 1868 1878 1898 1992 2008 2077 2116 2179 2243 2302 2374 2377 2434 2485 2558 2569 2651 2740 2766 2800
54 87 92 116 135 192 264 362 447 472 507 592 649 663 728 748 791 798 799 864 928 964 982 1018 1116 1193 1208 1294 1369 1369 1449 1491 1582 1632 1726 1772 1820 1909 1934 2013 2084 2154 2235 2292 2312 2352 2446 2487 2538 2629 2674 2721
44 72 131 171 210 282 351 416 433 518 567 661 716 734 775 838 929 995 1070 1134 1175 1232 1240 1320 1399 1434 1479 1491 1545 1605 1642 1729 1764 1773 1828 1845 1896 1981 2040 2103 2142 2164 2244 2256 2312 2391 2485 2486 2543 2583 2628
72 91 184 250 308 399 402 484 505 565 623 637 690 710 721 809 809 816 896 972 1048 1072 1114 1163 1213 1215 1299 1376 1438 1438 1460 1532 1585 1610 1703 1791 1875 1935 1941 2029 2120 2198 2240 2324 2415 2442 2464 2521 2579 2652
26 110 198 295 336 386 484 581 674 759 801 822 905 925 1020 1095 1179 1252 1283 1321 1389 1458 1538 1548 1624 1652 1689 1719 1814 1902 1996 2013 2013 2033 2099 2134 2203 2301 2383 2429 2505 2589 2602 2670 2724 2799 2817 2901 2998
92 150 172 244 296 375 431 465 562 568 620 661 687 735 736 829 918 978 1034 1075 1110 1170 1215 1227 1240 1277 1314 1337 1381 1457 1519 1597 1686 1696 1750 1810 1899 1913 1926 1926 1944 1946 2007 2034 2071 2161 2241 2247
76 84 113 139 160 184 274 361 442 498 568 607 660 720 736 815 895 908 937 968 1017 1062 1137 1203 1288 1298 1370 1451 1465 1493 1507 1549 1575 1602 1671 1726 1762 1765 1839 1842 1913 1915 1972 1983 2038 2129 2178
64 117 197 278 325 351 419 453 488 555 558 605 697 762 763 817 840 906 930 969 988 1074 1131 1216 1277 1313 1399 1430 1435 1457 1488 1552 1555 1622 1632 1730 1759 1797 1807 1884 1905 1910 1944 2041 2049 2075
84 133 204 295 382 426 494 591 675 688 770 774 780 857 906 953 1021 1079 1155 1208 1289 1302 1355 1373 1409 1498 1538 1545 1588 1666 1701 1752 1839 1886 1912 1982 2071 2113 2123 2141 2155 2191 2282 2351 2395
26 56 102 133 159 237 252 312 314 376 403 446 496 523 583 639 731 768 785 841 930 961 1002 1089 1123 1138 1156 1170 1207 1229 1234 1298 1346 1437 1495 1575 1634 1640 1667 1763 1854 1904 1951 2015
42 62 81 160 248 290 312 378 395 435 448 474 543 552 641 719 811 832 882 902 975 1016 1059 1072 1118 1188 1225 1249 1302 1378 1457 1522 1558 1626 1637 1644 1709 1743 1831 1864 1931 1950 2021
30 75 153 199 245 320 359 378 424 493 535 618 674 748 835 898 959 967 1026 1075 1122 1128 1158 1192 1208 1274 1329 1387 1389 1462 1502 1572 1580 1583 1655 1678 1761 1817 1859 1955 2014 2067
19 99 174 197 285 382 393 416 487 490 536 557 630 692 758 837 850 945 999 1065 1151 1187 1244 1277 1370 1447 1538 1542 1545 1587 1651 1739 1791 1851 1921 1993 2003 2003 2064 2072 2123
11 42 89 166 202 208 253 319 406 412 485 535 601 659 729 739 827 837 918 920 1000 1050 1136 1222 1293 1365 1365 1462 1470 1554 1580 1670 1729 1735 1783 1808 1880 1942 1989 2029
42 50 70 103 136 207 208 253 312 320 370 400 416 505 510 536 618 669 745 756 782 816 899 946 1009 1019 1100 1116 1172 1225 1240 1254 1341 1384 1410 1456 1533 1582 1636
84 96 187 255 345 364 402 450 478 562 568 641 652 684 736 768 801 857 871 876 930 977 1053 1080 1110 1189 1221 1232 1242 1257 1279 1287 1353 1444 1445 1535 1626 1662
38 105 120 210 283 339 413 489 553 628 650 744 772 843 897 972 987 997 1086 1175 1203 1292 1344 1374 1380 1463 1561 1625 1635 1705 1758 1840 1853 1914 1980 2015 2040
90 177 259 335 394 438 493 585 616 657 700 736 770 820 833 850 923 937 1017 1020 1075 1117 1136 1165 1220 1225 1272 1346 1421 1444 1518 1582 1615 1657 1700 1786
80 173 212 293 326 374 399 492 510 543 613 636 708 751 849 849 888 905 972 972 1061 1145 1234 1252 1254 1335 1423 1455 1500 1541 1565 1634 1709 1730 1796
10 28 46 114 136 163 178 276 277 367 464 546 611 612 617 658 658 676 714 757 776 854 857 934 934 1011 1109 1171 1258 1294 1330 1410 1427 1456
4 93 137 210 244 303 346 379 423 432 487 537 583 677 718 795 820 831 875 967 969 1032 1110 1193 1227 1293 1382 1478 1489 1537 1622 1626 1689
80 144 162 250 287 360 456 515 536 543 591 632 637 708 714 725 793 831 906 963 1052 1060 1072 1153 1174 1179 1218 1289 1345 1373 1449 1523
99 170 235 270 305 357 436 465 501 546 644 691 759 828 865 935 1000 1032 1039 1044 1068 1132 1136 1215 1292 1340 1431 1439 1452 1542 1620
13 94 134 204 293 374 447 520 569 613 688 742 824 830 880 978 1067 1085 1131 1146 1186 1239 1300 1304 1382 1441 1461 1492 1561 1609
59 97 165 199 228 258 284 311 375 446 469 476 567 580 607 667 732 751 815 836 914 985 1003 1089 1132 1182 1221 1287 1293
79 141 159 205 286 327 360 441 533 612 651 738 794 860 915 985 1008 1024 1118 1213 1235 1331 1366 1379 1474 1526 1582 1671
78 106 171 243 247 300 394 400 430 472 500 523 576 621 633 674 689 692 786 856 931 977 1069 1129 1156 1254 1351
21 77 96 114 130 149 173 269 343 368 436 510 532 535 620 661 726 775 851 911 968 996 1058 1062 1100 1111
75 141 155 207 303 318 372 438 488 532 601 604 619 693 740 743 835 912 926 942 942 1005 1011 1081 1166
22 22 92 181 209 212 228 242 282 322 335 355 420 472 559 596 630 663 719 816 898 911 959 1032
44 80 161 184 245 269 319 364 415 485 504 540 631 709 732 773 841 903 921 932 933 970 998
34 40 64 64 142 219 297 315 328 362 440 450 450 521 604 673 758 789 792 838 899 981
63 75 165 189 224 301 320 363 379 419 467 468 564 619 691 778 812 828 901 934 995
10 96 98 133 190 191 254 320 338 375 442 481 494 546 547 596 691 696 783 862
29 83 166 199 240 245 257 310 403 484 531 575 653 700 733 744 830 868 940
65 65 107 187 259 356 437 453 482 556 596 597 600 637 719 754 810 877
12 36 132 179 197 202 219 241 297 315 343 424 433 436 469 522 586
33 50 137 227 235 267 280 282 302 348 413 432 498 519 564 597
66 73 95 118 171 177 212 309 389 479 489 570 592 638 677
7 7 15 65 114 152 206 213 290 346 400 453 469 472
18 101 126 180 193 202 202 268 339 351 414 432 515
86 171 192 202 214 284 321 384 386 476 564 583
48 113 205 261 350 429 526 591 676 724 800
27 73 81 118 127 171 228 324 402 474
8 17 81 105 182 247 335 337 339
65 156 180 252 332 396 407 485
22 48 99 175 267 310 328
69 149 196 215 304 362
32 111 205 228 313
27 79 161 234
62 98 188
68 92
18
