32
8 46 62 91 105 176 255 261 302 334 345 396 444 454 546 572 634 673 689 705 712 768 783 844 848 873 929 935 941 1015 1053 1123
78 80 132 212 283 358 420 500 517 524 607 635 712 724 806 827 924 953 966 1025 1092 1120 1193 1268 1327 1393 1413 1456 1511 1541 1585
92 92 112 112 177 203 211 223 233 300 334 403 451 466 545 568 610 644 704 757 835 917 1006 1102 1184 1248 1318 1370 1371 1434
34 73 131 191 195 198 226 243 262 305 321 326 377 410 413 476 554 636 682 765 835 926 1011 1102 1200 1291 1336 1342 1397
73 162 241 246 279 295 390 414 440 487 570 643 693 697 785 840 895 912 930 1016 1026 1097 1103 1165 1170 1196 1226 1248
33 45 61 61 90 140 195 272 277 372 457 466 523 559 619 659 750 812 837 841 882 933 1012 1101 1122 1163 1168
94 182 263 296 329 394 407 480 517 600 661 693 782 791 805 866 912 918 960 1037 1037 1040 1106 1173 1184 1204
98 137 218 223 285 317 397 461 526 555 576 588 653 660 725 753 785 838 932 1002 1070 1167 1251 1253 1302
65 108 196 270 285 339 376 461 549 618 642 670 758 762 837 866 911 986 1048 1118 1203 1241 1310 1320
59 108 194 239 256 289 289 360 407 476 503 532 547 614 681 759 772 836 846 860 879 879 962
56 61 66 146 159 194 265 306 378 458 481 505 516 604 660 731 792 838 922 988 1044 1104
45 46 117 213 305 372 452 469 532 607 669 699 718 721 781 800 837 931 967 1019 1112
28 49 77 158 174 179 260 270 298 367 458 497 548 645 667 751 825 897 917 969
59 62 98 140 175 242 293 363 372 419 424 473 479 489 489 582 633 653 721
72 78 140 236 300 357 379 442 525 602 623 641 722 783 846 884 891 947
74 167 228 306 396 458 544 589 590 604 643 659 721 742 747 811 828
12 104 180 225 225 266 363 401 444 468 504 568 616 669 686 686
56 120 143 226 274 285 287 288 314 334 408 427 474 531 571
97 110 164 252 253 350 368 396 420 495 511 566 629 703
34 75 127 213 303 386 462 544 582 585 683 723 724
11 25 79 163 206 258 290 332 427 486 514 598
34 93 134 183 197 247 268 273 296 320 412
10 34 91 173 267 317 385 393 398 426
5 51 102 153 169 212 216 237 259
57 78 125 136 152 227 256 303
89 129 157 245 266 315 344
45 105 120 135 207 233
16 72 152 174 204
20 25 93 145
13 42 84
16 95
33
