40
50 111 154 234 293 355 414 470 509 510 529 621 652 716 807 863 939 991 1030 1055 1073 1152 1208 1252 1301 1390 1448 1524 1560 1569 1637 1735 1764 1841 1892 1910 1987 2073 2113 2168
3 77 172 232 328 406 475 495 528 558 637 647 700 771 853 917 998 1068 1129 1134 1223 1273 1371 1381 1411 1473 1528 1581 1621 1680 1719 1727 1807 1881 1941 1983 2063 2122 2200
92 152 171 199 244 257 314 340 368 455 544 605 620 715 755 801 857 914 990 1046 1106 1109 1194 1212 1217 1292 1364 1444 1459 1481 1541 1573 1578 1607 1683 1772 1862 1957
18 45 135 222 287 363 383 470 530 585 667 717 788 851 935 942 958 1054 1112 1138 1174 1203 1233 1281 1365 1370 1387 1434 1489 1567 1645 1728 1802 1888 1913 1948 1961
37 45 126 157 187 242 326 329 425 466 543 593 650 654 752 780 873 883 950 1027 1054 1059 1115 1121 1141 1149 1194 1195 1257 1284 1302 1347 1429 1462 1541 1565
30 94 162 178 263 281 307 337 374 471 473 481 544 590 663 696 787 854 886 961 1008 1062 1095 1111 1187 1202 1258 1326 1386 1414 1482 1541 1617 1635 1680
58 125 202 247 298 334 353 425 458 503 509 551 644 693 721 805 812 814 878 962 1046 1052 1078 1087 1177 1207 1300 1316 1316 1370 1421 1512 1583 1672
51 65 117 128 196 280 339 388 415 453 500 511 540 600 642 680 737 756 776 864 889 954 969 1025 1028 1106 1162 1162 1180 1201 1295 1307 1347
96 113 194 260 307 343 343 361 369 398 444 480 515 535 552 572 614 693 715 806 856 894 911 913 1006 1095 1109 1201 1278 1343 1439 1462
40 119 142 202 205 217 241 302 383 404 488 523 549 621 630 647 690 760 822 855 880 938 1036 1045 1130 1134 1189 1265 1309 1324 1346
48 120 139 210 223 249 281 348 356 430 480 495 532 610 644 739 819 914 960 985 1061 1143 1212 1307 1317 1377 1427 1470 1555 1590
75 147 179 195 257 281 296 325 361 437 522 608 703 788 860 935 966 1031 1047 1107 1114 1200 1270 1320 1379 1392 1460 1472 1501
54 119 216 287 330 399 467 549 584 658 716 782 793 883 886 962 965 1057 1090 1178 1197 1199 1276 1373 1454 1539 1630 1648
66 83 99 184 209 286 306 335 372 395 409 409 428 452 544 598 639 729 819 882 916 989 992 1023 1086 1172 1247
15 19 33 37 63 137 197 230 245 297 305 320 386 455 481 504 584 633 650 697 732 777 804 808 882 887
13 83 158 176 268 333 427 435 506 525 592 666 741 748 801 895 959 999 1002 1061 1148 1197 1236 1295 1324
71 107 115 128 207 276 277 303 357 394 404 415 459 487 491 584 585 603 611 620 690 779 842 919
79 130 172 257 287 324 366 423 466 550 579 611 649 710 777 833 842 873 947 954 1043 1091 1157
39 90 141 165 247 281 337 372 468 521 544 601 672 759 840 889 910 995 998 1012 1052 1138
7 17 80 104 170 228 247 315 351 378 465 469 509 595 684 780 815 859 954 974 1001
57 125 156 184 275 335 382 394 471 538 555 561 650 684 704 752 770 824 853 873
76 116 145 197 260 352 395 446 527 595 663 731 829 898 946 1021 1062 1101 1118
26 71 83 84 98 129 200 257 336 354 448 453 529 592 615 644 697 733
29 66 146 150 184 206 254 309 350 368 441 467 511 523 583 634 680
1 27 43 48 73 136 168 258 271 294 294 375 415 420 512 516
33 77 96 126 167 233 237 262 359 378 416 494 583 608 648
16 72 159 245 328 377 471 515 583 638 670 724 804 840
66 98 99 163 170 172 188 206 223 255 283 315 367
24 96 135 162 224 257 355 443 487 567 658 727
46 69 90 108 162 176 200 291 352 420 471
88 168 244 323 415 454 486 537 598 689
78 159 230 313 400 440 509 557 643
47 121 161 184 262 304 393 482
44 79 177 209 210 255 302
16 106 189 221 313 380
85 95 159 235 293
75 114 189 201
22 41 82
4 43
9
