35
9 73 82 106 136 152 250 275 287 314 395 460 539 617 694 764 816 914 921 921 960 997 1023 1046 1097 1138 1166 1185 1245 1277 1324 1346 1420 1432 1515
67 113 201 264 333 413 457 528 571 574 619 675 717 804 820 870 877 925 989 1013 1103 1198 1200 1274 1344 1380 1404 1405 1416 1454 1467 1534 1602 1634
12 98 123 194 227 262 289 310 396 434 464 465 492 512 524 577 629 709 760 812 863 940 1005 1037 1037 1106 1171 1235 1277 1291 1331 1361 1398
77 107 147 244 281 284 335 358 389 471 487 529 590 635 661 728 802 844 924 1004 1049 1111 1159 1199 1278 1363 1394 1439 1502 1540 1580 1624
84 106 160 175 197 201 272 272 349 398 459 501 506 597 691 787 807 807 862 915 978 1046 1084 1135 1224 1291 1315 1352 1391 1461 1481
30 115 149 237 268 293 303 319 401 457 532 612 693 761 839 886 936 999 1053 1105 1106 1115 1151 1170 1229 1322 1326 1362 1372 1419
89 178 191 289 384 413 479 538 584 667 726 801 803 824 907 958 1039 1072 1129 1217 1252 1317 1346 1386 1452 1517 1532 1553 1637
76 99 179 268 293 330 401 434 502 515 543 629 655 697 779 845 888 934 970 995 1054 1124 1135 1202 1292 1307 1404 1408
16 103 137 234 288 297 313 336 399 464 552 623 637 671 684 735 795 854 910 915 931 969 1061 1137 1227 1292 1374
73 112 122 133 176 234 303 332 359 455 527 540 618 621 704 770 800 875 938 1024 1032 1091 1158 1170 1221 1237
2 75 128 185 224 312 382 409 442 531 557 608 684 721 774 809 900 916 1013 1110 1208 1268 1295 1372 1383
3 71 126 165 261 293 326 370 385 403 443 453 501 577 658 736 767 805 811 855 882 935 946 961
59 124 187 227 282 357 408 460 555 651 693 766 860 936 999 1054 1094 1174 1262 1279 1293 1296 1337
12 26 40 134 166 260 262 338 398 447 466 540 599 671 760 799 839 930 1028 1099 1188 1212
6 18 109 163 260 263 286 364 424 475 542 547 582 630 648 725 795 887 910 1000 1034
66 95 163 236 326 422 517 546 599 627 661 698 792 869 917 991 1040 1052 1112 1166
67 121 173 203 261 267 311 339 369 434 496 536 566 612 645 680 747 765 765
89 150 202 215 305 342 357 452 512 562 651 670 759 810 866 953 1027 1102
20 115 153 220 243 275 286 305 329 419 493 530 598 675 701 723 769
80 159 232 309 367 419 506 591 637 703 784 806 837 923 933 936
73 137 232 237 289 356 401 407 504 596 675 762 853 891 919
19 109 123 171 177 253 348 352 399 464 543 582 659 741
39 68 94 140 203 214 304 362 440 522 570 622 704
83 168 253 317 342 437 471 471 484 502 582 664
1 48 88 113 133 153 184 228 291 367 389
94 117 149 218 275 333 368 444 482 526
44 130 225 249 278 311 354 386 387
81 131 167 246 309 402 424 439
46 112 210 276 317 324 370
53 143 208 273 343 380
49 120 137 146 213
90 181 229 273
75 89 164
85 116
58
