56
5 72 73 157 213 301 344 433 436 534 601 665 682 696 742 808 847 855 874 929 947 977 996 1043 1050 1087 1142 1145 1159 1255 1275 1318 1350 1373 1399 1476 1506 1552 1581 1655 1706 1763 1814 1841 1927 1940 2001 2051 2128 2215 2237 2315 2325 2326 2387 2467
57 109 196 265 296 380 465 494 501 565 597 617 686 750 817 823 871 880 918 960 967 1003 1084 1175 1198 1199 1239 1325 1376 1392 1478 1487 1581 1659 1716 1741 1818 1910 1964 1981 2024 2037 2063 2135 2205 2228 2319 2376 2419 2500 2510 2557 2601 2661 2714
33 63 130 134 201 251 278 303 315 371 457 474 558 640 655 674 676 709 785 843 894 950 986 1019 1036 1090 1185 1275 1312 1397 1491 1507 1526 1549 1631 1717 1787 1826 1838 1844 1925 1971 2008 2076 2099 2192 2271 2341 2428 2463 2510 2540 2574 2641
54 70 145 219 268 322 387 428 513 521 534 632 665 679 680 750 839 893 908 951 1023 1079 1156 1238 1287 1380 1469 1552 1554 1640 1699 1767 1828 1894 1935 2000 2029 2051 2100 2142 2156 2222 2306 2333 2420 2473 2498 2516 2527 2618 2638 2733 2752
76 115 157 178 254 284 365 365 384 407 449 522 526 550 614 617 676 736 780 872 895 905 953 1051 1072 1144 1222 1281 1320 1337 1361 1450 1516 1579 1664 1690 1785 1827 1836 1922 1990 2070 2071 2117 2162 2209 2286 2310 2391 2423 2443 2514
8 84 157 159 240 267 338 396 406 438 460 537 553 615 665 694 725 793 805 899 922 969 1038 1101 1107 1150 1232 1265 1313 1370 1439 1471 1514 1595 1684 1705 1749 1780 1815 1873 1892 1893 1947 2014 2072 2081 2176 2209 2265 2325 2336
34 48 146 148 197 292 346 379 427 494 582 592 683 739 770 822 882 946 1038 1073 1121 1196 1267 1325 1345 1420 1455 1553 1622 1666 1745 1843 1847 1869 1936 2006 2064 2089 2119 2168 2249 2343 2379 2462 2466 2531 2572 2658 2671 2719
75 127 180 264 361 403 487 580 609 672 681 740 834 873 959 1034 1081 1150 1228 1325 1356 1383 1402 1432 1504 1557 1611 1697 1735 1831 1882 1927 2023 2116 2144 2195 2241 2327 2423 2512 2556 2570 2624 2694 2779 2846 2896 2943 3033
17 55 69 95 128 169 192 218 220 281 316 369 423 458 511 556 643 709 782 871 914 987 1071 1160 1255 1299 1339 1381 1474 1520 1578 1589 1639 1730 1804 1898 1902 1906 1974 2059 2098 2180 2199 2231 2231 2238 2254 2314
83 175 227 240 279 294 340 374 450 500 523 586 681 690 767 844 875 910 984 1009 1060 1113 1121 1124 1215 1221 1269 1297 1349 1445 1470 1514 1565 1632 1710 1717 1782 1793 1884 1889 1934 2012 2089 2144 2170 2229 2247
25 67 162 168 182 240 258 288 370 381 435 459 461 558 575 595 650 736 820 864 939 1034 1063 1145 1236 1251 1320 1378 1414 1422 1425 1468 1506 1593 1629 1688 1759 1835 1846 1917 2011 2080 2167 2217 2244 2339
62 146 162 166 241 278 307 373 400 427 468 484 581 591 623 660 686 746 816 908 957 976 986 1020 1049 1065 1130 1189 1285 1307 1391 1469 1482 1531 1535 1575 1577 1617 1707 1796 1839 1921 1981 1987 2061
83 162 241 245 270 299 306 374 442 499 525 580 669 748 748 757 794 858 905 942 1038 1095 1150 1212 1250 1339 1389 1391 1443 1458 1518 1562 1581 1605 1681 1773 1814 1898 1996 2054 2143 2191 2216 2271
74 159 185 269 354 421 501 584 632 707 737 824 832 897 901 912 997 1026 1106 1188 1245 1264 1300 1336 1390 1452 1513 1532 1588 1615 1685 1763 1850 1936 1936 1956 2011 2013 2034 2119 2198 2215 2281
47 70 137 213 277 355 443 527 530 566 594 638 697 760 809 818 899 944 993 1069 1130 1132 1180 1181 1225 1258 1345 1435 1498 1506 1600 1688 1726 1784 1839 1907 1945 2020 2059 2075 2128 2216
28 82 154 164 257 332 350 376 452 480 503 538 630 665 688 689 740 818 836 837 925 970 1068 1149 1244 1294 1388 1455 1535 1574 1590 1637 1733 1824 1896 1980 1981 2001 2028 2091 2170
84 150 201 206 232 285 322 354 402 440 512 543 546 643 700 765 830 908 999 1078 1120 1124 1162 1193 1251 1288 1311 1347 1367 1415 1441 1485 1554 1634 1693 1719 1742 1810 1828 1903
34 128 208 228 281 320 370 423 452 473 504 560 590 659 743 772 793 824 833 856 934 985 1056 1116 1204 1241 1261 1319 1411 1448 1466 1504 1545 1589 1622 1629 1636 1698 1719
54 82 119 138 229 266 362 372 377 401 403 475 520 538 580 641 669 681 773 808 873 901 960 965 1050 1098 1125 1208 1216 1314 1353 1377 1449 1469 1493 1524 1552 1564
6 38 113 193 276 368 416 498 560 607 665 751 840 897 960 1002 1074 1121 1214 1222 1289 1322 1416 1501 1576 1589 1614 1650 1717 1809 1875 1904 1951 2016 2088 2165 2255
91 125 166 250 332 401 427 478 561 597 665 711 717 762 800 874 904 904 948 964 1002 1036 1114 1147 1224 1288 1373 1384 1406 1440 1511 1538 1577 1639 1720 1738
17 108 130 220 281 303 368 453 496 532 567 609 676 691 765 800 847 882 906 980 982 1025 1121 1138 1150 1160 1253 1330 1386 1443 1456 1462 1554 1617 1649
1 82 100 110 140 158 224 287 336 422 513 609 652 735 804 818 846 879 958 964 987 1026 1082 1127 1139 1146 1146 1215 1241 1296 1327 1415 1473 1554
86 89 142 222 274 336 391 466 505 562 645 733 824 893 906 987 1000 1071 1092 1100 1141 1239 1323 1323 1351 1357 1445 1489 1541 1638 1666 1716 1755
68 131 216 228 268 278 348 377 397 434 435 495 576 613 622 661 737 771 788 828 830 865 962 1005 1101 1144 1237 1329 1362 1421 1440 1498
49 51 130 208 285 328 380 470 540 558 611 659 668 756 775 790 818 841 903 944 1013 1098 1101 1105 1147 1213 1251 1281 1324 1404 1469
79 88 133 139 232 260 329 379 390 409 480 557 593 680 721 787 845 898 980 1017 1055 1145 1189 1257 1285 1344 1420 1428 1475 1523
11 30 124 163 169 177 182 199 289 329 369 466 547 551 564 586 638 688 730 827 865 898 934 962 965 1058 1151 1243 1266
29 69 107 153 204 264 313 342 366 438 480 567 610 692 750 814 870 948 1037 1105 1122 1124 1161 1215 1250 1297 1312 1351
25 62 68 154 177 188 264 341 424 517 586 679 769 835 906 939 969 978 1053 1124 1180 1221 1261 1273 1334 1367 1426
29 57 154 207 219 273 329 410 498 512 587 588 658 739 805 859 875 912 975 1021 1096 1114 1155 1201 1287 1311
19 113 211 234 320 401 491 583 602 625 691 712 718 750 828 847 902 917 996 1056 1068 1147 1189 1284 1335
79 134 201 269 355 385 460 498 543 564 654 731 770 778 785 838 907 940 953 956 1038 1084 1135 1215
1 44 123 146 188 245 334 360 412 506 597 630 671 728 750 787 846 908 1003 1080 1172 1252 1296
54 70 96 159 179 264 276 298 392 399 481 529 580 641 717 761 856 880 976 1021 1062 1130
56 131 192 262 346 368 386 405 446 523 600 652 693 744 834 849 879 918 967 1024 1030
21 29 105 158 236 310 333 386 418 474 529 577 616 682 772 809 905 995 1018 1079
74 172 216 280 286 296 360 451 460 462 508 512 608 671 725 797 806 894 943
41 45 45 50 141 160 177 273 327 421 465 491 534 631 725 753 813 813
31 84 105 136 160 201 253 280 329 405 461 510 581 653 667 723 777
48 125 141 227 271 326 363 452 526 549 561 616 625 706 761 823
19 96 102 195 273 284 289 342 393 451 461 526 565 586 623
64 94 128 152 211 268 306 399 494 532 606 682 762 832
62 101 179 198 250 279 377 447 470 544 568 575 643
97 124 187 275 309 335 362 380 421 449 478 571
79 170 175 179 224 298 359 382 447 458 499
76 167 206 303 322 345 417 510 519 536
17 50 77 164 169 199 225 280 374
31 120 174 237 322 374 445 502
8 78 176 223 309 316 399
19 33 44 129 192 274
39 108 114 123 157
82 102 157 243
55 127 128
83 115
61
