93
81 124 124 151 247 299 373 419 497 520 556 635 711 741 761 766 770 831 849 878 886 890 937 940 1034 1072 1094 1176 1230 1282 1311 1393 1443 1526 1589 1661 1737 1833 1843 1850 1940 1945 1967 2041 2051 2110 2114 2175 2232 2320 2335 2424 2509 2534 2571 2616 2655 2661 2662 2700 2778 2856 2873 2915 2966 3061 3081 3102 3105 3141 3186 3279 3318 3355 3433 3513 3542 3604 3675 3714 3743 3754 3825 3874 3935 4007 4080 4141 4149 4194 4219 4289 4324
26 114 124 172 230 236 272 328 330 400 418 483 551 591 667 746 822 916 1014 1029 1048 1135 1202 1226 1288 1375 1413 1437 1503 1549 1553 1580 1643 1652 1720 1787 1858 1951 2030 2061 2154 2212 2248 2320 2387 2459 2493 2512 2518 2547 2592 2660 2685 2689 2695 2762 2843 2935 2941 3009 3106 3152 3211 3273 3308 3332 3382 3472 3531 3618 3627 3654 3739 3801 3854 3875 3900 3977 4000 4012 4041 4057 4092 4095 4158 4250 4271 4369 4455 4543 4585 4665
93 139 194 256 310 378 407 468 535 565 644 697 718 745 767 797 852 944 954 987 1083 1161 1228 1321 1410 1471 1537 1569 1580 1639 1711 1775 1798 1798 1804 1860 1866 1923 1955 2040 2103 2195 2238 2268 2283 2359 2398 2480 2571 2657 2716 2783 2813 2840 2929 2999 3080 3131 3222 3312 3367 3437 3505 3582 3667 3759 3783 3868 3918 4013 4041 4062 4095 4180 4229 4315 4373 4393 4442 4459 4550 4615 4645 4654 4678 4732 4828 4855 4894 4933 4978
11 104 180 229 268 366 413 432 528 544 608 645 736 824 875 917 977 988 1042 1089 1120 1154 1220 1299 1358 1401 1441 1470 1483 1565 1599 1668 1700 1773 1787 1865 1892 1894 1915 2009 2056 2061 2098 2120 2196 2259 2327 2391 2391 2395 2450 2519 2603 2622 2688 2752 2785 2810 2854 2929 2969 3025 3106 3112 3121 3134 3136 3207 3287 3342 3347 3402 3407 3496 3563 3658 3677 3688 3735 3790 3851 3893 3979 3982 4075 4143 4214 4247 4297 4377
16 86 163 190 251 343 345 345 391 475 571 613 635 636 682 699 791 806 821 828 863 915 926 926 1024 1103 1140 1166 1190 1224 1268 1357 1440 1537 1591 1670 1753 1817 1900 1997 2034 2060 2091 2160 2195 2221 2278 2280 2318 2404 2430 2480 2492 2579 2604 2631 2650 2728 2777 2836 2837 2850 2903 2909 2973 3056 3116 3141 3142 3194 3227 3267 3315 3362 3363 3425 3461 3485 3519 3556 3567 3630 3699 3760 3854 3944 4032 4074 4140
30 56 113 127 138 166 220 277 283 324 417 508 592 632 664 702 752 832 903 955 1042 1121 1201 1203 1245 1268 1348 1378 1467 1563 1599 1639 1641 1665 1691 1697 1763 1791 1823 1869 1954 1961 1998 2072 2158 2164 2215 2264 2343 2348 2413 2461 2461 2469 2535 2622 2692 2716 2789 2793 2801 2853 2927 2953 2970 3024 3024 3085 3100 3123 3132 3133 3225 3249 3280 3280 3360 3397 3443 3451 3480 3548 3587 3607 3655 3698 3796 3825
42 110 134 167 231 300 388 480 523 617 650 740 828 917 941 1013 1055 1071 1143 1195 1281 1332 1372 1400 1440 1464 1470 1471 1483 1502 1556 1628 1722 1735 1776 1846 1924 1993 2083 2178 2269 2346 2444 2487 2505 2521 2609 2610 2611 2682 2760 2813 2832 2909 2933 2937 2937 3023 3026 3079 3146 3222 3305 3351 3367 3438 3491 3495 3559 3645 3700 3770 3798 3890 3985 3988 4014 4112 4203 4209 4283 4317 4408 4463 4553 4604 4667
16 58 84 171 251 342 409 413 477 515 534 546 599 631 690 725 765 819 913 957 1043 1082 1126 1211 1303 1325 1333 1403 1450 1462 1481 1576 1603 1652 1726 1765 1780 1834 1887 1896 1921 1964 2054 2143 2218 2307 2348 2400 2413 2442 2535 2617 2663 2737 2805 2805 2858 2906 2963 2965 3016 3105 3140 3168 3255 3303 3326 3387 3414 3437 3441 3504 3515 3573 3651 3734 3792 3835 3925 3927 4005 4057 4117 4193 4259 4308
96 129 191 193 197 288 314 340 406 449 483 497 520 597 616 680 777 779 868 924 961 969 997 1090 1167 1217 1231 1302 1329 1337 1407 1486 1546 1606 1683 1764 1796 1863 1925 1947 2032 2123 2201 2268 2350 2384 2413 2454 2479 2513 2524 2582 2657 2660 2704 2745 2825 2862 2939 3023 3102 3188 3199 3271 3278 3301 3346 3377 3457 3535 3621 3696 3772 3870 3898 3977 4049 4146 4175 4184 4268 4306 4317 4351 4419
30 127 206 295 365 379 409 478 517 595 632 719 757 847 888 942 1037 1095 1173 1205 1265 1331 1395 1415 1473 1499 1526 1609 1675 1686 1782 1825 1892 1909 1912 1912 1944 1996 1996 1998 2015 2111 2187 2252 2344 2371 2422 2434 2448 2520 2544 2599 2643 2708 2792 2805 2832 2891 2937 2976 3018 3032 3040 3133 3157 3221 3318 3338 3416 3422 3450 3498 3589 3610 3703 3715 3760 3811 3858 3930 3977 4035 4132 4190
90 168 216 314 351 358 373 450 512 523 598 664 689 725 779 844 879 951 1049 1081 1138 1185 1268 1276 1304 1348 1406 1423 1457 1536 1623 1682 1694 1742 1755 1839 1884 1957 2039 2075 2166 2238 2294 2366 2384 2446 2498 2560 2657 2689 2728 2770 2802 2802 2846 2891 2936 3007 3072 3154 3185 3218 3288 3380 3469 3565 3645 3681 3707 3716 3806 3865 3935 3993 4045 4124 4196 4205 4277 4323 4360 4412 4441
25 76 117 182 206 276 358 450 517 540 593 622 716 797 831 834 913 993 1079 1156 1157 1166 1175 1187 1202 1283 1357 1450 1511 1605 1689 1777 1857 1933 1999 2034 2085 2135 2146 2161 2192 2201 2206 2243 2260 2275 2325 2399 2496 2524 2546 2628 2653 2744 2795 2825 2890 2948 3040 3126 3186 3269 3330 3419 3497 3584 3589 3630 3678 3684 3760 3808 3895 3912 3999 4063 4079 4166 4190 4229 4265 4276
61 100 107 179 274 327 405 444 475 499 508 597 601 649 689 779 800 863 904 928 1008 1069 1084 1174 1213 1296 1358 1430 1447 1536 1633 1727 1812 1890 1917 1994 2032 2098 2157 2236 2329 2401 2479 2548 2563 2592 2641 2650 2664 2745 2813 2884 2896 2963 3009 3107 3135 3194 3225 3236 3311 3372 3418 3484 3495 3523 3602 3609 3666 3676 3749 3809 3826 3922 3972 4024 4107 4150 4198 4288 4304
73 150 230 271 297 376 410 469 522 532 551 579 618 621 653 740 751 815 844 862 927 972 1054 1125 1182 1199 1237 1318 1367 1405 1410 1504 1513 1536 1593 1619 1661 1729 1735 1805 1832 1925 2008 2098 2152 2201 2226 2226 2274 2368 2454 2522 2586 2644 2714 2777 2789 2865 2867 2931 2979 3061 3105 3156 3216 3287 3368 3372 3445 3469 3520 3555 3590 3680 3741 3802 3885 3913 4007 4074
62 149 243 281 363 419 486 519 537 580 665 740 835 837 857 881 974 1072 1074 1077 1095 1116 1139 1198 1230 1243 1328 1354 1407 1444 1459 1502 1564 1638 1677 1725 1770 1813 1853 1907 1932 1966 1973 2012 2099 2171 2237 2317 2388 2475 2516 2546 2569 2661 2662 2747 2813 2899 2956 3004 3038 3076 3159 3173 3237 3331 3407 3504 3528 3606 3684 3720 3802 3881 3934 4000 4068 4106 4147
29 85 118 209 288 370 400 482 572 659 703 754 837 883 932 948 952 1028 1125 1163 1236 1270 1356 1448 1470 1506 1522 1608 1659 1692 1787 1810 1814 1818 1854 1874 1903 1944 2028 2120 2202 2242 2270 2283 2350 2403 2452 2506 2572 2576 2614 2640 2684 2726 2771 2786 2873 2900 2991 3029 3099 3118 3121 3133 3215 3282 3295 3360 3401 3484 3549 3621 3628 3690 3780 3841 3862 3931
76 132 225 274 359 371 436 495 592 592 640 735 798 810 898 909 988 1020 1092 1093 1174 1209 1271 1318 1362 1449 1493 1586 1680 1765 1812 1865 1891 1900 1913 1926 1941 1982 2057 2102 2143 2167 2213 2292 2292 2375 2429 2472 2473 2497 2513 2563 2638 2649 2673 2686 2734 2760 2767 2835 2846 2894 2934 2944 3000 3016 3096 3185 3199 3232 3329 3333 3369 3453 3518 3527 3599
2 98 192 194 251 339 398 433 479 520 529 598 694 735 753 773 854 923 1015 1098 1102 1193 1267 1344 1419 1459 1546 1546 1549 1568 1584 1653 1736 1771 1861 1941 1960 1962 2034 2042 2109 2122 2133 2185 2214 2246 2316 2327 2419 2515 2518 2602 2623 2698 2754 2762 2791 2885 2980 2991 3011 3068 3095 3180 3203 3271 3278 3368 3385 3388 3414 3471 3539 3564 3607 3613
78 172 223 305 363 425 511 600 640 732 755 778 805 842 916 922 922 985 1049 1073 1155 1234 1296 1343 1427 1495 1552 1601 1621 1665 1738 1834 1850 1930 2012 2058 2085 2178 2214 2310 2362 2405 2462 2505 2579 2608 2625 2705 2733 2789 2840 2936 3033 3074 3098 3123 3199 3215 3311 3373 3436 3461 3479 3530 3571 3645 3729 3746 3768 3773 3866 3924 3996 4051 4091
4 52 66 126 217 228 315 318 346 422 428 434 488 553 644 718 803 814 818 858 913 984 1080 1150 1172 1206 1295 1341 1428 1464 1560 1609 1652 1747 1770 1864 1918 1997 2041 2074 2123 2218 2229 2297 2327 2379 2458 2474 2487 2532 2535 2586 2637 2684 2685 2740 2740 2769 2796 2823 2877 2882 2949 3009 3026 3064 3132 3184 3227 3311 3359 3416 3418 3425
80 99 103 156 253 298 351 376 403 409 456 488 562 611 707 751 835 854 947 1001 1003 1047 1130 1197 1248 1262 1354 1452 1506 1583 1619 1653 1672 1686 1773 1782 1878 1958 1978 2054 2122 2133 2138 2145 2187 2243 2308 2394 2402 2450 2544 2634 2702 2770 2785 2833 2884 2888 2982 3001 3055 3059 3073 3142 3160 3213 3263 3348 3411 3451 3492 3494 3494
14 61 140 200 282 355 394 429 519 526 561 631 728 816 833 868 868 872 930 1000 1035 1037 1118 1173 1257 1279 1344 1361 1398 1446 1516 1598 1612 1668 1746 1767 1793 1886 1939 2017 2083 2125 2158 2204 2298 2393 2471 2527 2549 2579 2638 2700 2772 2853 2863 2952 2958 3051 3107 3121 3202 3286 3315 3372 3426 3501 3554 3602 3686 3697 3749 3793
48 116 170 238 257 291 309 359 396 443 523 546 554 593 654 717 773 786 872 914 993 1000 1090 1145 1173 1177 1250 1255 1308 1325 1358 1375 1422 1437 1523 1564 1589 1599 1680 1716 1776 1859 1864 1944 1982 2056 2076 2085 2111 2200 2206 2233 2271 2344 2388 2475 2547 2550 2583 2667 2689 2703 2767 2834 2862 2930 2974 2982 3047 3090 3185
20 73 104 141 235 283 375 415 451 502 590 677 701 757 816 865 914 987 1078 1128 1144 1222 1236 1321 1373 1373 1450 1506 1547 1638 1695 1751 1837 1861 1900 1904 1969 1997 2008 2054 2098 2112 2151 2178 2207 2239 2283 2320 2342 2402 2453 2512 2575 2583 2620 2628 2639 2656 2703 2783 2836 2884 2974 3002 3016 3045 3061 3112 3133 3191
56 93 108 152 179 216 280 340 359 370 443 457 476 495 519 609 626 642 708 792 836 928 1013 1091 1178 1229 1285 1355 1386 1436 1462 1482 1542 1623 1636 1654 1750 1808 1901 1934 2017 2061 2112 2172 2265 2278 2308 2314 2403 2467 2493 2545 2638 2731 2749 2772 2775 2814 2872 2967 2978 3072 3152 3241 3311 3333 3422 3481 3534
50 64 104 151 236 324 395 427 468 516 546 553 634 719 734 816 818 880 898 899 971 1016 1019 1062 1157 1176 1217 1257 1327 1407 1444 1507 1599 1650 1714 1742 1796 1803 1869 1920 1950 2029 2062 2089 2153 2173 2191 2242 2303 2369 2369 2423 2427 2453 2486 2560 2650 2659 2704 2735 2749 2754 2822 2871 2961 3033 3123 3178
41 48 59 86 112 172 257 272 360 451 503 509 546 557 652 698 762 860 937 947 982 1034 1103 1121 1130 1196 1216 1310 1381 1457 1552 1618 1623 1700 1719 1813 1909 1967 2019 2071 2163 2208 2261 2269 2283 2296 2331 2399 2449 2490 2560 2576 2586 2672 2748 2830 2912 2964 3062 3103 3182 3276 3333 3340 3425 3513 3563
51 84 162 259 282 375 388 395 475 477 497 539 563 595 612 710 726 743 827 857 873 912 948 1014 1105 1189 1283 1330 1366 1451 1548 1561 1609 1655 1714 1794 1818 1896 1904 1948 1954 1983 2003 2043 2065 2117 2191 2280 2373 2450 2499 2585 2603 2651 2724 2747 2754 2831 2910 2947 2963 3047 3091 3149 3247 3318
75 131 191 196 225 266 288 337 367 410 494 518 565 588 681 719 740 741 839 895 902 926 934 1007 1090 1180 1203 1236 1289 1378 1457 1522 1551 1629 1676 1680 1740 1765 1798 1833 1836 1905 1944 1978 2028 2048 2067 2131 2206 2232 2310 2388 2447 2512 2586 2592 2670 2744 2785 2836 2870 2923 2944 2947 3014
1 10 88 157 223 319 402 429 461 487 528 615 669 699 744 766 777 863 868 912 1005 1051 1083 1152 1199 1264 1299 1379 1423 1437 1523 1585 1649 1727 1729 1738 1822 1854 1866 1891 1927 2020 2093 2137 2179 2228 2320 2322 2420 2480 2573 2627 2627 2648 2676 2770 2835 2931 2979 3048 3050 3061 3099 3126
20 20 41 56 100 119 178 230 320 320 354 441 490 547 585 677 712 760 838 905 928 987 1084 1112 1198 1248 1278 1341 1358 1379 1476 1481 1483 1507 1561 1569 1628 1720 1806 1806 1901 1913 2008 2083 2168 2262 2298 2306 2362 2369 2432 2479 2528 2604 2664 2741 2799 2844 2933 2943 2965 2981 3014
76 128 143 232 325 412 465 543 635 687 692 696 741 753 812 875 967 968 970 993 1035 1047 1096 1159 1244 1273 1288 1295 1335 1336 1359 1390 1441 1446 1486 1577 1638 1673 1729 1768 1859 1914 1980 2055 2075 2107 2120 2136 2164 2165 2175 2180 2262 2350 2366 2436 2465 2511 2609 2646 2714 2795
35 37 117 207 290 381 466 521 538 634 722 724 815 816 825 923 995 1012 1041 1126 1142 1173 1259 1267 1338 1408 1427 1476 1523 1527 1621 1661 1753 1826 1872 1910 1943 2039 2063 2111 2122 2219 2233 2309 2392 2432 2434 2444 2460 2466 2510 2593 2607 2697 2748 2790 2860 2933 2935 3011 3030
5 9 107 117 119 182 254 341 424 444 504 578 594 623 693 751 777 851 865 944 991 1049 1066 1076 1124 1189 1201 1228 1238 1292 1355 1438 1445 1509 1535 1585 1645 1729 1746 1802 1803 1803 1888 1888 1930 1961 2027 2066 2129 2218 2221 2281 2308 2396 2403 2417 2455 2551 2635 2651
36 130 173 192 246 273 314 355 399 493 582 640 711 787 851 892 982 1033 1078 1135 1163 1255 1269 1283 1335 1424 1495 1545 1613 1710 1783 1852 1876 1944 1989 2002 2058 2090 2093 2161 2235 2248 2254 2274 2360 2404 2487 2498 2596 2653 2736 2792 2862 2874 2910 2966 3018 3063 3087
52 69 78 116 196 268 328 423 483 483 484 509 584 672 764 842 919 932 1016 1094 1176 1200 1246 1302 1388 1398 1459 1462 1522 1600 1678 1755 1813 1848 1898 1985 1986 1988 2075 2091 2161 2201 2238 2301 2368 2420 2445 2464 2539 2624 2685 2714 2799 2847 2902 2937 2947 2986
40 133 195 200 245 282 303 349 380 457 499 550 551 578 634 639 672 692 700 745 775 806 879 893 916 980 994 1065 1116 1204 1299 1320 1348 1384 1438 1463 1498 1508 1509 1553 1592 1600 1674 1758 1845 1889 1932 2025 2088 2136 2157 2234 2300 2321 2354 2433 2437
59 75 94 132 212 238 330 425 430 518 574 646 742 807 902 956 984 1013 1101 1168 1251 1319 1400 1485 1528 1614 1688 1714 1801 1831 1864 1886 1920 1921 1957 2012 2087 2173 2235 2326 2346 2423 2460 2475 2572 2667 2706 2739 2770 2864 2930 3024 3077 3148 3157 3203
52 101 186 219 247 295 295 374 431 471 559 632 661 738 746 798 848 941 970 1028 1035 1113 1197 1218 1279 1299 1348 1408 1469 1477 1570 1641 1704 1712 1796 1845 1880 1958 2033 2095 2142 2201 2270 2367 2465 2472 2555 2555 2564 2630 2644 2671 2688 2701 2715
47 55 68 154 240 253 294 316 387 404 428 491 559 561 585 614 654 718 767 854 925 963 1053 1064 1100 1158 1245 1341 1426 1445 1451 1532 1555 1559 1600 1649 1681 1688 1728 1781 1828 1923 1940 1977 1998 2014 2110 2208 2278 2296 2350 2427 2494 2587
58 144 194 203 208 211 240 336 407 421 469 503 535 570 658 701 788 809 885 920 986 1029 1098 1157 1176 1274 1366 1429 1512 1605 1701 1716 1757 1834 1852 1865 1893 1973 2060 2095 2133 2140 2144 2172 2243 2300 2382 2398 2473 2499 2525 2536 2547
43 55 72 91 101 130 135 137 150 153 195 281 303 397 470 495 496 524 536 574 606 660 722 728 783 859 876 878 922 967 1017 1067 1080 1159 1224 1262 1352 1440 1532 1566 1601 1665 1684 1735 1766 1788 1829 1854 1907 1954 1961 1980
31 84 143 182 269 333 367 441 463 531 557 596 654 694 774 799 864 929 952 1017 1096 1189 1269 1365 1453 1479 1489 1503 1557 1637 1728 1761 1775 1807 1895 1932 1970 2047 2100 2117 2195 2210 2265 2359 2363 2457 2491 2529 2564 2599 2637
42 133 171 230 327 376 395 419 457 495 591 628 672 741 755 824 846 853 932 988 1041 1046 1131 1139 1233 1328 1406 1500 1546 1618 1678 1709 1771 1803 1881 1969 2005 2044 2140 2212 2216 2278 2374 2384 2408 2461 2461 2525 2602 2625
69 93 116 180 249 342 415 419 479 508 533 551 635 672 766 855 885 978 983 1039 1075 1166 1241 1248 1266 1342 1397 1491 1569 1652 1698 1730 1807 1838 1909 1997 2034 2107 2134 2151 2196 2196 2258 2344 2386 2427 2485 2558 2603
3 7 79 82 148 226 297 328 425 454 548 571 658 689 693 768 818 874 961 1006 1061 1069 1115 1185 1251 1305 1372 1416 1491 1526 1538 1544 1575 1621 1649 1693 1719 1816 1897 1941 1971 2018 2044 2132 2209 2301 2329 2390
52 95 132 166 259 290 317 328 412 419 435 525 542 609 665 698 701 752 792 885 932 1006 1085 1179 1209 1227 1261 1280 1287 1338 1357 1429 1431 1436 1523 1552 1638 1706 1722 1794 1803 1836 1902 1967 2056 2110 2193
79 109 158 249 316 371 384 419 477 525 587 619 655 727 814 826 907 971 999 1061 1099 1181 1234 1324 1419 1508 1566 1584 1620 1687 1742 1828 1859 1884 1961 2003 2069 2090 2163 2198 2241 2275 2284 2296 2349 2371
41 102 191 192 198 250 305 382 459 509 567 640 656 702 756 821 911 996 1009 1105 1190 1212 1290 1350 1430 1519 1610 1642 1736 1768 1832 1877 1886 1934 1973 2040 2081 2107 2166 2177 2269 2285 2355 2360 2409
98 155 209 247 264 343 395 427 457 528 568 580 613 696 782 851 876 922 1002 1053 1125 1127 1144 1189 1209 1221 1293 1301 1333 1408 1431 1442 1531 1596 1637 1673 1718 1740 1831 1913 1956 1956 2028 2037
20 48 85 173 268 330 347 430 486 571 575 618 661 720 814 906 968 1022 1089 1150 1163 1246 1335 1415 1466 1530 1547 1562 1566 1570 1584 1656 1679 1753 1771 1790 1808 1869 1953 2039 2081 2115 2187
64 142 173 235 314 409 427 500 571 600 603 606 635 677 746 770 785 816 823 893 951 995 996 1058 1095 1136 1210 1272 1364 1462 1486 1556 1602 1678 1724 1727 1780 1820 1837 1908 1932 2002
96 130 227 269 296 300 375 389 403 498 586 588 612 613 640 724 743 821 919 932 997 1035 1079 1144 1146 1237 1301 1329 1361 1450 1456 1500 1521 1606 1669 1673 1741 1790 1795 1808 1828
86 125 163 253 313 396 435 527 534 594 688 692 706 721 760 842 894 913 923 1002 1054 1073 1101 1123 1125 1182 1276 1332 1378 1394 1454 1455 1544 1590 1607 1694 1758 1768 1837 1920
68 160 235 255 289 316 385 443 496 580 643 654 737 807 875 900 977 1053 1063 1148 1226 1256 1319 1335 1432 1440 1463 1494 1528 1549 1558 1616 1640 1707 1717 1744 1774 1833 1926
82 93 179 260 271 273 350 440 482 534 606 668 757 783 865 960 970 1022 1101 1166 1240 1325 1363 1429 1500 1594 1614 1684 1759 1790 1888 1916 2003 2092 2104 2188 2189 2212
69 152 220 234 293 381 414 482 496 504 519 556 631 703 709 743 836 855 918 956 997 1055 1101 1164 1206 1259 1357 1454 1459 1473 1506 1565 1645 1661 1746 1842 1851
48 64 141 218 237 278 367 437 531 575 666 695 715 768 829 913 1003 1059 1109 1204 1233 1256 1348 1415 1445 1542 1563 1622 1644 1701 1783 1836 1856 1929 1957 1989
22 112 197 197 205 251 316 410 499 548 570 628 637 696 707 781 862 911 989 1055 1074 1090 1104 1163 1173 1205 1302 1384 1390 1465 1549 1598 1678 1722 1777
57 60 61 122 173 197 239 257 294 368 409 472 478 490 542 548 572 655 700 743 789 852 895 914 962 993 1016 1032 1041 1072 1139 1209 1300 1301
34 112 180 269 279 280 327 403 424 442 463 555 646 718 740 794 871 878 971 1003 1014 1080 1139 1179 1234 1315 1413 1494 1508 1562 1580 1617 1621
19 44 68 77 139 221 238 292 380 447 511 521 542 545 623 663 666 752 793 827 837 921 923 967 1008 1026 1038 1057 1131 1140 1214 1217
76 85 123 207 253 340 367 398 480 573 619 655 701 767 798 888 913 929 1015 1017 1081 1134 1138 1233 1282 1357 1430 1432 1476 1567 1662
61 104 121 135 201 244 316 372 446 447 513 537 619 701 775 777 802 867 952 989 1071 1162 1215 1274 1325 1385 1470 1559 1626 1652
61 64 101 111 168 173 240 325 331 408 450 497 551 609 654 673 719 728 801 812 820 851 884 887 918 919 1003 1026 1104
56 60 89 152 176 204 264 309 346 429 488 500 584 610 629 669 748 754 837 898 985 1081 1126 1128 1210 1303 1355 1448
84 92 174 261 299 384 391 398 406 472 552 561 570 668 759 837 930 984 994 1009 1099 1128 1185 1243 1340 1436 1488
99 172 258 301 309 394 456 540 597 674 742 805 867 889 904 953 1033 1121 1199 1259 1311 1355 1441 1454 1530 1597
66 130 166 186 187 195 233 292 313 339 436 440 467 533 578 663 759 805 862 921 995 1037 1045 1065 1137
89 125 216 236 252 289 345 393 472 522 581 660 748 818 887 976 1073 1121 1181 1198 1266 1280 1323 1419
54 131 165 243 278 318 331 347 392 487 510 592 597 611 688 784 804 823 859 891 958 1010 1010
70 72 76 173 248 269 306 311 387 412 481 563 657 754 799 855 884 933 987 1027 1066 1128
36 56 70 122 140 141 234 246 299 324 347 374 442 522 608 666 762 762 795 849 889
61 87 183 276 281 296 359 455 521 609 675 712 759 844 935 1018 1038 1073 1160 1211
87 181 194 199 293 357 362 447 471 516 590 643 692 701 798 865 952 1013 1013
64 114 177 269 338 431 516 611 619 701 760 819 849 947 963 1007 1041 1089
61 147 153 203 280 350 385 434 449 509 567 575 617 630 687 749 782
17 102 166 235 307 355 360 365 449 536 585 585 634 673 744 802
25 91 110 187 259 327 409 458 502 567 602 614 625 665 757
97 102 154 193 269 345 363 380 425 446 476 571 617 626
62 80 157 194 283 327 405 463 560 653 706 710 712
18 31 75 106 161 252 279 325 393 424 431 517
78 164 186 257 328 367 412 509 569 639 679
5 17 112 163 187 240 240 329 413 479
71 81 93 174 260 305 353 424 468
12 103 165 236 273 308 383 429
34 46 138 165 210 260 341
34 56 66 111 208 260
46 120 214 268 289
33 122 141 195
46 54 138
23 95
77
