56
74 133 137 218 231 315 345 423 474 485 532 542 555 607 689 716 716 797 828 878 939 991 1066 1134 1134 1158 1246 1291 1307 1373 1393 1400 1448 1502 1600 1678 1721 1747 1768 1813 1887 1936 2018 2020 2074 2101 2118 2195 2269 2367 2450 2541 2549 2644 2742 2764
9 80 107 162 185 264 289 377 475 509 591 653 710 799 817 899 919 928 928 951 1041 1100 1144 1197 1249 1308 1352 1353 1437 1502 1502 1572 1628 1642 1648 1703 1736 1805 1860 1901 1907 1948 1959 1998 2005 2005 2023 2094 2120 2165 2174 2191 2263 2339 2397
57 70 76 130 155 166 234 270 279 315 378 449 528 546 638 650 682 725 749 760 763 850 893 936 960 992 1012 1103 1111 1206 1271 1341 1358 1384 1479 1505 1508 1570 1638 1729 1796 1828 1866 1908 1954 2050 2116 2136 2198 2280 2321 2403 2434 2476
62 98 183 252 259 263 271 274 346 364 370 435 523 569 621 672 760 828 837 864 929 937 995 1030 1094 1120 1186 1279 1338 1434 1516 1579 1639 1699 1738 1809 1899 1970 1982 2065 2070 2126 2150 2246 2304 2375 2450 2494 2506 2598 2632 2730 2813
35 40 88 114 212 227 269 327 424 431 518 519 522 522 586 647 741 839 913 938 1004 1014 1097 1185 1216 1279 1330 1412 1424 1498 1521 1559 1611 1666 1760 1804 1833 1843 1934 1957 2055 2086 2184 2191 2262 2281 2352 2373 2415 2447 2506 2566
50 82 172 240 266 351 381 381 476 573 648 735 805 871 952 1025 1052 1144 1145 1195 1281 1353 1382 1440 1538 1616 1632 1713 1770 1831 1898 1990 2019 2117 2189 2189 2217 2218 2304 2332 2366 2373 2397 2492 2559 2637 2699 2726 2756 2790 2816
45 65 94 147 244 277 278 294 355 408 427 504 571 620 669 754 846 928 978 1047 1132 1172 1208 1243 1280 1370 1386 1424 1502 1592 1635 1656 1678 1709 1792 1794 1819 1869 1905 1991 2083 2100 2120 2133 2218 2293 2350 2431 2497 2504
59 139 192 241 298 371 469 534 622 679 738 824 883 919 925 945 949 990 990 1037 1110 1148 1162 1167 1235 1280 1290 1290 1322 1332 1382 1468 1503 1563 1634 1651 1723 1820 1891 1972 2061 2074 2137 2159 2219 2238 2267 2329 2371
93 134 172 208 289 359 407 456 546 607 638 655 669 750 834 909 915 952 976 1002 1069 1129 1137 1234 1280 1319 1333 1388 1401 1437 1442 1478 1499 1527 1593 1670 1692 1717 1765 1796 1812 1834 1835 1924 1962 1970 2002 2060
54 64 133 219 254 329 409 482 528 528 536 625 684 762 826 831 871 967 1057 1148 1208 1248 1326 1395 1426 1456 1521 1581 1603 1691 1723 1769 1856 1862 1937 2001 2053 2095 2106 2171 2219 2233 2300 2341 2435 2455 2486
55 61 107 202 203 203 298 381 384 479 565 566 643 644 731 793 879 923 928 1014 1016 1083 1171 1248 1252 1284 1294 1376 1400 1455 1482 1549 1622 1651 1684 1770 1837 1870 1944 2026 2082 2097 2148 2151 2173 2180
81 149 160 162 202 271 347 371 428 463 467 496 572 632 719 790 874 881 919 977 1049 1138 1220 1274 1349 1411 1445 1484 1524 1618 1624 1695 1750 1822 1858 1942 1951 1963 2059 2123 2219 2228 2293 2307 2370
32 44 116 196 249 256 351 391 444 520 575 576 660 691 761 793 809 889 911 914 977 1040 1108 1173 1195 1206 1234 1300 1395 1467 1477 1554 1604 1619 1702 1716 1801 1820 1907 1976 2025 2037 2059 2123
84 106 159 224 255 285 365 395 402 477 550 573 606 702 751 788 851 945 1029 1113 1202 1249 1275 1367 1421 1426 1453 1510 1581 1664 1701 1792 1854 1922 2002 2037 2063 2135 2202 2251 2287 2330 2395
59 59 129 190 274 328 410 464 476 523 615 635 672 750 824 880 935 966 992 1074 1088 1088 1104 1194 1290 1298 1357 1359 1439 1499 1520 1578 1581 1675 1753 1844 1940 2020 2095 2179 2223 2265
74 153 225 277 302 362 438 505 508 544 616 657 748 821 887 892 970 1067 1126 1182 1226 1241 1292 1309 1315 1382 1453 1478 1573 1656 1683 1695 1738 1757 1793 1833 1868 1943 2036 2074 2089
73 94 103 115 174 193 263 314 380 406 482 521 560 611 697 764 777 792 837 884 892 955 978 1066 1114 1188 1267 1337 1418 1455 1478 1574 1636 1655 1749 1822 1852 1939 2016 2048
15 46 88 97 186 204 247 265 310 352 421 441 503 521 576 610 683 725 802 881 889 889 912 930 1004 1040 1103 1162 1175 1240 1260 1271 1318 1352 1401 1447 1512 1532 1582
42 125 202 299 389 486 500 517 552 649 653 670 766 793 824 887 967 1039 1093 1144 1181 1261 1267 1281 1295 1363 1369 1433 1460 1476 1564 1656 1715 1753 1809 1811 1830 1842
34 70 155 177 213 260 298 360 400 490 513 532 593 657 714 771 793 793 793 868 892 917 928 964 976 1052 1078 1101 1123 1149 1196 1243 1261 1322 1333 1374 1394
96 103 185 281 352 369 443 498 582 637 644 725 763 822 884 961 1002 1045 1112 1152 1183 1213 1257 1284 1369 1371 1467 1535 1598 1667 1718 1766 1823 1912 1915 1945
94 163 256 299 360 412 458 478 489 512 536 599 693 743 841 921 928 1024 1029 1065 1132 1230 1327 1373 1411 1468 1511 1536 1536 1592 1678 1704 1776 1797 1825
46 66 118 156 180 203 252 302 392 434 480 546 548 624 707 715 732 764 795 831 902 1000 1005 1010 1070 1132 1195 1237 1271 1308 1354 1383 1468 1522
44 131 176 176 214 239 311 317 347 401 429 462 543 593 648 659 740 783 805 889 961 980 1057 1116 1165 1190 1248 1294 1350 1392 1490 1524 1525
53 144 232 250 282 319 406 487 576 625 718 738 763 801 808 824 921 959 1011 1071 1141 1145 1217 1255 1293 1360 1433 1525 1535 1568 1663 1743
35 66 127 181 232 250 302 369 419 428 523 579 606 674 767 848 875 891 975 976 1010 1092 1149 1189 1222 1307 1328 1363 1435 1478 1529
26 109 201 211 257 317 378 423 462 521 534 632 720 763 817 837 853 853 867 950 1009 1096 1155 1196 1242 1247 1344 1351 1447 1515
91 175 234 327 390 437 465 498 517 593 624 710 735 819 866 924 938 943 978 1017 1067 1140 1178 1180 1275 1299 1333 1430 1477
76 100 131 180 229 324 334 422 430 497 535 591 626 687 735 804 862 956 1011 1086 1124 1168 1179 1276 1277 1346 1393 1451
77 142 145 183 273 370 459 463 535 564 585 660 711 777 821 866 940 975 986 1015 1059 1089 1103 1179 1260 1289 1314
95 131 158 245 269 312 397 453 486 526 560 632 677 729 767 828 915 970 1033 1049 1115 1141 1181 1264 1310 1399
87 97 161 232 292 337 372 439 452 539 619 656 680 723 777 807 891 897 972 1032 1119 1137 1188 1210 1238
16 29 119 167 192 216 279 311 326 421 434 529 607 680 687 751 757 781 827 924 1018 1102 1193 1224
9 14 50 76 96 145 220 287 384 468 507 524 561 583 639 706 707 741 825 900 974 997 1086
58 156 215 242 246 335 399 475 570 570 624 719 803 847 872 931 952 973 1065 1083 1170 1244
64 147 177 211 267 303 327 365 422 493 588 608 609 622 649 699 791 850 878 973 1025
27 108 123 204 243 305 340 395 438 524 558 584 661 748 825 873 961 1011 1026 1035
31 55 75 148 153 186 236 266 302 321 328 367 450 467 470 551 557 558 647
3 5 26 88 137 233 281 371 469 508 555 555 621 685 701 747 757 834
76 84 178 200 290 332 394 491 568 594 638 708 788 817 888 943 1029
49 82 100 149 180 195 245 339 373 458 554 637 680 735 811 902
90 157 217 313 322 402 473 506 555 608 671 747 844 855 891
63 96 131 173 237 291 300 360 414 420 496 567 636 685
60 81 81 88 174 184 214 223 284 360 398 481 528
42 47 81 157 204 217 219 292 385 388 399 400
80 151 200 206 258 312 316 400 400 408 426
46 100 115 154 234 294 326 414 440 517
9 82 117 182 264 352 377 392 398
49 72 159 236 283 288 315 366
44 47 122 126 157 160 258
12 12 34 73 109 178
50 123 189 239 303
38 43 115 139
72 122 134
18 58
89
