95
68 120 192 201 286 383 394 458 502 575 615 673 735 822 830 916 921 951 974 1000 1066 1146 1177 1237 1238 1275 1367 1441 1537 1575 1599 1671 1698 1749 1761 1833 1890 1979 2042 2140 2184 2220 2309 2359 2378 2430 2432 2502 2581 2613 2625 2700 2772 2855 2857 2937 2957 3053 3130 3210 3261 3341 3396 3416 3505 3557 3562 3578 3647 3654 3744 3802 3823 3920 3958 4012 4031 4086 4154 4209 4212 4250 4280 4296 4375 4445 4506 4526 4553 4615 4638 4684 4778 4848 4878
93 110 166 180 203 251 297 368 448 488 534 631 635 665 735 807 825 845 938 952 960 1034 1088 1126 1194 1216 1234 1302 1339 1342 1385 1397 1469 1502 1554 1604 1642 1685 1729 1810 1823 1856 1909 1938 2034 2077 2077 2155 2197 2240 2270 2318 2392 2457 2545 2601 2631 2703 2725 2820 2896 2974 3043 3105 3153 3195 3209 3280 3340 3361 3428 3522 3534 3542 3617 3657 3743 3811 3892 3937 3965 4027 4088 4151 4249 4332 4387 4424 4438 4460 4487 4522 4570 4614
57 97 122 138 233 316 367 438 453 532 574 617 668 751 834 876 965 994 1072 1106 1191 1230 1250 1329 1404 1404 1444 1529 1592 1655 1753 1799 1843 1843 1853 1951 1991 2026 2059 2071 2096 2098 2176 2263 2272 2332 2397 2416 2446 2529 2539 2627 2714 2715 2754 2781 2782 2838 2878 2927 2975 2981 3007 3056 3061 3153 3177 3185 3257 3285 3371 3444 3513 3541 3549 3614 3667 3684 3746 3823 3869 3927 3972 4002 4037 4054 4070 4093 4112 4134 4187 4255 4338
34 128 171 220 288 383 414 417 422 470 485 535 552 573 639 720 770 836 853 865 867 885 916 994 1002 1071 1156 1209 1214 1239 1313 1368 1431 1459 1498 1518 1589 1652 1681 1707 1764 1784 1797 1805 1830 1853 1912 1981 2079 2107 2165 2203 2260 2333 2372 2428 2467 2545 2597 2656 2665 2680 2751 2783 2842 2845 2914 3007 3052 3125 3157 3178 3206 3262 3331 3347 3355 3380 3461 3540 3593 3651 3698 3767 3832 3892 3962 4050 4074 4153 4237 4266
40 129 157 226 261 323 411 495 523 607 653 701 798 876 883 965 981 1030 1072 1131 1177 1205 1251 1336 1400 1442 1460 1540 1560 1632 1700 1784 1877 1905 1998 2004 2051 2057 2127 2164 2222 2283 2329 2386 2389 2450 2518 2567 2664 2690 2713 2753 2814 2878 2923 2924 3011 3101 3141 3164 3199 3211 3217 3305 3374 3386 3469 3533 3536 3625 3643 3674 3740 3822 3903 3983 4004 4046 4067 4161 4258 4356 4431 4467 4493 4552 4602 4662 4731 4815 4887
88 109 123 150 183 242 282 368 421 475 510 556 639 721 750 819 851 931 947 999 1027 1083 1098 1124 1171 1188 1245 1338 1387 1423 1439 1459 1492 1569 1623 1700 1748 1801 1817 1882 1946 2043 2063 2063 2107 2143 2143 2147 2162 2215 2253 2325 2421 2435 2469 2541 2599 2656 2722 2751 2832 2845 2926 2987 2991 3043 3111 3142 3237 3276 3328 3379 3453 3534 3612 3654 3747 3796 3891 3935 3948 4007 4030 4043 4120 4126 4152 4233 4271 4286
57 88 98 120 211 256 283 321 369 446 517 518 592 642 684 782 792 849 902 943 973 1004 1098 1164 1208 1234 1321 1382 1449 1543 1581 1588 1637 1731 1751 1834 1898 1988 2000 2075 2125 2159 2168 2185 2200 2239 2255 2343 2412 2468 2541 2573 2600 2666 2680 2767 2803 2892 2967 2982 3029 3055 3151 3247 3281 3320 3350 3363 3388 3480 3536 3589 3673 3708 3780 3847 3862 3926 3948 3984 4054 4118 4161 4195 4214 4247 4256 4341 4429
1 23 110 172 230 264 357 410 416 510 531 543 560 601 604 630 669 731 757 784 831 906 983 1072 1107 1187 1246 1291 1370 1374 1439 1495 1570 1614 1620 1637 1684 1744 1798 1810 1865 1867 1887 1958 2056 2085 2094 2098 2126 2140 2203 2214 2295 2369 2459 2519 2560 2604 2619 2675 2705 2708 2791 2840 2897 2993 3079 3109 3132 3192 3276 3350 3422 3497 3514 3572 3619 3687 3782 3793 3796 3890 3939 3976 4006 4009 4014 4090
77 101 108 123 201 201 242 280 291 355 403 426 511 524 557 619 682 754 766 803 845 940 982 1077 1163 1173 1220 1306 1336 1361 1454 1543 1603 1645 1682 1770 1860 1927 2013 2066 2084 2151 2156 2187 2192 2267 2363 2422 2477 2560 2568 2650 2689 2715 2781 2851 2877 2973 2994 3041 3127 3221 3297 3309 3338 3398 3403 3461 3467 3534 3548 3631 3718 3779 3844 3845 3871 3962 3984 3991 4088 4124 4125 4202 4260 4323 4362
3 90 115 142 160 242 288 311 327 372 440 444 454 488 532 598 677 724 757 795 875 940 1030 1030 1036 1099 1187 1271 1287 1384 1476 1550 1569 1631 1635 1658 1664 1732 1733 1780 1811 1900 1995 2023 2064 2122 2148 2181 2228 2274 2284 2311 2348 2357 2440 2506 2523 2568 2606 2658 2658 2682 2766 2803 2814 2875 2948 3009 3038 3104 3166 3176 3224 3292 3297 3362 3422 3453 3478 3527 3583 3641 3688 3721 3761 3778
67 77 136 193 205 293 333 413 509 542 565 582 590 680 695 768 787 809 827 833 923 927 1011 1089 1129 1226 1257 1335 1373 1427 1498 1519 1540 1600 1614 1652 1725 1805 1863 1938 2005 2027 2090 2175 2192 2249 2344 2400 2444 2480 2527 2578 2662 2687 2724 2822 2874 2881 2940 2961 2971 3055 3076 3100 3114 3209 3227 3274 3295 3303 3389 3483 3502 3506 3604 3647 3694 3701 3721 3775 3872 3927 3934 4008 4059
10 65 126 154 209 296 321 343 360 449 451 543 585 655 718 805 854 915 1007 1068 1099 1151 1240 1312 1387 1429 1508 1526 1555 1577 1644 1732 1766 1847 1855 1873 1937 1956 2006 2077 2116 2202 2202 2294 2368 2395 2487 2525 2607 2642 2739 2827 2924 2933 2978 2987 2991 3016 3029 3062 3116 3197 3241 3274 3346 3418 3470 3526 3533 3553 3631 3717 3754 3785 3823 3856 3865 3871 3927 4001 4076 4139 4147 4222
50 65 117 119 142 184 193 247 319 350 388 440 534 621 698 761 857 870 882 916 1009 1058 1065 1081 1095 1179 1182 1215 1216 1233 1327 1411 1486 1557 1632 1665 1730 1807 1903 1979 2052 2129 2140 2188 2257 2261 2305 2347 2348 2429 2506 2516 2601 2681 2748 2776 2778 2872 2873 2954 2976 3047 3049 3110 3125 3169 3171 3190 3248 3270 3342 3420 3514 3597 3635 3692 3751 3751 3829 3910 3937 4004 4027
49 139 209 266 307 339 374 413 439 443 457 501 538 588 640 679 688 714 792 800 825 843 919 941 992 1021 1090 1171 1224 1260 1333 1349 1367 1449 1524 1604 1617 1630 1688 1720 1723 1728 1768 1776 1802 1816 1893 1910 1997 2086 2142 2187 2249 2323 2362 2448 2484 2516 2527 2553 2567 2596 2658 2706 2724 2753 2815 2831 2913 3010 3088 3099 3185 3265 3322 3375 3400 3482 3545 3632 3707 3775
77 173 198 241 257 333 383 409 445 503 508 568 620 653 739 739 744 758 832 918 984 1018 1100 1185 1262 1270 1290 1371 1380 1406 1430 1506 1574 1625 1655 1700 1707 1765 1835 1897 1961 2054 2106 2133 2156 2161 2253 2307 2395 2489 2587 2613 2670 2748 2782 2853 2879 2955 3033 3115 3189 3217 3238 3263 3335 3400 3477 3530 3605 3626 3630 3719 3743 3764 3829 3903 3921 3942 3984 4040 4046
55 102 115 157 201 217 300 337 370 421 427 504 514 601 626 661 728 782 867 912 987 1080 1132 1185 1283 1321 1415 1446 1505 1578 1640 1699 1756 1756 1843 1914 1965 2004 2070 2123 2146 2222 2237 2334 2345 2428 2509 2524 2585 2614 2620 2713 2766 2785 2881 2882 2942 2993 3021 3044 3065 3126 3151 3215 3257 3276 3313 3370 3415 3464 3524 3551 3614 3687 3710 3782 3875 3971 4066 4146
21 79 104 168 178 266 323 345 356 422 479 490 517 530 627 666 683 732 830 897 986 1010 1014 1034 1082 1131 1220 1318 1360 1413 1482 1489 1577 1655 1659 1713 1733 1785 1857 1942 1966 1996 2013 2085 2109 2180 2207 2225 2288 2310 2361 2394 2466 2543 2573 2576 2610 2701 2721 2755 2814 2827 2923 3001 3083 3098 3144 3166 3250 3338 3413 3477 3527 3602 3689 3732 3807 3818 3875
41 77 131 158 199 202 258 331 387 445 520 586 680 753 822 894 987 1081 1156 1160 1248 1269 1282 1377 1423 1429 1447 1540 1558 1628 1674 1705 1760 1818 1863 1961 2001 2013 2057 2117 2187 2212 2270 2302 2357 2391 2441 2527 2582 2665 2714 2791 2821 2892 2966 3027 3051 3135 3193 3203 3256 3276 3297 3383 3406 3433 3510 3600 3639 3690 3746 3761 3805 3818 3901 3961 4011 4022
20 45 121 203 218 230 312 312 369 463 465 513 596 651 714 768 783 843 855 868 891 962 964 1060 1105 1167 1252 1321 1400 1446 1521 1617 1689 1760 1843 1939 1971 1971 2016 2108 2187 2203 2295 2329 2388 2486 2507 2533 2575 2658 2659 2714 2745 2802 2858 2903 2999 3019 3033 3050 3105 3135 3216 3222 3265 3273 3281 3282 3329 3409 3480 3537 3631 3675 3696 3743 3784
53 113 127 179 263 339 405 445 458 547 561 588 591 646 693 702 702 785 861 955 967 1057 1103 1191 1233 1309 1332 1419 1510 1526 1593 1659 1735 1808 1820 1847 1937 1973 2004 2077 2123 2167 2212 2305 2330 2376 2403 2423 2511 2563 2626 2655 2712 2796 2848 2918 2935 2972 3012 3092 3164 3186 3232 3291 3371 3385 3426 3510 3535 3620 3628 3663 3677 3701 3798 3881
96 130 221 273 351 372 423 501 518 569 579 669 756 840 922 951 1042 1129 1135 1160 1180 1270 1312 1389 1396 1437 1458 1475 1497 1591 1650 1670 1692 1765 1815 1870 1966 2045 2083 2098 2155 2213 2298 2331 2407 2422 2466 2490 2546 2619 2660 2715 2807 2881 2957 3046 3098 3126 3198 3290 3309 3387 3420 3480 3487 3517 3600 3662 3681 3759 3808 3849 3892 3979 3992
64 126 204 247 335 402 451 468 493 543 639 672 714 789 867 902 923 929 986 1034 1129 1179 1255 1300 1392 1458 1486 1518 1610 1647 1674 1676 1709 1774 1862 1880 1961 1985 2078 2151 2246 2332 2378 2392 2483 2570 2608 2659 2705 2727 2800 2854 2905 2954 3050 3106 3151 3159 3255 3305 3347 3347 3423 3454 3531 3581 3598 3627 3724 3744 3838 3859 3870 3913
72 123 150 244 304 342 438 500 527 550 639 736 821 837 847 905 918 1016 1113 1197 1239 1291 1309 1345 1438 1497 1559 1609 1659 1699 1796 1806 1888 1980 2050 2052 2058 2139 2222 2285 2365 2412 2416 2504 2547 2636 2690 2771 2835 2919 2919 2963 3006 3094 3151 3232 3241 3255 3294 3298 3367 3453 3524 3547 3592 3605 3684 3694 3742 3783 3788 3800 3852
43 66 73 154 174 211 297 297 339 360 390 393 430 516 611 625 641 664 729 794 878 907 970 1054 1058 1106 1121 1187 1236 1277 1314 1335 1381 1392 1430 1453 1470 1565 1592 1616 1644 1718 1804 1864 1927 2004 2038 2052 2068 2113 2132 2196 2229 2279 2341 2432 2515 2518 2532 2586 2595 2652 2672 2699 2717 2782 2847 2943 3007 3061 3070 3074
19 21 79 138 145 232 232 312 396 467 511 515 516 521 616 624 712 716 814 824 919 923 1008 1076 1112 1131 1196 1239 1258 1280 1360 1425 1435 1517 1601 1656 1734 1793 1833 1874 1886 1886 1905 1930 1960 2000 2086 2127 2207 2254 2312 2354 2409 2423 2429 2430 2437 2474 2487 2498 2506 2596 2635 2726 2753 2780 2782 2792 2853 2872 2924
83 95 159 174 259 293 385 391 445 485 547 621 692 699 705 707 749 802 824 905 964 994 1032 1060 1088 1099 1184 1230 1230 1241 1317 1395 1445 1467 1502 1507 1553 1649 1730 1798 1869 1939 1954 1988 2012 2053 2137 2175 2244 2265 2274 2314 2370 2425 2450 2489 2566 2591 2628 2673 2679 2731 2759 2769 2819 2916 2927 2980 3058 3135
12 53 128 224 225 238 277 299 334 362 379 459 525 579 656 684 782 790 793 849 947 976 998 1083 1136 1216 1265 1285 1317 1345 1412 1416 1483 1516 1525 1592 1648 1736 1797 1878 1909 1942 2020 2040 2138 2224 2236 2299 2387 2406 2433 2448 2469 2491 2538 2618 2632 2708 2778 2865 2932 3021 3024 3100 3124 3128 3202 3253 3300
35 84 111 138 197 208 262 307 403 457 505 514 518 550 578 664 708 802 880 941 967 1064 1089 1114 1207 1292 1359 1398 1452 1485 1524 1598 1617 1683 1721 1784 1842 1868 1883 1961 2001 2012 2052 2111 2152 2209 2260 2276 2290 2373 2468 2494 2503 2578 2657 2700 2797 2823 2847 2899 2938 2944 2988 3063 3073 3162 3225 3291
35 131 190 197 269 364 434 456 510 513 567 629 676 719 735 759 805 811 826 922 974 1017 1077 1165 1221 1293 1295 1315 1385 1387 1412 1455 1488 1545 1609 1677 1719 1753 1795 1861 1877 1907 1942 1955 2011 2024 2121 2180 2190 2239 2260 2353 2360 2426 2492 2551 2600 2672 2739 2752 2812 2910 2927 3016 3065 3163 3192
44 141 198 226 270 315 373 385 473 521 563 634 651 671 702 710 788 793 826 827 885 897 902 923 1015 1052 1132 1137 1218 1242 1312 1389 1428 1510 1521 1596 1686 1693 1757 1780 1829 1859 1946 1986 2051 2089 2117 2126 2154 2245 2336 2431 2495 2576 2602 2664 2699 2755 2817 2843 2924 2969 3054 3105 3107 3144
48 49 77 91 178 210 290 296 313 386 447 524 607 684 737 743 744 800 841 887 942 956 1003 1071 1134 1224 1261 1309 1321 1337 1346 1347 1372 1468 1529 1554 1579 1598 1612 1683 1688 1708 1749 1845 1940 2031 2034 2116 2139 2197 2231 2267 2337 2356 2426 2446 2464 2543 2622 2638 2718 2777 2851 2857 2874
24 103 149 181 271 274 300 341 436 466 467 490 537 592 647 685 734 811 844 849 894 975 1032 1097 1142 1165 1240 1318 1407 1456 1540 1546 1559 1616 1646 1671 1744 1789 1851 1869 1958 1992 2033 2117 2183 2210 2264 2291 2339 2424 2485 2542 2622 2714 2735 2788 2802 2869 2873 2926 2965 2976 3042 3119
75 127 204 284 303 371 440 480 543 589 606 663 751 816 822 910 956 1015 1110 1190 1222 1270 1320 1365 1447 1545 1567 1583 1641 1719 1794 1828 1910 1918 1953 1986 2079 2112 2148 2171 2221 2265 2341 2420 2499 2554 2589 2612 2620 2705 2760 2850 2886 2916 2995 3002 3021 3103 3104 3132 3155 3159 3194
82 170 221 316 390 483 522 566 655 708 793 803 850 875 891 951 997 1065 1096 1106 1166 1208 1258 1301 1319 1383 1458 1514 1535 1565 1634 1696 1737 1748 1841 1843 1904 1936 1954 2030 2102 2153 2171 2230 2246 2277 2375 2376 2455 2489 2538 2608 2631 2658 2716 2785 2849 2882 2893 2943 3018 3116
97 173 211 256 287 325 330 375 408 418 432 522 591 601 602 629 720 790 843 926 1006 1103 1174 1262 1299 1382 1426 1432 1445 1540 1580 1648 1688 1774 1783 1838 1881 1921 1998 2089 2174 2191 2255 2347 2402 2495 2571 2636 2651 2731 2744 2813 2860 2861 2918 2964 2969 2978 3041 3082 3168
48 65 65 152 156 156 234 329 419 431 482 493 564 650 700 771 863 939 958 982 1021 1028 1041 1094 1128 1220 1260 1271 1336 1373 1441 1464 1472 1542 1621 1683 1718 1785 1808 1844 1858 1954 1980 2056 2096 2147 2174 2176 2211 2307 2389 2397 2447 2541 2551 2644 2742 2789 2823 2866
70 161 246 342 372 397 409 429 512 587 655 753 840 924 964 1051 1140 1175 1234 1248 1341 1427 1499 1592 1609 1656 1681 1721 1764 1815 1827 1849 1885 1944 2008 2074 2085 2145 2171 2225 2275 2372 2441 2444 2477 2560 2600 2680 2760 2789 2842 2900 2988 3046 3075 3114 3152 3195 3292
56 119 213 294 297 370 454 505 580 674 694 764 853 883 902 950 997 1015 1079 1171 1198 1270 1302 1393 1464 1553 1639 1650 1686 1693 1762 1800 1883 1883 1909 1979 2052 2141 2163 2222 2275 2348 2352 2368 2455 2474 2506 2508 2529 2589 2643 2729 2763 2784 2833 2857 2929 2940
99 101 115 134 160 188 240 281 335 364 422 511 543 620 631 714 787 846 887 894 932 1029 1122 1141 1183 1218 1260 1339 1341 1415 1481 1494 1581 1585 1619 1681 1698 1721 1796 1822 1866 1898 1913 1986 2074 2139 2184 2195 2244 2256 2337 2419 2469 2547 2569 2574 2648
71 98 192 205 242 284 290 292 339 429 452 512 558 607 642 668 737 773 813 883 936 972 1059 1068 1081 1151 1181 1269 1321 1365 1439 1497 1544 1642 1658 1679 1760 1832 1875 1923 2000 2017 2100 2182 2279 2334 2430 2514 2575 2624 2707 2777 2821 2872 2964 3055
22 29 59 142 146 230 260 319 363 461 546 615 660 675 704 801 866 943 968 985 1031 1093 1183 1247 1291 1305 1400 1487 1501 1540 1591 1688 1706 1727 1790 1865 1954 2004 2027 2029 2088 2096 2140 2153 2193 2206 2217 2295 2298 2369 2393 2403 2436 2455 2493
74 151 178 242 274 284 318 355 435 440 522 524 538 575 611 659 732 744 781 808 825 873 964 1049 1124 1127 1158 1210 1224 1295 1355 1363 1436 1477 1494 1570 1590 1640 1694 1762 1821 1830 1920 1941 1997 2042 2062 2111 2126 2172 2208 2277 2330 2354
62 157 193 195 222 306 398 445 451 471 560 603 652 665 746 772 776 787 797 870 949 1036 1107 1191 1251 1270 1302 1329 1412 1415 1422 1517 1535 1565 1631 1687 1746 1829 1849 1866 1926 1962 1967 1973 1996 2050 2104 2202 2270 2349 2416 2484 2505
69 105 202 207 299 386 426 521 572 639 700 739 767 799 846 912 929 1004 1014 1024 1092 1153 1230 1298 1373 1457 1463 1483 1515 1542 1627 1646 1672 1709 1711 1795 1849 1852 1945 1969 2012 2049 2139 2230 2300 2356 2430 2450 2495 2546 2573 2600
76 137 164 219 269 299 348 364 441 484 519 530 551 621 702 713 750 809 828 880 978 1006 1032 1054 1142 1165 1226 1250 1276 1326 1367 1437 1496 1563 1608 1692 1739 1793 1804 1899 1968 1998 2051 2120 2128 2170 2266 2352 2369 2467 2532
98 134 195 276 339 397 475 529 550 565 645 740 820 893 990 1036 1128 1161 1193 1232 1315 1322 1381 1473 1475 1516 1582 1658 1751 1770 1791 1801 1818 1888 1951 1994 2026 2033 2055 2072 2154 2216 2277 2285 2366 2380 2413 2476 2526 2599
50 104 193 231 294 328 379 450 518 544 544 561 647 693 788 800 874 943 973 976 992 1034 1052 1069 1092 1160 1245 1274 1289 1343 1404 1431 1431 1485 1492 1551 1586 1660 1752 1797 1877 1894 1949 1976 1990 2082 2138 2210 2255
90 132 195 279 316 388 415 419 452 536 544 582 679 745 796 880 882 895 903 928 967 1003 1011 1058 1154 1154 1171 1252 1341 1395 1451 1481 1486 1525 1580 1585 1621 1642 1675 1724 1761 1820 1910 1975 2068 2105 2106 2125
36 106 183 227 294 319 415 433 514 566 662 690 786 867 932 1030 1119 1194 1283 1304 1396 1474 1548 1566 1649 1721 1785 1796 1861 1945 1972 1993 2057 2084 2181 2243 2271 2311 2365 2421 2485 2503 2530 2579 2676 2740 2741
27 116 206 230 260 344 432 518 593 642 712 772 825 880 928 1003 1030 1099 1112 1165 1173 1179 1274 1287 1322 1327 1413 1427 1430 1430 1490 1547 1547 1567 1574 1638 1728 1736 1767 1771 1771 1850 1935 1992 2021 2052
7 101 173 178 220 292 362 373 411 414 445 481 515 525 530 558 620 648 662 734 766 828 851 934 958 1015 1087 1182 1216 1298 1330 1409 1477 1500 1511 1606 1623 1654 1751 1824 1874 1929 1966 2032 2048
17 47 78 80 86 157 164 222 241 245 298 314 384 475 564 581 592 611 623 704 705 706 743 763 815 912 960 1009 1102 1152 1223 1299 1376 1389 1468 1508 1582 1672 1727 1787 1864 1933 2014 2103
70 128 151 170 230 234 291 315 378 388 389 409 413 448 456 539 579 659 660 703 791 840 909 982 1002 1093 1117 1119 1152 1170 1223 1286 1361 1448 1482 1491 1492 1551 1624 1636 1679 1697 1722
70 73 112 162 202 216 262 336 362 451 541 552 586 607 615 702 728 752 756 831 920 923 925 951 991 1033 1054 1086 1178 1245 1255 1278 1285 1298 1389 1481 1520 1552 1623 1709 1731 1800
52 94 182 239 321 418 481 517 559 637 693 762 794 874 925 973 1053 1086 1136 1200 1285 1364 1417 1461 1502 1576 1611 1616 1713 1715 1727 1786 1789 1811 1845 1847 1912 1983 2009 2014 2023
15 98 181 201 249 315 340 428 520 522 578 626 677 691 743 832 893 907 951 1018 1076 1133 1177 1252 1281 1290 1318 1337 1341 1355 1366 1403 1456 1483 1539 1555 1606 1694 1723 1779
55 152 215 231 296 376 418 420 454 456 512 549 612 624 672 735 802 882 883 896 953 962 1041 1062 1154 1232 1321 1402 1486 1499 1558 1614 1695 1721 1723 1735 1757 1784 1848
2 3 56 100 172 268 273 322 337 396 446 533 561 628 706 791 803 851 910 996 1081 1094 1106 1173 1191 1248 1253 1336 1409 1503 1515 1531 1599 1686 1746 1754 1800 1813
58 125 165 217 275 325 376 419 491 540 563 623 655 701 709 785 832 876 906 995 1086 1108 1148 1174 1255 1295 1341 1386 1436 1480 1523 1557 1625 1695 1703 1715 1791
49 131 195 223 263 287 375 460 524 558 643 706 741 783 789 862 886 953 985 1045 1076 1112 1156 1239 1286 1341 1398 1425 1502 1548 1577 1588 1623 1651 1733 1799
73 121 135 186 219 283 306 394 423 484 540 615 705 723 723 785 811 908 986 1038 1047 1133 1183 1185 1232 1276 1291 1293 1357 1363 1384 1472 1478 1561 1604
88 129 133 173 207 266 322 338 393 420 483 570 654 663 714 779 866 882 928 983 1033 1123 1172 1174 1198 1285 1329 1404 1490 1542 1623 1625 1718 1792
71 135 136 146 198 274 278 307 390 420 428 440 516 554 606 659 715 795 806 869 935 981 1068 1115 1192 1205 1236 1300 1351 1387 1387 1405 1493
94 161 173 211 265 314 404 474 502 598 613 626 685 730 734 782 794 801 869 931 955 992 1082 1131 1202 1284 1328 1386 1405 1473 1523 1618
97 100 140 198 286 339 344 369 426 427 468 524 533 630 673 733 737 786 842 905 940 990 1044 1061 1124 1204 1246 1279 1320 1321 1369
34 50 105 123 141 179 190 249 302 367 422 488 552 639 714 763 807 891 918 941 994 994 1034 1112 1156 1227 1279 1333 1394 1410
32 117 174 239 299 315 395 479 530 572 648 717 795 803 859 881 962 1054 1109 1163 1184 1198 1274 1334 1387 1481 1484 1535 1545
24 114 192 220 254 283 311 349 400 471 503 541 573 596 656 729 761 767 826 876 919 982 1063 1152 1168 1204 1285 1355
36 113 139 183 221 247 334 426 484 508 571 662 748 820 826 897 907 936 939 966 1019 1068 1135 1185 1250 1296 1307
81 149 244 295 304 330 388 486 525 561 593 615 675 701 724 821 830 865 891 944 1027 1077 1120 1148 1159 1189
81 116 203 227 316 373 396 452 528 603 621 713 762 799 856 856 891 974 981 1077 1093 1127 1189 1241 1277
45 87 116 135 180 261 331 387 463 561 637 726 734 767 779 840 925 1007 1062 1120 1204 1251 1311 1329
95 128 156 161 206 216 260 321 388 437 451 476 508 585 613 701 725 783 865 917 938 948 958
90 123 145 179 188 242 282 377 401 401 482 558 558 631 721 782 807 846 885 957 990 1028
27 29 80 115 186 277 367 394 428 504 568 660 747 790 819 852 904 932 987 1053 1080
93 114 151 183 185 191 282 367 433 463 547 583 625 698 784 865 922 953 982 1058
85 126 185 254 349 406 483 570 600 676 760 837 861 956 982 1025 1037 1079 1162
90 148 156 222 222 263 315 394 457 482 488 586 672 723 766 817 906 1003
43 61 92 111 117 179 255 274 336 433 451 534 569 660 753 758 829
49 143 185 220 254 283 322 380 465 468 511 558 565 567 624 667
59 110 169 195 229 230 249 318 401 437 491 532 549 618 678
33 102 187 218 251 344 366 406 447 453 498 569 660 748
1 78 104 172 177 239 314 368 431 494 568 659 720
13 91 173 199 272 285 322 340 385 403 426 447
67 84 134 153 249 322 402 408 463 530 625
30 117 174 272 280 366 409 503 541 628
25 57 62 158 201 236 257 320 337
13 53 106 159 238 252 276 324
87 169 257 311 368 415 455
28 92 111 135 186 227
3 64 78 110 192
71 135 149 162
19 37 104
27 57
35
