42
53 88 101 154 242 273 325 423 442 520 521 613 699 779 845 938 984 1062 1150 1206 1251 1267 1282 1332 1412 1435 1471 1564 1655 1722 1765 1778 1826 1870 1880 1913 1993 2080 2152 2238 2276 2353
95 128 136 218 224 235 300 366 459 535 561 634 662 739 767 865 886 895 938 947 1029 1115 1158 1233 1308 1317 1322 1328 1371 1398 1484 1515 1518 1613 1683 1717 1790 1807 1904 1983 2033
77 150 177 247 304 397 493 497 529 595 640 736 778 834 887 899 936 995 1060 1157 1253 1264 1336 1340 1355 1397 1408 1423 1476 1570 1601 1687 1730 1824 1849 1924 1993 2006 2097 2133
80 168 239 318 395 469 553 626 662 725 804 869 948 979 997 1023 1112 1121 1146 1215 1285 1366 1387 1466 1492 1515 1565 1635 1639 1727 1767 1787 1814 1872 1888 1909 2005 2066 2126
59 143 202 300 374 444 482 546 585 658 739 761 837 862 918 952 1002 1034 1043 1061 1140 1198 1296 1385 1387 1394 1441 1483 1493 1506 1553 1612 1626 1647 1657 1666 1713 1786
97 98 165 245 335 416 489 578 664 703 771 798 826 905 932 975 1069 1130 1204 1219 1267 1311 1340 1390 1427 1467 1497 1535 1538 1563 1567 1569 1609 1703 1778 1863 1955
18 107 147 159 247 297 336 413 434 464 539 634 705 782 788 863 919 976 1017 1026 1075 1124 1219 1263 1266 1330 1407 1483 1581 1659 1680 1740 1817 1874 1937 1985
21 80 130 204 265 271 355 450 462 463 554 618 661 735 763 774 789 846 852 916 942 982 1016 1102 1156 1192 1271 1362 1409 1507 1565 1641 1695 1701 1711
62 115 182 187 245 312 388 430 504 509 563 627 690 741 828 872 885 902 946 956 974 1054 1110 1123 1129 1171 1212 1241 1297 1395 1441 1460 1556 1645
23 105 125 223 310 402 486 563 631 638 695 751 772 819 883 915 998 1057 1152 1237 1332 1366 1411 1425 1426 1519 1532 1574 1657 1698 1767 1854 1933
74 166 222 282 314 412 440 524 552 611 625 707 711 724 785 849 889 903 964 1016 1027 1098 1148 1243 1317 1366 1427 1497 1500 1580 1589 1629
44 98 172 242 252 291 350 418 427 429 519 567 636 712 740 826 849 886 968 1045 1119 1187 1256 1296 1304 1339 1352 1355 1437 1497 1540
7 72 128 197 237 275 327 339 421 458 554 590 631 686 777 867 919 1004 1011 1020 1084 1100 1146 1174 1217 1252 1266 1310 1336 1360
60 76 150 173 199 243 280 365 371 426 509 519 541 628 652 685 707 752 806 825 856 940 995 1077 1107 1121 1135 1148 1151
78 109 137 184 271 309 319 376 460 536 615 703 799 828 864 892 957 973 1008 1056 1072 1156 1173 1265 1304 1345 1427 1497
53 107 107 195 226 282 336 355 409 498 526 546 608 629 637 651 727 799 834 874 947 1023 1071 1145 1211 1245 1333
47 131 185 267 309 309 375 446 478 575 660 684 772 816 831 919 970 1002 1083 1103 1115 1185 1244 1274 1327 1327
15 40 68 160 248 299 315 335 415 427 466 515 563 569 632 692 744 760 853 873 874 888 953 987 999
21 62 150 191 249 283 303 387 460 516 541 572 600 602 627 676 731 805 832 927 1021 1106 1188 1222
70 163 244 270 304 349 440 457 531 606 679 737 802 825 914 1004 1064 1094 1123 1164 1219 1290 1357
35 94 183 277 375 414 487 502 559 639 708 767 838 924 971 983 1028 1037 1053 1058 1108 1113
30 81 161 178 218 222 318 396 462 559 619 646 688 736 782 830 905 998 1091 1099 1123
21 33 57 152 243 336 345 427 520 575 617 654 684 735 762 762 844 913 964 966
50 148 173 188 205 229 268 277 310 374 443 524 589 606 609 702 705 713 730
19 107 115 164 165 204 248 287 334 368 400 434 495 538 604 680 691 755
16 57 122 162 197 236 323 352 411 502 513 525 599 637 724 793 831
12 58 130 181 238 275 335 387 391 394 477 502 565 620 710 806
91 99 100 117 171 184 268 271 339 429 489 523 557 633 688
73 91 164 172 177 225 276 374 465 506 560 616 703 734
98 125 170 206 274 358 429 438 484 515 526 545 591
82 153 181 275 366 402 473 525 537 629 664 752
21 35 70 88 123 134 213 218 259 295 328
57 107 114 170 171 181 224 264 329 417
15 17 86 152 203 287 311 342 386
6 79 110 185 274 339 415 416
69 136 173 209 255 303 341
75 87 96 189 244 280
10 90 133 227 282
98 133 207 212
99 135 231
52 123
34
