18
50 117 148 180 259 298 326 403 485 537 560 583 656 714 808 875 961 961
34 69 88 149 171 191 288 329 384 403 461 489 538 613 641 655 704
64 83 105 166 232 253 258 280 342 428 496 538 613 647 726 758
88 101 131 176 177 258 352 393 423 485 552 571 571 654 662
7 57 153 240 302 321 398 464 558 652 748 830 845 861
61 150 207 222 243 284 373 440 496 525 544 608 609
79 121 180 224 256 279 372 449 462 535 612 613
75 171 191 261 328 404 474 571 669 743 835
87 121 138 149 171 191 229 278 350 391
50 84 135 178 188 233 320 414 486
85 129 171 242 329 365 382 409
18 110 159 194 240 258 325
24 44 133 147 179 234
36 97 104 105 157
68 127 128 141
57 129 203
72 122
47
