37
55 102 157 226 296 312 360 412 460 531 565 653 673 694 712 727 791 846 873 890 965 1017 1092 1146 1161 1249 1270 1313 1328 1362 1429 1506 1545 1593 1660 1715 1776
47 53 134 192 260 343 369 386 397 415 416 416 462 509 544 639 653 734 744 763 840 913 952 987 1046 1094 1144 1157 1188 1272 1333 1422 1492 1548 1643 1648
74 134 170 201 224 243 308 345 359 441 522 540 556 581 638 670 767 831 839 898 978 1076 1117 1170 1206 1275 1349 1418 1442 1510 1576 1631 1693 1699 1767
2 23 33 56 62 111 142 177 254 280 365 399 415 449 474 514 516 557 622 707 745 754 809 874 934 937 972 1068 1137 1161 1196 1245 1255 1281
1 27 57 110 173 233 290 358 424 433 465 541 594 601 618 660 676 725 764 769 818 909 977 1037 1102 1127 1137 1190 1225 1321 1411 1432 1449
58 89 129 150 155 243 269 357 447 486 511 532 597 609 655 698 732 758 848 878 972 1021 1033 1129 1154 1184 1239 1305 1314 1333 1379 1392
37 64 91 109 110 159 203 300 317 409 499 575 631 668 741 800 876 941 982 1029 1124 1125 1153 1235 1238 1323 1368 1423 1490 1511 1513
64 80 113 156 197 264 326 349 408 471 515 607 641 647 737 742 742 789 811 852 874 882 955 996 997 998 1023 1070 1078 1119
69 116 180 264 324 354 402 406 504 530 595 632 674 733 814 838 856 933 954 1004 1058 1141 1191 1212 1272 1317 1368 1461 1559
96 193 276 356 360 392 456 476 512 580 674 750 825 849 932 964 994 1074 1079 1090 1181 1182 1209 1231 1302 1396 1412 1414
90 146 239 286 318 388 416 437 484 490 501 516 532 536 550 611 661 729 807 863 915 977 1004 1013 1019 1059 1107
78 97 192 245 332 418 477 521 534 544 588 686 689 706 754 770 819 859 888 901 964 1055 1106 1141 1194 1276
33 86 183 220 281 304 376 421 482 562 615 621 646 670 703 793 802 802 888 899 941 944 967 1050 1137
33 75 75 127 225 286 372 435 466 475 537 547 641 695 778 851 879 956 1029 1069 1116 1158 1202 1228
20 97 180 272 306 338 371 468 561 564 596 662 711 723 765 772 865 889 906 956 995 1063 1136
85 96 188 269 285 346 419 472 502 535 564 615 640 641 709 791 838 844 940 949 965 969
37 69 148 202 269 367 437 504 561 625 645 676 748 824 904 953 1006 1011 1037 1135 1175
91 182 214 238 276 374 434 458 465 506 517 576 629 701 718 732 794 875 900 957
19 95 164 204 271 359 386 394 395 485 544 602 639 700 792 875 887 971 1003
31 93 100 154 161 168 220 283 366 386 400 491 497 499 523 620 684 703
15 61 120 168 242 284 360 442 468 544 578 608 618 702 710 782 879
52 150 158 210 275 317 365 388 469 502 594 597 663 724 782 835
92 119 183 281 338 374 455 457 474 527 550 601 662 758 851
23 77 128 207 286 361 366 443 524 569 640 719 743 758
97 167 193 274 299 377 431 434 458 504 529 607 629
35 91 182 266 306 314 366 446 497 510 542 574
4 91 153 196 255 329 392 469 471 541 614
69 96 105 162 236 287 339 401 412 427
46 136 140 226 234 298 394 461 465
59 92 166 228 280 354 391 400
19 79 132 182 234 299 353
98 183 251 276 341 344
95 121 133 187 223
68 163 210 217
77 151 209
59 64
47
