16
57 132 199 279 298 381 446 541 558 610 693 707 801 860 877 897
41 110 145 214 271 280 374 400 496 555 556 628 670 748 823
5 15 33 89 186 217 241 248 331 429 444 494 525 572
9 12 45 79 163 188 219 315 401 472 535 588 597
58 124 161 253 348 363 461 549 612 656 751 841
36 60 157 159 177 206 221 258 330 420 506
46 65 115 157 169 177 200 262 330 424
85 139 185 248 319 395 490 531 574
17 55 113 171 235 268 268 306
84 138 231 308 327 384 458
36 79 93 186 191 281
7 90 180 256 325
74 145 179 224
49 138 223
69 118
50
