85
78 141 182 259 259 338 382 430 476 536 569 658 742 742 749 764 846 876 887 912 1005 1067 1112 1155 1159 1188 1280 1333 1377 1411 1501 1539 1555 1629 1637 1687 1701 1743 1825 1827 1840 1904 1937 2024 2025 2111 2147 2212 2218 2296 2369 2453 2480 2519 2551 2638 2729 2814 2889 2964 3034 3067 3120 3186 3242 3254 3336 3379 3423 3465 3522 3533 3556 3577 3601 3654 3659 3699 3780 3805 3831 3898 3938 4004 4010
53 145 206 243 285 335 381 461 558 630 704 722 725 782 835 905 919 953 1006 1017 1115 1200 1215 1299 1367 1452 1493 1566 1639 1694 1697 1699 1759 1782 1837 1880 1942 1946 2026 2031 2044 2112 2185 2234 2305 2340 2390 2446 2489 2527 2558 2608 2664 2675 2749 2762 2794 2844 2928 2944 3012 3089 3091 3162 3235 3312 3390 3438 3441 3473 3538 3595 3603 3627 3717 3753 3793 3818 3895 3945 4003 4054 4121 4166
54 54 59 104 139 175 221 276 297 368 409 462 503 570 638 663 688 729 787 824 885 963 1042 1137 1164 1212 1259 1343 1380 1400 1406 1443 1486 1549 1597 1622 1650 1716 1753 1782 1782 1793 1863 1938 2005 2073 2153 2233 2310 2354 2443 2471 2471 2505 2519 2600 2645 2678 2725 2800 2804 2847 2863 2961 3039 3058 3083 3158 3167 3185 3278 3285 3352 3435 3447 3490 3588 3601 3692 3749 3762 3828 3891
97 189 238 326 408 416 436 471 497 526 611 695 734 741 838 858 866 891 924 996 1088 1172 1251 1311 1364 1394 1484 1486 1516 1594 1636 1688 1785 1845 1888 1910 1930 1955 2012 2052 2073 2105 2173 2195 2198 2273 2309 2404 2420 2486 2494 2546 2573 2581 2584 2663 2744 2745 2799 2831 2841 2859 2872 2875 2939 3006 3100 3153 3203 3205 3207 3271 3301 3376 3447 3509 3575 3602 3685 3767 3845 3918
3 36 117 210 277 285 376 378 392 419 460 531 562 595 615 641 683 728 792 831 854 935 944 1015 1052 1111 1152 1152 1247 1331 1390 1421 1453 1490 1557 1647 1740 1795 1824 1888 1928 1979 1982 2059 2119 2153 2221 2316 2397 2476 2562 2600 2693 2729 2823 2903 2965 3052 3126 3155 3195 3275 3280 3351 3427 3435 3459 3506 3520 3523 3549 3624 3685 3776 3785 3856 3926 3991 3991 4074 4144
62 140 235 239 285 297 303 310 358 404 454 545 560 606 681 752 765 795 805 872 876 972 1031 1097 1154 1160 1242 1282 1345 1433 1475 1500 1518 1549 1553 1599 1600 1666 1666 1755 1814 1885 1976 2012 2020 2023 2091 2102 2142 2236 2254 2259 2342 2382 2476 2479 2558 2636 2678 2740 2772 2864 2933 2954 3052 3127 3180 3206 3266 3319 3380 3468 3530 3531 3611 3677 3729 3800 3825 3876
99 164 175 261 298 342 344 421 432 474 547 581 629 683 698 789 862 935 964 1020 1078 1125 1162 1202 1225 1242 1282 1369 1379 1418 1481 1488 1509 1530 1555 1634 1670 1743 1794 1854 1881 1927 2025 2090 2153 2155 2225 2257 2293 2315 2334 2396 2396 2404 2425 2465 2489 2526 2619 2632 2649 2723 2775 2826 2885 2960 3049 3112 3132 3215 3275 3349 3372 3448 3485 3558 3653 3698 3775
95 96 147 148 224 283 364 415 460 535 550 604 670 750 783 788 806 896 973 1012 1036 1037 1047 1135 1142 1159 1214 1221 1306 1346 1427 1449 1542 1546 1575 1628 1668 1756 1852 1867 1938 1944 1982 2021 2098 2176 2225 2307 2405 2416 2427 2521 2580 2644 2718 2768 2770 2822 2856 2872 2909 2971 3061 3102 3103 3107 3160 3210 3215 3221 3290 3335 3426 3492 3518 3576 3665 3728
48 140 187 227 320 401 476 541 624 626 688 775 777 855 931 1028 1065 1077 1125 1204 1265 1328 1361 1365 1459 1481 1522 1552 1587 1608 1659 1716 1752 1841 1913 1933 2007 2026 2113 2146 2175 2218 2272 2282 2363 2461 2519 2574 2645 2711 2737 2771 2792 2852 2944 2991 3049 3122 3135 3225 3282 3313 3338 3393 3398 3473 3518 3530 3573 3596 3618 3684 3767 3796 3796 3818 3849
82 129 143 167 244 328 419 452 459 523 594 619 692 751 819 833 924 1002 1024 1052 1149 1246 1248 1265 1274 1285 1323 1330 1384 1465 1519 1560 1584 1601 1631 1645 1710 1743 1839 1878 1944 1982 2065 2112 2154 2246 2344 2409 2507 2598 2694 2761 2813 2832 2927 2980 3066 3066 3159 3202 3267 3308 3362 3400 3428 3479 3503 3546 3548 3591 3610 3619 3712 3724 3788 3848
50 134 178 182 233 286 376 441 521 576 599 638 700 741 787 806 859 938 1034 1116 1199 1244 1338 1339 1340 1381 1427 1476 1525 1616 1682 1766 1774 1839 1925 1982 2022 2081 2166 2219 2290 2308 2343 2343 2383 2479 2562 2611 2665 2722 2793 2860 2943 3040 3048 3102 3127 3143 3232 3234 3316 3413 3425 3449 3528 3554 3584 3672 3727 3745 3780 3823 3884 3955 3957
94 117 157 223 250 305 398 493 517 532 554 559 619 701 715 799 839 883 937 1032 1099 1172 1188 1189 1281 1361 1406 1469 1500 1533 1579 1597 1608 1615 1665 1690 1725 1812 1880 1887 1902 1964 2004 2100 2157 2188 2230 2313 2387 2467 2565 2652 2740 2785 2827 2875 2877 2879 2945 3016 3017 3032 3058 3059 3138 3224 3244 3308 3348 3378 3399 3462 3500 3509
81 149 220 293 359 425 474 509 583 607 652 747 823 864 942 1040 1058 1084 1101 1185 1242 1331 1392 1448 1496 1553 1643 1651 1701 1747 1772 1803 1888 1962 1972 2030 2042 2071 2113 2159 2197 2213 2291 2367 2411 2481 2504 2550 2593 2664 2695 2760 2805 2845 2895 2896 2940 2991 3011 3105 3115 3173 3216 3220 3221 3264 3328 3411 3475 3570 3637 3690 3742
49 65 145 178 230 301 321 417 436 513 540 593 629 707 716 743 809 857 866 886 911 1004 1006 1094 1166 1179 1271 1337 1343 1412 1500 1590 1665 1732 1784 1873 1893 1981 2070 2112 2166 2242 2329 2336 2418 2425 2486 2509 2601 2678 2696 2751 2841 2853 2944 2959 2993 3012 3087 3110 3135 3165 3248 3285 3308 3336 3417 3436 3470 3550 3573 3622
35 65 75 163 167 204 241 313 404 499 532 585 611 676 716 773 843 868 938 1033 1074 1142 1208 1291 1380 1456 1461 1548 1618 1697 1780 1784 1872 1899 1903 1943 1989 1990 2003 2025 2025 2097 2113 2118 2138 2199 2210 2213 2310 2373 2433 2441 2500 2530 2589 2619 2664 2742 2747 2766 2798 2859 2893 2988 3005 3046 3075 3139 3219 3283 3343
27 49 115 187 255 341 377 438 485 488 535 612 653 666 670 755 843 876 956 970 1067 1108 1137 1169 1195 1288 1316 1404 1426 1522 1555 1606 1657 1693 1710 1767 1822 1879 1942 1992 2087 2130 2208 2208 2243 2295 2301 2364 2444 2512 2528 2534 2601 2645 2668 2699 2703 2764 2793 2829 2863 2872 2910 2962 3033 3125 3174 3244 3282 3372
50 80 143 193 230 282 372 423 512 520 553 588 591 599 629 637 656 740 788 827 895 962 1042 1093 1147 1171 1243 1258 1329 1388 1439 1501 1538 1588 1662 1688 1779 1784 1852 1859 1902 1931 2017 2107 2147 2236 2283 2302 2326 2366 2456 2470 2528 2557 2558 2637 2719 2748 2795 2889 2965 2985 3070 3143 3144 3203 3266 3311 3406
80 167 202 291 330 419 487 502 570 612 701 782 826 892 936 1028 1040 1134 1207 1273 1299 1397 1495 1540 1630 1721 1765 1818 1819 1889 1942 2027 2065 2091 2167 2250 2291 2291 2356 2453 2464 2557 2610 2679 2718 2744 2809 2858 2915 2933 2967 3042 3107 3148 3212 3249 3312 3392 3410 3447 3462 3514 3581 3662 3758 3779 3871 3889
40 124 182 224 252 296 358 359 424 449 527 617 665 755 837 857 859 952 954 954 1023 1046 1109 1141 1182 1248 1328 1415 1426 1496 1561 1577 1609 1629 1719 1806 1881 1972 2065 2085 2140 2169 2231 2297 2316 2402 2465 2507 2588 2677 2768 2833 2926 2973 3036 3088 3101 3186 3237 3331 3419 3451 3453 3491 3507 3598 3679
58 120 214 261 269 315 329 390 396 445 491 535 554 603 671 756 803 865 906 935 978 1038 1128 1144 1221 1304 1323 1352 1428 1512 1608 1626 1684 1724 1797 1837 1917 1983 2050 2147 2174 2239 2302 2312 2372 2419 2498 2511 2557 2609 2663 2754 2844 2859 2929 3007 3100 3194 3203 3295 3357 3385 3421 3483 3566 3572
6 22 108 150 230 291 321 360 451 523 536 550 634 699 745 832 925 927 935 936 961 977 1062 1131 1168 1235 1293 1326 1354 1402 1409 1416 1441 1478 1488 1585 1644 1662 1760 1852 1899 1961 2016 2100 2150 2166 2183 2218 2243 2280 2327 2365 2427 2506 2585 2585 2679 2723 2781 2864 2957 3036 3128 3164 3195
91 159 213 230 328 332 424 428 463 466 557 612 614 623 635 710 802 897 944 945 1033 1123 1151 1189 1226 1322 1383 1449 1481 1564 1598 1676 1759 1775 1803 1877 1891 1989 2040 2133 2197 2200 2264 2351 2390 2451 2533 2564 2650 2719 2764 2832 2868 2879 2920 2998 3081 3118 3159 3247 3302 3311 3395 3478
47 84 118 183 225 246 278 288 336 376 405 448 458 554 609 645 705 731 775 775 863 884 955 1044 1085 1166 1166 1177 1247 1331 1356 1376 1404 1459 1542 1573 1607 1698 1739 1743 1749 1780 1786 1814 1885 1903 1989 2081 2155 2205 2258 2301 2382 2469 2473 2475 2564 2626 2635 2729 2796 2803 2835
23 25 50 134 156 168 190 224 311 389 417 436 495 547 564 647 715 730 798 876 928 952 1010 1072 1078 1110 1161 1197 1208 1219 1277 1312 1395 1459 1495 1537 1634 1705 1803 1814 1846 1875 1891 1973 2033 2084 2154 2247 2331 2417 2453 2478 2571 2667 2734 2759 2812 2904 2953 2999 3037 3076
9 17 72 105 119 176 204 280 280 300 366 407 423 434 501 542 576 591 614 630 675 765 804 856 887 899 952 968 1063 1064 1129 1187 1193 1263 1313 1357 1374 1404 1496 1564 1647 1704 1783 1806 1888 1902 1924 1989 2044 2135 2161 2216 2236 2310 2384 2398 2450 2541 2616 2686 2748
60 152 200 285 377 419 479 516 571 649 704 799 864 887 890 895 993 1072 1112 1170 1187 1281 1356 1380 1450 1541 1619 1638 1718 1765 1810 1864 1941 1966 2027 2098 2184 2243 2306 2310 2335 2419 2440 2504 2536 2538 2569 2577 2647 2647 2699 2756 2783 2871 2939 2989 3057 3150 3164 3165
42 99 151 165 174 256 276 340 356 448 505 582 611 627 646 649 742 827 907 956 985 1041 1103 1151 1160 1189 1239 1266 1323 1414 1474 1525 1605 1657 1680 1694 1696 1786 1806 1861 1948 2039 2106 2161 2215 2305 2378 2387 2420 2421 2465 2484 2556 2586 2588 2601 2693 2787 2846
21 41 48 78 91 149 188 203 270 272 356 384 400 458 522 566 632 714 749 832 895 973 1005 1045 1091 1187 1199 1270 1287 1344 1368 1421 1445 1485 1553 1558 1566 1639 1723 1726 1741 1795 1806 1891 1897 1927 2008 2065 2143 2238 2320 2340 2372 2381 2408 2412 2503 2595
3 51 60 88 105 118 191 286 305 347 392 471 483 571 608 705 727 728 793 843 912 1009 1097 1164 1242 1264 1331 1376 1466 1561 1611 1661 1669 1748 1771 1850 1878 1921 1955 2015 2020 2089 2107 2178 2186 2276 2322 2392 2476 2534 2555 2573 2588 2665 2697 2771 2846
5 8 67 154 154 206 258 308 390 469 498 573 638 645 653 739 824 826 918 935 986 1074 1078 1148 1160 1244 1316 1380 1416 1491 1576 1616 1668 1726 1793 1833 1849 1911 1993 2050 2100 2178 2222 2256 2285 2313 2319 2351 2411 2471 2505 2545 2582 2628 2659 2722
89 138 145 169 196 218 287 328 350 386 420 452 524 601 621 686 729 739 776 818 819 885 907 924 962 1000 1034 1077 1111 1145 1224 1278 1365 1460 1516 1574 1608 1617 1705 1767 1809 1836 1904 1910 1927 1959 2000 2022 2117 2161 2230 2321 2391 2417 2434
29 62 127 201 247 295 299 371 417 495 582 585 678 732 740 747 842 858 860 890 954 971 1064 1082 1164 1180 1218 1263 1302 1355 1401 1453 1516 1550 1607 1696 1727 1740 1778 1811 1860 1864 1938 2016 2028 2040 2063 2143 2184 2198 2215 2238 2307 2370
63 85 99 179 210 232 328 408 505 588 616 713 725 779 819 895 952 1028 1111 1187 1272 1332 1391 1444 1538 1602 1611 1692 1706 1803 1841 1912 1987 2004 2093 2134 2181 2277 2314 2324 2414 2478 2513 2567 2582 2677 2749 2766 2780 2801 2879 2963 3005
73 108 152 250 261 279 314 333 387 441 514 518 587 681 698 796 815 909 926 990 1035 1045 1053 1084 1168 1256 1283 1378 1455 1528 1612 1654 1739 1741 1816 1859 1927 2024 2086 2127 2163 2219 2247 2299 2337 2362 2367 2443 2525 2585 2588 2683
74 160 191 205 244 251 276 302 357 376 383 456 474 558 612 682 765 852 877 953 990 1032 1044 1102 1182 1261 1329 1387 1417 1501 1590 1684 1775 1783 1854 1855 1881 1887 1939 1998 2056 2124 2177 2181 2214 2273 2289 2347 2443 2477 2531
3 98 168 194 291 343 415 462 471 519 597 617 623 665 689 735 747 805 829 896 983 1073 1165 1261 1351 1394 1464 1476 1495 1544 1636 1689 1768 1863 1921 2015 2092 2095 2122 2170 2242 2314 2325 2384 2393 2455 2553 2598 2649 2741
59 114 150 202 268 350 420 428 443 465 563 639 671 671 730 801 885 945 985 1064 1137 1191 1270 1353 1367 1461 1479 1564 1568 1599 1609 1645 1710 1731 1794 1832 1908 1936 2002 2033 2084 2125 2204 2216 2244 2283 2354 2358 2441
90 152 181 232 251 300 314 386 421 499 545 562 600 661 704 766 857 920 962 979 1003 1090 1155 1156 1247 1320 1405 1468 1561 1594 1610 1662 1731 1786 1878 1891 1956 2032 2067 2103 2116 2190 2260 2291 2359 2423 2435 2457
16 82 136 229 258 284 295 333 348 379 402 437 489 533 616 659 670 734 742 758 850 900 971 985 1063 1085 1168 1210 1213 1274 1363 1443 1507 1540 1602 1623 1699 1756 1769 1772 1845 1883 1932 1978 2058 2147 2174
74 120 188 198 227 296 330 421 491 499 571 581 643 732 810 880 912 941 1002 1051 1072 1144 1185 1248 1337 1391 1401 1485 1495 1507 1546 1559 1576 1602 1685 1717 1748 1783 1868 1881 1914 2010 2021 2086 2092 2141
30 125 155 181 263 359 387 478 502 504 558 622 623 669 717 771 817 870 875 905 963 967 976 978 1018 1116 1201 1266 1322 1389 1392 1467 1476 1526 1614 1704 1765 1845 1927 2011 2046 2063 2077 2109 2204
50 144 232 280 292 323 375 449 500 559 616 634 691 766 819 882 911 1000 1034 1129 1198 1274 1355 1355 1431 1468 1538 1625 1665 1705 1715 1734 1738 1826 1886 1954 2048 2096 2109 2157 2252 2341 2395 2422
48 52 73 94 154 165 224 281 317 346 424 454 510 562 604 685 739 808 879 903 921 1002 1099 1114 1171 1236 1288 1322 1380 1394 1416 1473 1543 1581 1635 1687 1753 1776 1838 1878 1954 1990 2074
25 112 210 273 371 453 548 559 559 655 690 783 857 857 911 947 965 1020 1078 1139 1221 1301 1399 1458 1472 1522 1612 1634 1714 1779 1826 1849 1931 1966 2022 2092 2096 2099 2167 2211 2285 2329
18 31 59 130 176 222 240 241 298 341 404 477 546 609 703 717 805 897 989 1013 1085 1123 1168 1230 1243 1313 1364 1399 1401 1413 1416 1471 1479 1574 1607 1674 1703 1794 1884 1888 1941
15 57 149 239 255 281 335 433 529 609 632 713 713 794 819 886 930 1005 1050 1117 1190 1270 1299 1392 1443 1476 1506 1557 1655 1681 1754 1754 1839 1886 1916 1980 2067 2131 2196 2212
33 65 141 143 240 240 322 351 394 490 540 635 647 681 736 809 871 928 974 997 1017 1061 1074 1134 1181 1272 1296 1347 1421 1427 1464 1506 1569 1585 1633 1656 1697 1738 1824
14 102 121 134 210 240 267 291 345 428 448 503 514 539 547 570 576 635 705 765 835 924 1002 1059 1146 1181 1267 1313 1402 1466 1546 1630 1677 1756 1787 1824 1884 1940
54 77 129 168 186 223 263 275 281 284 302 353 418 487 488 558 603 614 688 744 830 856 867 890 916 940 1006 1088 1096 1177 1232 1270 1313 1347 1439 1466 1498
23 23 115 182 228 315 344 387 419 501 577 585 664 698 710 748 838 889 981 1005 1054 1070 1104 1108 1157 1187 1232 1296 1333 1344 1363 1392 1479 1514 1522 1573
45 59 123 175 247 261 349 441 483 488 542 593 685 722 796 846 846 898 945 1009 1095 1107 1176 1191 1200 1252 1305 1365 1420 1469 1487 1541 1627 1633 1640
27 88 138 148 220 293 329 344 360 386 438 525 543 556 594 598 612 702 790 815 842 866 936 981 1040 1135 1143 1145 1150 1209 1292 1366 1450 1472
12 77 120 165 251 342 352 386 427 502 576 597 643 703 766 771 778 826 897 948 975 1055 1101 1128 1162 1227 1297 1339 1413 1470 1500 1519 1587
2 44 71 96 151 247 257 265 267 270 326 386 428 437 456 527 620 669 729 825 840 865 877 890 924 969 986 1002 1020 1070 1134 1196
83 122 206 234 282 303 392 407 461 478 522 594 642 670 737 784 827 925 939 1000 1077 1160 1222 1306 1359 1425 1483 1538 1629 1646 1666
84 90 128 208 290 378 391 447 529 569 636 649 732 779 865 901 961 1058 1146 1220 1231 1301 1394 1430 1482 1575 1575 1614 1662 1747
85 176 266 344 421 496 579 637 723 766 862 951 990 1070 1075 1159 1189 1244 1338 1417 1443 1541 1587 1652 1665 1701 1777 1823 1868
31 90 165 260 293 387 425 456 480 518 538 580 607 701 756 806 873 930 1002 1096 1098 1190 1225 1277 1319 1398 1405 1486
16 94 118 160 256 323 336 409 454 522 560 564 646 706 708 771 803 881 891 946 1032 1102 1198 1291 1389 1446 1476
40 97 125 137 163 234 274 335 393 397 448 468 496 571 615 671 709 806 879 887 902 932 938 988 1029 1081
83 98 130 148 198 251 348 439 460 528 584 634 731 747 747 758 767 856 907 927 943 1035 1047 1066 1079
13 65 107 205 299 328 399 441 500 593 670 763 779 848 939 1036 1072 1139 1181 1233 1297 1302 1378 1420
88 112 129 161 231 264 353 373 432 443 474 509 589 665 716 724 753 801 842 910 960 992 992
6 55 90 177 236 246 295 347 409 463 468 524 530 560 607 658 706 773 785 797 848 918
75 168 213 310 360 381 394 403 501 555 556 565 590 661 701 772 811 902 995 1088 1132
73 79 119 153 193 252 281 340 381 427 475 522 620 653 665 704 780 810 881 895
94 144 236 320 348 416 512 529 570 635 727 797 846 905 990 995 1087 1110 1114
45 71 145 163 218 279 335 423 462 473 548 582 641 689 719 767 811 847
82 132 191 238 257 257 258 271 329 405 416 455 475 502 541 560 613
9 101 177 186 202 258 336 406 422 472 521 546 640 661 682 758
21 98 148 153 197 231 271 319 361 391 400 442 444 448 469
58 124 210 243 339 395 477 553 643 704 741 766 795 820
17 75 82 97 116 204 284 305 358 410 449 487 570
27 113 120 200 277 301 364 364 383 418 459 552
54 127 159 160 256 304 305 317 382 469 537
62 160 177 274 303 324 418 455 475 489
64 156 251 334 377 468 498 515 560
77 129 227 243 258 319 404 495
57 137 149 240 273 292 304
91 107 120 182 226 262
24 114 202 280 343
80 152 219 228
9 69 108
4 60
74
