37
57 124 145 190 216 230 257 283 350 350 420 422 516 581 604 630 703 771 863 954 999 1003 1097 1183 1250 1308 1341 1401 1480 1489 1534 1589 1624 1638 1691 1745 1835
27 102 129 142 210 240 247 332 422 425 504 580 647 739 764 814 855 876 968 1045 1120 1127 1175 1223 1244 1246 1311 1321 1387 1474 1485 1544 1608 1631 1637 1648
13 62 140 190 267 306 329 342 391 391 466 557 557 557 557 573 611 677 688 690 742 826 872 885 889 949 1022 1063 1142 1233 1292 1334 1406 1487 1513
33 110 172 222 302 393 450 536 555 556 593 656 731 766 786 881 955 1028 1078 1081 1093 1191 1213 1280 1310 1377 1445 1458 1478 1562 1653 1686 1742 1825
59 132 148 214 233 304 372 390 487 557 644 696 781 802 885 891 910 968 975 1001 1033 1125 1127 1198 1296 1301 1389 1471 1524 1578 1611 1651 1724
29 113 157 205 218 276 339 342 363 378 449 542 619 652 668 731 790 822 876 932 954 972 1054 1136 1138 1169 1169 1217 1235 1292 1329 1342
74 164 258 277 346 439 444 482 524 581 654 734 763 773 788 809 884 942 991 1064 1160 1185 1223 1309 1398 1460 1520 1589 1611 1623 1633
44 131 201 281 293 364 425 476 522 601 648 679 771 779 866 930 1015 1109 1198 1270 1340 1372 1425 1447 1476 1552 1586 1677 1695 1729
56 99 186 258 352 415 434 452 487 549 576 581 633 653 739 760 779 850 863 894 959 1044 1087 1102 1119 1184 1278 1371 1400
13 19 117 158 225 257 308 378 380 419 501 570 610 653 660 734 743 772 819 864 951 966 985 1041 1084 1180 1183 1197
48 72 162 229 271 323 354 451 510 527 594 629 677 762 772 780 817 834 835 883 948 1041 1078 1171 1187 1253 1265
72 72 118 146 176 267 284 328 330 426 512 526 570 613 660 749 816 874 949 964 1037 1089 1114 1133 1180 1232
65 76 145 149 246 336 387 393 408 500 531 600 633 682 703 789 837 846 926 1014 1099 1105 1175 1252 1290
88 167 197 205 224 296 325 361 425 495 539 542 596 668 675 712 782 852 853 943 964 1010 1032 1118
44 138 154 204 230 322 376 389 477 494 556 623 703 770 825 836 897 968 1048 1078 1100 1144 1192
57 65 148 198 267 270 303 311 369 388 443 530 555 639 647 675 720 769 835 924 981 985
3 86 89 129 164 261 353 392 406 477 501 525 616 648 655 709 783 830 861 871 888
18 67 101 132 172 267 340 431 526 623 634 719 784 815 826 835 868 927 998 1055
15 19 25 26 29 30 88 180 219 299 361 378 439 461 512 518 545 572 608
39 53 118 162 222 269 299 353 377 446 505 510 599 608 671 689 689 759
8 28 78 158 251 342 423 449 452 487 501 521 537 622 661 686 781
74 78 154 191 215 310 343 424 473 531 619 704 796 858 944 985
68 106 170 234 322 338 402 412 416 486 536 586 629 639 692
85 167 194 287 292 336 358 359 432 467 513 595 654 690
48 100 180 228 315 395 395 408 421 494 515 516 541
46 66 164 215 288 375 459 533 570 662 675 765
96 140 155 223 238 322 348 444 458 516 550
61 77 90 188 238 240 312 400 460 487
34 50 98 104 124 133 159 201 268
98 165 251 309 373 450 458 526
11 51 115 182 201 252 307
27 77 162 203 265 320
95 112 113 143 213
19 72 83 179
43 51 92
6 96
45
