85
7 98 136 173 191 195 224 271 290 358 412 467 524 590 634 701 735 803 809 892 971 1026 1056 1126 1139 1217 1223 1302 1368 1374 1442 1477 1505 1553 1561 1612 1679 1698 1781 1791 1877 1887 1959 2031 2112 2157 2251 2288 2336 2349 2374 2401 2416 2510 2575 2592 2627 2654 2734 2824 2855 2860 2896 2912 2928 2984 3070 3126 3208 3228 3266 3364 3453 3461 3482 3573 3608 3644 3652 3665 3713 3797 3803 3837 3918
59 137 141 182 211 299 326 365 378 439 499 501 592 612 701 728 817 836 852 942 992 1012 1038 1088 1106 1127 1192 1196 1249 1271 1345 1401 1496 1583 1620 1700 1709 1733 1817 1897 1926 1952 2046 2137 2150 2154 2202 2286 2332 2376 2451 2479 2484 2517 2568 2647 2655 2720 2790 2843 2913 3001 3072 3105 3195 3211 3246 3318 3399 3426 3442 3514 3598 3611 3660 3721 3787 3860 3947 4013 4054 4088 4089 4094
25 103 200 297 349 419 435 446 519 585 599 630 694 770 796 807 847 931 965 1014 1058 1156 1222 1280 1362 1382 1406 1503 1567 1568 1590 1593 1642 1656 1718 1723 1757 1819 1819 1879 1965 2033 2075 2166 2237 2320 2366 2428 2495 2527 2538 2609 2619 2678 2776 2781 2854 2927 2957 2990 3025 3081 3163 3235 3235 3283 3374 3392 3462 3526 3553 3610 3623 3674 3739 3814 3814 3859 3900 3962 3988 4037 4115
18 31 95 102 193 231 246 286 330 338 347 379 415 499 535 535 613 629 724 738 770 812 828 872 941 1013 1082 1148 1168 1233 1297 1324 1413 1438 1520 1581 1665 1724 1797 1845 1871 1945 2007 2038 2125 2218 2296 2354 2403 2455 2528 2614 2696 2749 2765 2767 2842 2888 2947 3033 3047 3066 3119 3127 3139 3189 3268 3309 3327 3332 3353 3362 3457 3516 3536 3584 3679 3683 3709 3804 3820 3823
12 89 170 171 218 239 263 276 292 369 467 473 510 541 571 594 610 645 645 669 748 778 869 889 967 1030 1126 1199 1268 1270 1355 1378 1397 1427 1500 1532 1588 1632 1696 1794 1828 1849 1849 1875 1959 2022 2035 2052 2104 2146 2158 2211 2228 2313 2388 2439 2476 2540 2541 2588 2642 2667 2751 2752 2755 2755 2828 2901 2934 3006 3073 3135 3145 3155 3164 3231 3241 3277 3325 3363 3406
70 74 88 135 142 170 248 332 382 472 526 595 669 734 793 863 909 977 1012 1026 1091 1118 1119 1153 1201 1299 1299 1376 1412 1460 1489 1531 1567 1665 1675 1708 1791 1846 1911 1923 1949 1969 1977 2025 2042 2140 2196 2216 2260 2280 2297 2383 2427 2486 2527 2620 2667 2675 2754 2849 2858 2904 2967 3064 3130 3222 3251 3332 3396 3478 3486 3491 3499 3515 3520 3595 3674 3754 3839 3888
73 129 227 308 394 394 443 515 541 586 631 652 715 811 862 919 1015 1069 1114 1163 1222 1280 1317 1364 1387 1461 1488 1567 1616 1642 1715 1769 1792 1874 1919 1997 2029 2038 2058 2112 2128 2225 2247 2302 2367 2444 2480 2543 2616 2637 2654 2692 2729 2781 2797 2816 2822 2888 2928 2967 3038 3111 3191 3218 3313 3387 3394 3398 3476 3542 3630 3645 3704 3724 3741 3791 3831 3918 4013
57 107 112 196 292 316 372 417 512 514 546 642 716 766 848 851 907 907 983 1002 1029 1113 1190 1210 1242 1245 1285 1309 1310 1380 1427 1470 1542 1633 1720 1794 1816 1824 1908 1967 2018 2080 2166 2195 2252 2303 2338 2407 2432 2484 2495 2591 2660 2724 2787 2801 2877 2881 2937 2956 3008 3012 3110 3137 3184 3254 3280 3378 3434 3468 3539 3564 3621 3675 3688 3747 3753 3849
35 81 99 182 247 294 392 487 560 569 587 621 660 725 818 858 866 893 902 972 1016 1068 1155 1166 1243 1290 1371 1418 1488 1577 1658 1729 1735 1764 1778 1809 1812 1866 1891 1905 1979 2050 2071 2139 2172 2179 2241 2286 2346 2404 2491 2573 2615 2628 2683 2685 2763 2821 2908 2933 3019 3026 3123 3140 3236 3289 3377 3417 3477 3568 3579 3594 3651 3660 3709 3801 3853
76 120 158 222 295 302 311 401 447 489 520 597 632 667 744 806 891 900 936 1013 1099 1112 1181 1222 1236 1298 1348 1382 1437 1500 1505 1589 1673 1742 1746 1796 1851 1939 2000 2031 2031 2109 2192 2288 2366 2451 2458 2528 2609 2632 2721 2759 2787 2848 2929 2954 3017 3049 3085 3124 3211 3230 3240 3327 3360 3376 3458 3527 3550 3598 3657 3733 3740 3779 3781 3862
32 123 145 202 238 327 425 515 532 627 679 740 802 825 870 898 909 978 1000 1091 1097 1106 1179 1275 1306 1311 1343 1358 1441 1493 1583 1584 1651 1656 1700 1736 1810 1817 1860 1932 1953 2035 2102 2174 2197 2277 2286 2365 2432 2496 2562 2562 2631 2651 2687 2714 2778 2846 2864 2868 2899 2984 2993 3033 3127 3201 3201 3299 3306 3327 3387 3424 3470 3550 3570
52 88 89 109 200 232 284 360 447 523 589 679 757 804 852 920 992 1027 1085 1164 1176 1232 1278 1308 1311 1340 1364 1417 1483 1515 1563 1575 1641 1721 1745 1774 1860 1877 1952 2045 2142 2204 2220 2236 2326 2362 2411 2448 2470 2537 2572 2657 2705 2736 2799 2879 2959 2976 3030 3106 3164 3216 3256 3313 3365 3384 3422 3468 3477 3543 3619 3690 3741 3790
80 129 154 175 249 344 372 451 478 542 546 577 640 648 686 721 818 867 903 918 924 1000 1020 1117 1195 1236 1259 1317 1408 1479 1517 1559 1576 1663 1727 1754 1777 1793 1827 1841 1933 1948 2001 2002 2086 2165 2214 2244 2330 2378 2423 2484 2577 2580 2629 2676 2704 2748 2764 2772 2829 2894 2911 2942 2976 3062 3076 3090 3183 3271 3327 3417 3455
99 196 217 275 346 409 445 447 456 505 572 622 696 790 874 888 933 1029 1089 1093 1126 1151 1239 1323 1387 1389 1465 1542 1548 1635 1653 1669 1702 1757 1765 1780 1847 1944 2011 2079 2107 2145 2193 2208 2252 2332 2340 2353 2441 2537 2537 2596 2660 2726 2800 2866 2960 3036 3077 3140 3211 3296 3385 3408 3503 3570 3581 3663 3727 3773 3797 3856
62 83 128 154 222 227 229 276 360 427 470 520 577 596 627 656 670 677 748 789 792 875 954 961 984 1080 1093 1176 1240 1310 1402 1499 1520 1550 1591 1612 1630 1666 1701 1786 1786 1871 1911 2008 2031 2062 2146 2211 2226 2313 2378 2470 2491 2578 2629 2689 2702 2735 2768 2806 2885 2892 2933 2980 3062 3079 3126 3157 3226 3241 3302
46 104 150 226 247 324 348 396 410 461 494 548 548 607 681 727 751 770 850 872 937 972 1033 1057 1081 1158 1218 1233 1318 1330 1382 1399 1488 1536 1605 1677 1713 1760 1851 1867 1930 1965 2044 2046 2085 2145 2236 2332 2415 2474 2543 2612 2690 2752 2766 2845 2932 2933 2988 3013 3024 3064 3098 3120 3148 3160 3253 3334 3390 3461
98 167 217 258 341 352 438 512 572 588 658 664 715 808 896 898 913 941 987 990 1012 1108 1137 1199 1217 1302 1319 1375 1456 1547 1637 1731 1811 1883 1934 2032 2060 2074 2086 2150 2221 2224 2292 2385 2482 2534 2539 2543 2631 2709 2762 2856 2857 2937 2997 3089 3119 3215 3276 3319 3337 3364 3409 3482 3530 3604 3700 3700 3713
81 165 165 255 294 297 313 319 354 384 414 440 463 476 524 578 640 661 718 788 818 829 925 933 977 1001 1072 1152 1162 1224 1317 1380 1396 1464 1522 1574 1663 1711 1738 1830 1895 1964 2013 2110 2145 2216 2308 2377 2441 2467 2557 2570 2614 2677 2774 2854 2888 2915 2977 3008 3102 3170 3261 3286 3340 3368 3400 3466
11 36 72 165 168 186 227 266 340 364 382 432 471 555 590 590 673 736 825 908 931 983 1014 1038 1069 1153 1214 1278 1347 1366 1384 1395 1428 1430 1447 1519 1559 1632 1723 1785 1871 1884 1955 1982 2060 2064 2109 2155 2231 2233 2305 2395 2467 2559 2629 2682 2689 2715 2748 2820 2888 2986 3009 3047 3125 3218 3316
13 19 47 48 96 194 222 285 335 339 427 508 549 582 600 608 701 777 816 899 988 1079 1133 1225 1284 1374 1394 1460 1531 1584 1644 1717 1731 1791 1860 1934 1985 2012 2016 2075 2165 2238 2277 2296 2340 2393 2488 2503 2511 2573 2653 2732 2804 2846 2925 3013 3072 3085 3116 3187 3195 3239 3252 3340 3346 3348
87 117 214 279 303 390 434 514 568 603 688 704 771 844 915 1011 1012 1092 1105 1201 1259 1287 1314 1358 1438 1516 1527 1553 1558 1613 1649 1707 1768 1859 1942 2039 2057 2092 2119 2170 2199 2222 2290 2376 2387 2408 2451 2525 2606 2625 2719 2798 2890 2965 3005 3032 3041 3069 3093 3147 3186 3226 3301 3397 3470
97 177 266 327 372 447 494 548 630 699 714 767 822 825 855 856 887 960 1058 1090 1146 1241 1281 1340 1419 1474 1546 1610 1681 1695 1712 1712 1798 1828 1919 1996 2021 2072 2136 2155 2176 2209 2245 2311 2348 2403 2431 2464 2533 2609 2658 2732 2789 2807 2904 2969 3062 3150 3158 3234 3271 3337 3387 3401
20 64 102 140 178 213 243 251 310 390 458 528 607 630 700 753 844 848 852 915 935 981 1028 1091 1136 1214 1282 1301 1383 1451 1518 1604 1656 1664 1714 1773 1781 1812 1824 1827 1852 1853 1866 1896 1956 2010 2103 2129 2192 2217 2246 2334 2384 2430 2496 2580 2596 2647 2697 2777 2791 2868 2937
86 150 229 259 264 283 346 353 439 494 551 610 669 683 701 767 790 855 939 1005 1092 1100 1104 1178 1231 1329 1336 1371 1371 1466 1538 1631 1706 1740 1827 1892 1977 1989 2069 2116 2146 2243 2327 2405 2424 2461 2463 2553 2555 2637 2734 2783 2829 2848 2877 2898 2995 3090 3104 3188 3245 3298
57 69 85 138 171 201 259 350 401 402 412 420 508 534 549 631 651 660 685 696 746 836 928 990 1039 1128 1164 1180 1195 1241 1326 1396 1445 1473 1540 1564 1651 1730 1760 1776 1843 1912 2006 2057 2104 2147 2149 2212 2218 2308 2356 2412 2414 2503 2510 2588 2608 2706 2795 2876 2902
55 116 206 304 387 468 522 620 675 725 732 772 862 912 915 927 980 1059 1114 1130 1175 1200 1233 1313 1343 1357 1427 1440 1445 1516 1538 1569 1594 1603 1621 1690 1742 1756 1821 1899 1982 2000 2045 2052 2085 2127 2174 2178 2243 2337 2425 2453 2466 2471 2537 2628 2708 2792 2888 2911
92 184 259 346 406 406 418 471 515 525 609 629 702 779 849 872 874 903 980 996 1071 1114 1169 1209 1278 1314 1402 1411 1501 1539 1615 1684 1767 1832 1922 1949 1994 2042 2137 2195 2196 2214 2265 2345 2366 2389 2468 2534 2570 2639 2737 2751 2811 2878 2885 2962 2989 3050 3093
76 76 116 203 294 330 422 448 498 548 572 620 637 638 716 729 820 823 913 946 984 995 1010 1031 1068 1148 1200 1253 1332 1361 1384 1465 1479 1506 1508 1576 1627 1667 1744 1791 1823 1853 1889 1902 1986 2041 2072 2098 2158 2240 2308 2356 2417 2450 2470 2537 2630 2714
37 101 114 168 226 294 307 384 468 484 514 536 557 589 605 627 669 754 792 803 817 876 935 943 1030 1128 1206 1251 1282 1351 1416 1419 1419 1489 1554 1571 1573 1644 1675 1717 1808 1895 1929 1969 1987 2054 2074 2126 2175 2203 2276 2324 2381 2465 2503 2514 2543
26 83 107 200 266 271 322 392 453 500 563 647 719 725 818 897 995 1085 1172 1233 1278 1311 1336 1345 1403 1416 1498 1590 1680 1696 1703 1721 1743 1828 1907 1955 1964 2001 2030 2054 2135 2221 2298 2334 2396 2437 2527 2572 2596 2645 2738 2780 2853 2869 2903 2924
53 150 211 258 327 411 508 537 579 651 710 743 800 860 881 966 1006 1043 1118 1197 1236 1250 1327 1363 1461 1539 1561 1608 1673 1675 1731 1761 1810 1900 1972 2015 2041 2047 2114 2194 2196 2246 2287 2372 2450 2492 2586 2609 2614 2688 2696 2736 2746 2821 2900
48 67 139 207 267 310 406 457 487 531 609 638 641 715 732 817 857 932 1004 1044 1080 1132 1157 1160 1211 1211 1306 1366 1400 1495 1539 1547 1564 1599 1645 1709 1771 1811 1886 1951 2010 2103 2170 2258 2301 2335 2359 2364 2388 2482 2495 2501 2516 2581
20 103 139 152 169 221 299 321 336 395 429 490 526 602 632 730 816 842 848 860 947 981 1058 1099 1105 1170 1260 1312 1383 1403 1450 1465 1475 1534 1618 1704 1784 1822 1909 1933 1985 2001 2035 2105 2105 2108 2147 2218 2269 2317 2321 2395 2485
88 105 139 153 241 289 290 355 356 413 419 472 507 563 591 638 645 713 764 857 896 990 1082 1099 1180 1241 1258 1320 1350 1382 1397 1446 1453 1524 1589 1660 1740 1790 1841 1878 1976 2039 2094 2171 2172 2226 2324 2326 2404 2432 2489 2535
79 125 146 235 313 375 382 464 518 535 562 620 698 742 835 906 939 940 1014 1064 1066 1149 1236 1320 1351 1378 1400 1450 1465 1535 1542 1633 1701 1764 1768 1811 1908 1919 1941 1990 2079 2115 2178 2212 2243 2281 2370 2451 2473 2520 2522
87 115 145 183 226 313 389 469 490 494 590 665 746 773 840 892 914 990 1055 1104 1172 1255 1262 1297 1315 1335 1386 1418 1457 1464 1547 1567 1622 1657 1671 1719 1720 1732 1775 1790 1853 1925 1928 1973 2014 2069 2097 2132 2226 2314
88 175 198 271 369 385 452 492 572 580 635 667 719 798 882 892 935 1008 1077 1107 1127 1155 1202 1282 1364 1373 1438 1479 1537 1616 1665 1704 1735 1781 1842 1923 1949 1982 2048 2065 2081 2097 2110 2136 2178 2265 2290 2366 2387
76 115 173 217 298 366 391 418 487 511 564 587 662 760 829 878 918 926 936 986 1066 1084 1100 1148 1212 1276 1279 1368 1382 1430 1524 1572 1597 1665 1755 1757 1848 1888 1920 1945 1984 2040 2089 2120 2188 2263 2316 2407
99 157 204 283 289 340 370 434 500 535 593 669 750 798 852 876 882 970 979 1003 1043 1045 1110 1171 1209 1282 1349 1386 1451 1486 1488 1494 1549 1630 1698 1768 1786 1797 1887 1933 1983 2008 2084 2119 2200 2243 2326
43 49 53 131 221 285 295 321 336 432 491 523 569 602 657 715 747 802 815 846 872 958 1027 1090 1163 1214 1216 1237 1275 1331 1400 1443 1537 1563 1650 1698 1725 1788 1835 1878 1944 2000 2069 2119 2125 2222
33 35 48 102 169 244 335 373 391 438 462 474 482 525 536 548 633 662 731 807 895 950 955 1049 1065 1149 1240 1303 1334 1351 1366 1408 1498 1542 1626 1643 1668 1696 1762 1821 1891 1967 2038 2125 2182
80 103 115 190 261 314 388 412 426 469 543 585 635 695 774 819 828 845 856 926 958 1039 1054 1096 1097 1189 1286 1348 1368 1453 1495 1528 1575 1667 1748 1790 1822 1850 1900 1986 2016 2026 2105 2174
76 119 190 270 355 355 363 399 446 481 513 559 646 705 763 813 890 925 970 1065 1117 1199 1202 1213 1226 1297 1336 1372 1462 1479 1523 1591 1622 1629 1644 1724 1819 1824 1919 1994 2001 2071 2132
33 102 105 112 126 214 297 379 449 529 532 551 579 623 684 772 782 847 873 937 967 989 1001 1099 1160 1227 1241 1337 1432 1490 1504 1506 1580 1589 1598 1666 1721 1744 1835 1879 1939 1945
14 46 111 204 273 328 340 352 393 487 551 634 653 671 681 698 755 847 875 964 1049 1116 1129 1184 1189 1215 1312 1398 1416 1445 1481 1564 1581 1584 1596 1662 1728 1733 1754 1825 1843
47 55 146 230 308 391 431 446 471 494 511 517 592 653 692 762 785 871 892 910 960 1005 1062 1127 1179 1260 1353 1373 1385 1472 1539 1596 1690 1704 1755 1818 1913 1926 1950 1961
94 150 244 331 390 399 479 506 569 654 752 794 819 822 871 928 988 996 1044 1133 1194 1228 1238 1245 1317 1378 1383 1387 1478 1480 1515 1532 1589 1611 1621 1665 1718 1728 1806
49 56 143 173 214 296 393 465 504 569 617 653 694 739 793 883 943 1013 1062 1092 1144 1146 1169 1194 1246 1282 1320 1405 1488 1498 1593 1611 1661 1738 1739 1794 1853 1915
89 109 110 178 259 354 382 451 464 552 611 650 651 685 740 808 832 863 944 953 998 1075 1087 1171 1238 1310 1408 1462 1519 1574 1613 1624 1633 1703 1784 1810 1819
1 6 49 96 163 254 344 402 464 517 562 583 655 672 685 689 765 798 843 941 1033 1038 1116 1129 1169 1189 1274 1336 1422 1490 1547 1598 1654 1678 1769 1837
73 164 257 344 440 522 613 619 676 695 740 837 845 888 957 993 1013 1040 1088 1132 1188 1226 1279 1304 1321 1413 1450 1503 1511 1544 1587 1643 1676 1719 1796
76 123 201 280 319 391 483 545 576 607 649 691 785 861 932 957 1004 1088 1115 1204 1248 1339 1374 1378 1460 1493 1568 1609 1674 1741 1814 1846 1877 1940
74 164 218 311 402 483 516 556 577 634 700 770 858 883 927 968 983 1060 1100 1129 1151 1201 1225 1265 1359 1392 1412 1487 1546 1550 1635 1662 1756
14 72 149 165 242 291 354 426 448 458 551 629 656 731 803 835 850 854 882 908 942 1031 1106 1135 1214 1231 1270 1292 1293 1384 1439 1506
47 76 144 155 239 291 354 433 481 539 560 647 714 720 785 883 886 982 1056 1123 1192 1203 1223 1236 1284 1309 1337 1369 1459 1482 1579
16 17 30 122 193 289 326 363 392 453 471 486 495 538 558 594 631 688 746 783 796 825 866 953 1032 1050 1135 1230 1236 1332
78 119 174 264 297 359 397 465 479 496 498 590 653 674 754 764 790 828 892 990 1082 1150 1228 1274 1329 1354 1411 1487 1497
77 81 89 162 167 172 219 300 373 470 482 503 569 641 725 770 836 927 1009 1061 1119 1214 1273 1351 1360 1383 1397 1449
19 92 114 197 293 333 400 450 492 567 572 597 603 687 785 803 890 910 998 1079 1146 1218 1254 1305 1322 1362 1443
69 149 203 287 337 420 469 526 589 648 717 796 868 910 987 998 1096 1120 1200 1261 1344 1358 1370 1435 1501 1522
7 11 107 178 186 202 286 374 402 471 560 631 637 638 714 769 863 872 892 921 940 960 973 1049 1062
92 111 127 145 231 294 303 321 400 482 491 494 516 538 563 607 645 680 748 807 882 904 963 1031
78 81 137 137 233 278 375 432 469 519 614 617 648 656 657 740 757 781 837 864 933 978 1044
52 73 142 237 261 278 352 384 471 538 584 604 627 643 694 699 732 743 765 855 884 972
11 56 80 107 169 241 321 358 452 522 568 577 578 587 596 666 741 755 850 871 872
44 129 189 242 242 254 334 336 409 465 520 566 645 650 731 788 837 894 908 987
85 154 202 259 353 374 459 501 536 621 661 699 785 865 889 937 1006 1014 1088
80 131 169 210 280 302 345 356 447 461 510 606 688 723 733 783 872 950
68 95 157 165 259 342 393 437 535 543 546 630 714 794 860 923 952
63 69 148 148 154 223 252 298 390 447 483 488 566 636 655 702
66 158 186 193 266 322 369 397 423 482 483 531 577 672 756
78 124 171 210 292 307 325 416 452 470 499 582 617 680
93 100 157 241 308 385 440 526 615 673 727 824 852
58 116 194 216 243 274 301 363 438 486 535 617
33 33 33 128 189 220 309 383 452 546 618
89 110 129 192 203 277 334 386 478 556
18 59 82 113 144 196 286 330 427
76 112 127 146 216 245 278 347
5 57 125 174 203 236 245
24 26 28 57 74 107
10 81 153 215 312
79 98 173 215
90 170 191
70 108
70
