70
26 96 137 155 193 219 273 315 411 418 515 607 682 737 825 878 961 962 965 989 1047 1122 1215 1306 1397 1495 1537 1561 1642 1679 1711 1768 1866 1932 1947 2029 2108 2206 2233 2321 2352 2409 2452 2525 2559 2591 2624 2696 2776 2851 2851 2892 2983 3014 3061 3075 3130 3136 3228 3306 3355 3444 3489 3502 3574 3622 3690 3779 3836 3911
63 85 167 203 269 309 374 468 489 574 612 652 657 753 761 794 868 948 1040 1097 1103 1156 1183 1184 1191 1220 1267 1357 1413 1458 1488 1535 1599 1608 1626 1646 1655 1703 1784 1857 1879 1927 1989 2042 2060 2130 2178 2213 2303 2315 2340 2406 2421 2447 2505 2524 2580 2638 2670 2708 2730 2730 2749 2775 2842 2859 2871 2930 3025
98 156 183 230 246 315 360 382 467 480 488 541 562 644 666 703 723 768 776 846 902 948 954 1041 1091 1096 1145 1187 1199 1246 1321 1355 1390 1417 1449 1484 1520 1601 1619 1704 1720 1782 1830 1878 1898 1901 1979 2052 2059 2109 2169 2226 2294 2315 2398 2465 2510 2538 2608 2701 2752 2772 2834 2855 2910 2989 3076 3137
58 91 138 198 276 291 367 464 484 518 585 595 597 691 774 833 874 965 996 1049 1122 1207 1276 1336 1430 1462 1547 1578 1578 1644 1662 1700 1723 1789 1865 1947 1986 2035 2064 2121 2146 2182 2272 2288 2361 2418 2429 2483 2500 2508 2587 2611 2686 2724 2772 2789 2882 2977 3059 3087 3144 3242 3305 3316 3391 3426 3453
73 83 86 155 174 212 286 307 354 386 468 564 617 652 677 712 753 790 790 817 889 890 925 989 1047 1109 1155 1245 1300 1350 1351 1438 1475 1526 1599 1678 1686 1745 1772 1777 1817 1852 1917 1936 1940 1972 1985 2056 2111 2201 2250 2300 2366 2430 2508 2519 2572 2668 2706 2792 2879 2962 2995 3013 3079 3147
19 83 166 249 327 385 406 494 563 635 720 761 803 841 938 954 978 1062 1139 1168 1234 1308 1335 1423 1486 1547 1601 1609 1623 1677 1708 1723 1775 1826 1864 1869 1892 1962 2056 2100 2110 2190 2205 2296 2299 2351 2433 2472 2490 2508 2524 2561 2612 2693 2774 2789 2858 2902 2941 2989 3021 3023 3114 3202 3253
91 94 108 176 180 235 238 302 384 423 435 520 528 540 574 660 721 749 774 865 894 992 1089 1152 1240 1296 1329 1417 1454 1545 1584 1633 1684 1722 1818 1844 1933 2012 2021 2092 2136 2180 2203 2299 2365 2435 2454 2498 2542 2633 2663 2718 2803 2852 2858 2872 2941 3000 3083 3171 3182 3239 3298 3339
28 70 107 128 161 186 241 268 318 364 411 460 524 551 614 679 702 726 809 830 922 1005 1061 1105 1187 1219 1237 1290 1331 1331 1419 1499 1530 1575 1592 1677 1689 1729 1809 1895 1903 1904 1907 1970 1979 2014 2094 2176 2245 2316 2331 2406 2467 2508 2520 2563 2611 2704 2757 2766 2790 2805 2820
81 83 98 111 172 244 296 370 436 482 572 575 649 726 760 791 879 962 980 1029 1045 1121 1164 1246 1298 1303 1401 1403 1493 1517 1601 1674 1687 1782 1830 1830 1830 1867 1942 2010 2049 2067 2107 2164 2186 2209 2254 2277 2312 2395 2476 2488 2537 2631 2725 2751 2830 2845 2882 2954 3001 3077
72 115 123 216 300 349 411 508 517 560 600 694 698 775 832 899 975 985 1019 1030 1042 1063 1153 1197 1282 1327 1412 1475 1505 1577 1610 1702 1727 1780 1838 1935 2023 2051 2071 2089 2123 2148 2210 2282 2352 2417 2457 2462 2480 2573 2628 2658 2754 2848 2912 2937 3029 3118 3212 3267 3302
7 19 68 146 225 240 272 337 342 393 427 447 537 596 662 730 754 794 796 842 866 896 918 974 1017 1024 1033 1107 1167 1255 1274 1318 1389 1448 1450 1501 1544 1630 1671 1723 1760 1805 1858 1874 1931 1973 1992 2043 2096 2132 2228 2247 2340 2386 2482 2527 2607 2666 2706 2781
98 106 110 192 259 317 390 433 445 487 581 603 689 690 746 803 898 981 1067 1084 1131 1148 1148 1230 1277 1331 1412 1464 1477 1552 1586 1606 1702 1759 1840 1851 1939 1941 2001 2043 2045 2055 2135 2214 2222 2248 2342 2407 2427 2439 2492 2580 2677 2756 2849 2914 2984 3044 3072
3 45 65 143 167 259 354 400 425 448 539 570 589 663 741 752 818 871 908 999 1044 1134 1154 1178 1210 1305 1337 1370 1450 1453 1487 1494 1546 1618 1679 1712 1794 1866 1908 1920 1972 2033 2073 2098 2126 2167 2261 2280 2338 2412 2473 2514 2598 2614 2668 2693 2734 2760
89 130 155 179 180 193 287 289 371 398 474 539 614 630 686 773 841 895 905 962 1027 1086 1150 1165 1200 1213 1269 1323 1351 1355 1401 1474 1550 1568 1649 1714 1762 1826 1882 1904 1979 2046 2119 2172 2207 2225 2261 2342 2349 2351 2438 2463 2518 2528 2556 2576 2578
46 66 72 79 109 123 139 171 203 218 221 242 337 434 461 498 524 544 604 624 722 746 770 865 889 959 1052 1145 1213 1242 1270 1288 1336 1351 1369 1388 1485 1529 1561 1657 1682 1758 1817 1842 1910 1926 1931 2010 2061 2113 2173 2260 2321 2405 2493 2575
49 99 160 220 277 355 433 480 486 555 644 694 712 779 873 900 912 913 919 943 1006 1047 1089 1109 1170 1256 1326 1378 1408 1428 1475 1502 1576 1582 1654 1657 1675 1699 1702 1764 1837 1929 1990 2039 2067 2122 2196 2281 2355 2363 2422 2463 2549 2583 2602
87 135 165 223 315 366 431 501 599 670 766 781 803 818 864 897 943 1019 1100 1125 1146 1230 1239 1278 1321 1394 1395 1477 1537 1597 1693 1709 1726 1798 1863 1900 1943 2036 2127 2152 2223 2306 2375 2403 2486 2521 2584 2680 2771 2783 2797 2812 2842 2908
65 118 202 238 305 392 417 451 512 520 579 649 716 783 881 929 931 1000 1034 1061 1117 1213 1221 1306 1329 1347 1347 1401 1456 1474 1476 1552 1645 1721 1721 1783 1864 1895 1930 2006 2099 2168 2235 2282 2372 2426 2440 2466 2499 2566 2649 2735 2803
50 126 224 235 253 334 376 428 488 508 546 549 616 706 732 830 850 904 983 1080 1148 1157 1237 1312 1364 1366 1428 1489 1561 1584 1607 1613 1678 1710 1735 1781 1796 1852 1942 1980 2002 2029 2122 2154 2236 2301 2373 2433 2436 2438 2492 2500
75 133 156 203 266 302 314 404 445 513 577 630 700 773 812 892 917 973 1059 1089 1114 1142 1154 1208 1280 1324 1341 1432 1510 1567 1604 1699 1746 1844 1937 1953 1987 2036 2089 2153 2175 2219 2235 2313 2349 2409 2444 2448 2507 2525 2612
30 72 154 236 316 402 458 507 511 604 665 747 812 863 888 975 1047 1106 1139 1223 1282 1344 1427 1476 1508 1588 1600 1632 1669 1695 1785 1808 1828 1919 1933 1947 1998 2068 2108 2135 2223 2262 2275 2347 2404 2444 2484 2555 2652 2731
38 68 151 156 186 198 249 317 325 395 431 463 496 590 665 701 702 740 786 851 893 976 1005 1059 1126 1132 1175 1245 1301 1381 1433 1516 1590 1620 1701 1793 1829 1850 1906 1919 2003 2013 2105 2186 2197 2272 2319 2407 2492
14 89 100 123 148 231 256 303 307 339 431 527 553 636 641 654 707 743 805 866 934 988 1061 1101 1135 1166 1235 1237 1250 1325 1333 1399 1411 1497 1541 1585 1609 1611 1694 1719 1731 1797 1851 1940 2028 2049 2077 2159
85 141 189 267 280 314 370 401 450 462 557 647 668 750 847 851 885 944 1041 1125 1156 1172 1182 1221 1317 1341 1439 1517 1540 1621 1700 1772 1805 1897 1980 2049 2140 2208 2223 2295 2376 2404 2456 2528 2619 2697 2709
16 114 125 127 154 217 258 289 372 416 429 500 513 564 629 666 695 725 750 844 864 872 888 935 977 1055 1064 1095 1149 1233 1285 1333 1409 1457 1544 1627 1695 1709 1788 1807 1823 1889 1970 1979 2030 2102
55 76 137 167 240 248 282 321 341 343 414 427 444 461 508 541 621 675 703 750 824 889 900 945 960 1053 1102 1194 1203 1248 1310 1365 1385 1388 1425 1431 1517 1563 1580 1616 1625 1696 1752 1830 1878
94 170 212 238 260 324 404 494 563 632 725 741 765 821 900 908 922 945 986 1000 1097 1176 1229 1278 1305 1391 1409 1500 1596 1647 1733 1768 1812 1886 1972 2005 2095 2136 2190 2277 2289 2354 2418 2454
24 96 96 125 169 193 233 304 371 446 538 620 685 757 836 902 968 1036 1110 1152 1194 1277 1295 1325 1372 1446 1544 1596 1605 1635 1673 1688 1739 1827 1879 1933 1996 2057 2095 2112 2137 2207 2269
42 119 129 213 226 238 315 317 387 454 508 562 594 619 657 723 730 798 805 870 945 962 1019 1074 1075 1166 1205 1297 1353 1379 1447 1474 1485 1554 1598 1668 1762 1778 1792 1840 1895 1981
50 138 175 180 246 276 282 283 328 396 418 492 581 632 654 705 778 808 886 959 992 1061 1078 1129 1161 1207 1267 1274 1341 1356 1420 1491 1527 1612 1638 1652 1705 1788 1826 1838 1844
44 91 116 172 175 177 234 324 374 432 450 536 630 645 667 706 796 841 901 986 1013 1014 1098 1195 1274 1342 1368 1419 1463 1494 1495 1552 1605 1633 1649 1736 1828 1889 1914 1938
28 85 143 156 188 285 371 408 466 532 627 709 738 742 829 851 932 947 1009 1080 1130 1171 1240 1319 1358 1378 1423 1496 1526 1582 1644 1662 1665 1680 1719 1771 1801 1891 1929
12 84 109 192 217 306 350 392 397 464 464 553 639 703 766 777 837 849 921 973 1034 1076 1150 1227 1252 1345 1408 1458 1465 1525 1579 1652 1706 1736 1745 1784 1826 1923
29 32 90 181 225 249 275 341 364 383 480 531 543 569 629 709 750 826 835 923 934 964 1000 1017 1099 1180 1247 1343 1429 1453 1474 1540 1637 1658 1753 1829 1882
28 109 172 255 336 433 447 498 503 540 557 571 629 668 712 769 832 892 907 912 963 1028 1043 1060 1107 1118 1144 1171 1218 1264 1282 1296 1303 1305 1384 1425
86 163 185 272 341 361 406 490 512 512 605 688 772 832 923 1009 1077 1142 1237 1274 1339 1354 1388 1415 1443 1487 1568 1569 1588 1683 1746 1772 1787 1850 1926
5 54 148 230 308 370 449 488 541 610 682 689 711 723 723 746 818 901 903 968 1007 1013 1049 1059 1130 1194 1227 1311 1314 1363 1451 1497 1561 1582
8 73 133 202 279 337 354 398 494 534 580 641 650 701 730 778 873 894 937 959 1035 1046 1113 1207 1246 1282 1353 1417 1417 1489 1511 1520 1580
56 78 111 117 211 219 301 389 483 508 600 642 652 653 711 793 813 865 877 905 973 989 993 996 1027 1093 1128 1177 1245 1256 1338 1359
34 130 169 249 317 363 367 432 526 585 661 716 812 878 933 938 945 958 969 1034 1072 1098 1132 1202 1207 1261 1292 1293 1312 1361 1420
14 15 61 130 162 232 266 340 345 433 516 599 619 700 785 817 884 929 936 983 1054 1099 1192 1268 1314 1330 1369 1391 1419 1501
43 46 64 149 217 220 316 379 438 443 484 527 594 671 682 693 699 725 757 778 827 879 916 1004 1005 1073 1170 1213 1269
69 81 167 244 267 347 384 482 498 519 600 692 750 819 868 885 909 924 1020 1076 1095 1118 1161 1251 1299 1363 1402 1408
92 139 225 303 338 380 413 440 517 518 538 542 623 684 715 805 845 889 907 976 1057 1087 1114 1164 1207 1227 1269
16 72 137 176 238 315 395 466 476 552 575 667 714 787 827 854 938 1006 1089 1179 1271 1277 1354 1438 1534 1539
61 122 210 287 350 418 460 556 615 617 617 619 659 700 791 842 904 918 999 1058 1078 1150 1226 1270 1332
11 37 91 135 140 148 198 219 247 301 349 405 502 526 607 682 697 732 822 851 913 1010 1020 1100
10 62 98 120 209 262 334 417 429 525 557 633 689 731 795 830 861 876 899 955 979 1029 1053
56 90 161 176 185 210 247 248 255 325 396 442 523 560 577 591 629 716 718 755 821 860
79 177 215 260 283 306 388 455 497 531 574 663 757 848 850 889 942 1011 1089 1143 1175
84 85 176 183 208 240 246 262 269 332 406 431 524 595 610 624 638 653 717 773
18 19 104 176 259 346 384 406 464 507 601 617 704 740 793 890 951 1026 1029
3 36 115 122 148 240 328 386 396 404 493 571 653 727 819 910 971 978
9 84 141 148 206 302 384 426 432 478 573 645 736 823 832 879 963
1 63 95 144 211 227 289 294 386 432 439 535 592 690 705 766
27 32 83 172 205 285 365 451 466 512 518 529 572 637 670
8 49 96 141 168 170 191 277 295 307 315 326 423 519
10 27 33 124 168 193 208 264 306 389 404 427 451
10 84 104 190 210 246 286 313 380 381 477 477
32 74 136 195 272 364 364 462 526 588 676
92 149 165 246 328 404 491 551 590 611
34 79 152 234 254 281 366 390 451
57 66 162 217 311 343 343 428
29 89 144 151 211 307 382
91 93 97 130 187 223
41 121 164 180 192
45 110 165 203
42 48 107
94 124
93
