48
59 140 171 183 268 314 379 392 487 564 636 679 746 777 822 827 908 941 986 1033 1103 1125 1147 1212 1248 1312 1314 1367 1409 1478 1562 1641 1671 1720 1817 1839 1871 1915 1976 2033 2088 2150 2243 2271 2293 2351 2388 2458
9 97 97 145 232 311 330 399 424 459 505 527 527 561 588 592 639 666 673 680 738 831 859 868 901 984 1027 1051 1116 1171 1182 1183 1276 1371 1376 1458 1502 1599 1694 1737 1817 1896 1943 1943 2026 2066 2139
15 112 134 136 139 167 244 341 386 448 460 540 563 657 661 665 732 827 888 900 973 1019 1052 1116 1142 1198 1214 1234 1251 1336 1429 1517 1610 1616 1658 1699 1717 1807 1828 1890 1961 1974 1990 2066 2155 2247
32 38 107 112 204 284 299 385 470 562 645 683 744 833 906 985 1029 1125 1176 1202 1291 1378 1412 1493 1494 1565 1576 1662 1722 1733 1793 1820 1830 1900 1922 1964 2052 2132 2207 2245 2248 2262 2358 2403 2431
92 132 156 244 322 336 388 454 471 474 491 527 560 569 592 601 672 713 761 822 833 895 964 1014 1104 1194 1256 1338 1355 1430 1464 1491 1558 1620 1682 1754 1831 1861 1871 1938 1951 2000 2098 2098
20 52 144 163 220 234 327 382 479 532 611 683 683 755 760 824 873 921 1013 1081 1153 1209 1233 1317 1409 1481 1540 1629 1695 1763 1777 1781 1838 1909 1912 1958 2036 2066 2146 2151 2214 2289 2387
48 53 56 147 184 205 268 313 364 432 439 459 526 610 643 737 757 837 866 898 911 945 984 1077 1120 1168 1180 1196 1267 1361 1396 1484 1547 1560 1594 1632 1671 1767 1862 1912 1992 2017
76 123 126 201 229 275 324 390 460 471 505 603 668 709 769 864 920 1006 1070 1114 1170 1217 1226 1266 1361 1401 1452 1459 1496 1594 1647 1675 1767 1853 1876 1918 2012 2087 2149 2197 2203
89 114 170 177 231 274 330 360 427 466 487 575 579 644 656 737 816 819 855 862 881 944 1008 1070 1075 1083 1109 1201 1283 1321 1373 1390 1478 1565 1638 1680 1756 1791 1864 1934
17 113 203 206 231 243 308 370 394 465 494 533 603 607 642 701 751 832 854 855 952 1009 1030 1090 1110 1182 1256 1325 1411 1487 1492 1583 1655 1741 1824 1913 1921 1950 1994
82 105 183 273 368 417 478 526 556 612 630 718 743 831 926 929 992 1067 1143 1190 1198 1295 1299 1313 1386 1451 1456 1541 1602 1689 1775 1775 1825 1836 1932 2020 2077 2162
25 50 144 188 224 268 354 409 432 488 513 546 589 621 622 678 729 801 874 879 974 1018 1074 1106 1162 1260 1314 1322 1362 1405 1435 1478 1549 1641 1683 1698 1700
63 98 133 142 192 210 262 325 359 373 418 468 531 548 632 678 741 771 815 823 836 887 906 982 1022 1058 1079 1162 1249 1284 1340 1369 1450 1487 1582 1603
60 142 222 295 311 344 421 449 529 530 615 710 720 783 843 845 867 936 965 979 1000 1026 1078 1115 1172 1182 1220 1297 1390 1472 1513 1533 1606 1642 1690
59 60 125 130 138 162 259 330 356 365 423 475 477 497 508 520 531 617 684 688 694 752 824 843 896 950 1036 1048 1115 1201 1265 1334 1383 1452
44 56 68 73 122 210 278 320 354 379 444 451 498 524 594 692 741 818 875 931 1029 1068 1080 1157 1236 1313 1330 1336 1361 1403 1427 1489 1505
19 78 122 192 264 362 416 456 475 522 614 637 648 695 773 860 870 930 956 996 1018 1070 1106 1125 1174 1200 1244 1295 1345 1353 1433 1493
77 140 211 257 296 338 385 425 433 433 529 584 675 712 720 737 808 883 934 954 1031 1054 1116 1199 1264 1305 1332 1375 1438 1508 1592
70 143 182 207 240 328 397 482 507 509 581 628 659 738 823 845 937 1003 1070 1096 1126 1224 1241 1289 1360 1363 1375 1462 1538 1569
35 127 189 220 310 363 427 434 532 619 623 665 674 758 771 839 924 948 1042 1075 1164 1219 1256 1320 1397 1441 1447 1519 1599
70 165 256 317 399 477 485 513 529 568 633 726 762 772 781 833 888 920 957 1031 1099 1120 1168 1266 1314 1392 1428 1520
61 89 108 197 221 242 307 372 464 543 635 688 765 796 815 882 952 1048 1059 1100 1115 1206 1254 1294 1369 1466 1482
45 74 137 197 292 360 365 386 461 474 514 571 578 599 647 659 721 737 822 826 903 993 1035 1131 1145 1177
68 117 131 151 217 299 373 401 475 544 614 710 734 826 899 907 924 981 1070 1095 1184 1209 1265 1282 1303
46 75 130 172 219 222 303 311 383 458 498 591 612 646 731 793 869 913 946 1039 1118 1134 1222 1304
40 107 125 156 181 206 281 306 357 431 514 533 607 643 691 724 757 808 840 907 952 1018 1071
56 139 231 259 303 370 399 445 490 550 591 666 687 728 788 884 943 955 969 1019 1032 1062
43 70 103 136 152 200 298 298 307 395 442 515 555 640 669 738 778 856 937 1002 1059
37 69 103 152 246 304 308 400 496 584 584 629 650 723 780 867 872 890 953 1048
61 70 85 138 212 235 274 345 439 478 558 566 654 708 712 786 878 902 990
4 21 53 149 213 258 345 418 452 527 604 656 716 764 843 904 955 976
23 83 123 136 177 195 230 320 323 402 420 443 478 490 573 640 688
79 97 118 199 235 305 397 453 467 499 537 610 660 755 765 811
54 116 175 255 327 353 406 421 449 504 532 571 574 598 660
70 99 119 198 235 318 374 423 472 503 540 568 641 643
96 182 216 287 340 412 433 458 473 522 571 621 685
60 117 190 245 323 368 437 519 582 586 624 722
98 173 194 290 313 350 374 384 439 487 493
21 118 118 158 240 249 333 411 424 502
81 105 165 212 262 318 330 354 358
8 62 111 186 223 257 296 388
7 49 129 201 275 345 434
26 92 148 173 197 280
72 126 198 235 298
64 142 222 236
21 53 133
23 97
17
