87
55 59 79 109 162 260 283 378 407 462 535 578 660 689 695 737 771 777 826 899 993 1037 1057 1139 1234 1248 1313 1399 1433 1522 1610 1662 1723 1774 1807 1867 1909 1923 1992 2080 2102 2170 2242 2263 2320 2366 2376 2403 2405 2488 2522 2529 2551 2561 2576 2617 2672 2693 2782 2853 2906 2983 3057 3070 3109 3189 3205 3244 3264 3325 3330 3382 3461 3510 3584 3654 3750 3791 3850 3886 3905 3949 4016 4106 4120 4144 4176
8 65 66 153 196 274 330 384 473 553 640 693 775 785 840 907 963 1031 1104 1134 1138 1172 1264 1358 1381 1382 1400 1444 1456 1543 1551 1646 1739 1783 1791 1867 1899 1990 2048 2052 2080 2106 2135 2189 2232 2261 2277 2337 2392 2396 2469 2485 2554 2651 2739 2767 2792 2804 2890 2971 3061 3121 3207 3302 3397 3398 3453 3544 3547 3615 3643 3715 3769 3830 3849 3896 3905 3994 4071 4135 4220 4266 4307 4339 4391 4406
26 69 131 192 290 314 394 439 535 632 724 785 799 890 947 1032 1047 1127 1212 1232 1265 1348 1349 1356 1436 1467 1537 1540 1570 1663 1731 1737 1746 1843 1885 1892 1947 1976 2044 2094 2179 2219 2268 2276 2293 2349 2377 2390 2469 2489 2507 2591 2597 2633 2707 2791 2867 2949 2967 2996 3047 3090 3158 3250 3304 3324 3379 3431 3452 3536 3616 3700 3709 3739 3755 3823 3877 3966 4051 4070 4164 4219 4255 4334 4362
1 19 50 74 86 103 128 201 246 286 376 464 473 548 594 614 707 777 826 856 904 928 947 1022 1035 1069 1138 1176 1199 1204 1283 1337 1430 1488 1534 1627 1715 1761 1801 1830 1911 1916 1931 1976 2013 2074 2162 2196 2282 2313 2359 2383 2430 2522 2600 2692 2763 2772 2798 2896 2925 3001 3007 3103 3156 3209 3238 3302 3350 3412 3481 3488 3550 3564 3638 3704 3752 3811 3834 3838 3848 3938 4008 4082
53 77 96 169 204 286 332 407 462 548 575 601 641 736 811 834 837 848 902 956 970 1031 1108 1115 1173 1267 1307 1339 1377 1383 1401 1475 1532 1536 1588 1635 1727 1790 1878 1955 2007 2063 2120 2194 2232 2247 2324 2393 2426 2447 2530 2611 2696 2762 2790 2819 2873 2952 3031 3109 3172 3244 3322 3347 3380 3385 3429 3430 3486 3575 3579 3598 3642 3729 3786 3816 3867 3936 3962 3972 4065 4071 4165
55 108 196 222 226 322 334 359 421 422 443 484 523 542 621 622 704 761 800 841 870 895 967 1005 1049 1053 1111 1116 1176 1188 1249 1318 1319 1329 1351 1421 1435 1450 1522 1532 1596 1683 1697 1785 1823 1847 1915 1995 2091 2144 2163 2211 2254 2318 2398 2449 2475 2522 2534 2632 2677 2759 2830 2867 2875 2944 3035 3092 3141 3156 3182 3192 3216 3300 3349 3354 3405 3439 3534 3620 3632 3650
75 141 146 244 317 319 360 408 501 587 590 667 668 741 761 832 890 965 973 1042 1065 1118 1154 1223 1282 1347 1366 1371 1442 1509 1561 1615 1697 1736 1806 1846 1936 1974 1995 1996 2001 2047 2121 2158 2159 2162 2202 2278 2297 2312 2314 2340 2436 2449 2508 2556 2567 2614 2704 2767 2852 2873 2877 2956 3013 3013 3017 3090 3147 3203 3253 3270 3346 3396 3413 3489 3495 3591 3628 3693 3694
63 112 116 183 190 202 246 250 274 299 308 324 412 420 458 504 587 664 714 801 899 974 1008 1087 1157 1248 1325 1361 1430 1463 1504 1575 1671 1748 1842 1878 1880 1948 1951 2024 2085 2174 2187 2214 2277 2348 2442 2471 2494 2569 2569 2642 2698 2702 2711 2727 2800 2870 2871 2963 3049 3059 3090 3118 3120 3144 3201 3292 3304 3369 3463 3553 3580 3640 3658 3719 3800 3854 3889 3911
42 131 150 246 310 408 429 451 475 513 586 652 709 721 801 804 853 889 920 925 1019 1115 1123 1182 1266 1293 1332 1381 1408 1489 1556 1632 1700 1720 1798 1818 1824 1909 1980 2048 2131 2214 2309 2339 2380 2420 2479 2541 2556 2626 2645 2676 2735 2753 2810 2827 2918 3001 3064 3071 3103 3135 3157 3233 3254 3333 3353 3444 3457 3507 3590 3652 3661 3670 3711 3749 3792 3847 3905
13 80 171 172 184 243 284 357 395 401 437 486 518 591 639 690 729 750 837 896 941 1002 1035 1036 1079 1136 1159 1215 1248 1261 1339 1431 1515 1587 1662 1687 1758 1851 1892 1908 1936 2016 2114 2141 2151 2229 2259 2287 2307 2387 2461 2543 2637 2713 2751 2843 2927 3004 3051 3105 3145 3195 3286 3380 3431 3526 3532 3548 3567 3580 3628 3688 3717 3783 3879 3977 3982 3997
39 89 95 108 186 231 275 303 331 376 470 492 501 526 595 693 724 745 763 859 934 998 1047 1055 1111 1118 1136 1146 1208 1249 1321 1326 1416 1450 1469 1496 1543 1621 1700 1734 1757 1828 1848 1880 1926 1955 1971 2022 2118 2170 2193 2226 2316 2355 2393 2416 2431 2507 2511 2566 2606 2702 2750 2762 2828 2846 2862 2891 2932 3016 3085 3145 3150 3153 3187 3240 3248
99 156 204 252 338 378 435 495 571 620 664 700 714 746 789 870 956 1009 1059 1063 1127 1213 1234 1258 1294 1363 1380 1392 1485 1537 1561 1611 1649 1705 1777 1779 1827 1904 1926 1934 2017 2046 2055 2142 2225 2305 2318 2366 2464 2554 2629 2727 2784 2841 2843 2918 2996 3014 3078 3125 3145 3164 3245 3284 3305 3367 3425 3458 3538 3615 3689 3753 3799 3806 3900 3901
73 138 234 245 340 392 490 500 502 589 658 737 766 803 810 877 957 971 1027 1080 1176 1181 1266 1347 1396 1413 1474 1545 1560 1562 1597 1659 1749 1781 1808 1858 1870 1882 1951 2001 2025 2094 2110 2141 2217 2253 2347 2436 2531 2584 2664 2736 2821 2823 2904 2945 2988 2994 3016 3093 3107 3117 3122 3145 3213 3276 3309 3365 3416 3443 3531 3628 3702 3735 3766
38 121 128 159 253 259 345 425 521 598 651 669 735 806 897 991 1033 1075 1093 1117 1204 1262 1338 1377 1406 1498 1539 1542 1628 1649 1690 1693 1703 1784 1809 1867 1884 1958 2055 2134 2160 2195 2237 2251 2324 2391 2443 2461 2496 2563 2654 2718 2742 2777 2799 2866 2942 3026 3106 3111 3121 3179 3269 3284 3357 3432 3483 3553 3608 3697 3702 3800 3875 3971
42 82 116 197 201 222 255 286 373 413 471 566 649 686 701 749 807 844 866 867 878 925 985 1028 1058 1066 1129 1186 1245 1299 1366 1433 1435 1441 1522 1614 1706 1739 1763 1808 1848 1865 1940 1998 2081 2146 2219 2295 2363 2448 2483 2567 2638 2715 2727 2758 2850 2906 2964 2971 3020 3082 3115 3141 3204 3281 3291 3386 3389 3470 3477 3570 3641
3 25 89 164 226 315 349 440 525 548 615 683 764 845 906 957 1007 1020 1109 1203 1237 1252 1276 1322 1379 1449 1460 1513 1602 1686 1720 1808 1863 1864 1937 1983 2023 2030 2089 2182 2199 2215 2247 2287 2317 2345 2370 2376 2445 2507 2584 2637 2713 2776 2860 2920 2924 2998 3076 3169 3245 3319 3412 3493 3570 3644 3715 3735 3739 3821 3881 3903
9 14 90 142 232 256 342 379 419 419 487 500 594 633 634 727 743 835 897 908 967 969 1041 1065 1087 1155 1219 1272 1330 1411 1427 1439 1474 1515 1542 1552 1581 1627 1709 1722 1760 1836 1913 1913 2002 2012 2053 2077 2119 2174 2222 2247 2296 2296 2340 2417 2501 2565 2645 2683 2685 2761 2840 2918 2936 2969 2999 3049 3056 3143 3164
85 168 175 218 289 351 407 449 460 540 591 631 722 782 795 845 927 939 942 1009 1010 1043 1095 1172 1198 1224 1275 1325 1371 1454 1496 1576 1664 1708 1768 1795 1816 1822 1888 1903 2000 2069 2099 2168 2266 2363 2456 2463 2533 2625 2711 2809 2810 2854 2855 2858 2899 2974 2998 3078 3081 3095 3117 3130 3173 3208 3278 3288 3364 3379
38 80 94 94 192 276 347 412 418 421 472 537 611 678 712 741 767 792 886 914 951 982 1044 1095 1135 1178 1232 1250 1274 1370 1370 1448 1523 1598 1670 1678 1704 1762 1829 1894 1914 2010 2031 2046 2133 2220 2248 2321 2360 2444 2483 2575 2615 2649 2747 2792 2818 2883 2893 2894 2966 2982 3068 3148 3245 3289 3359 3434 3472
87 164 259 277 297 358 433 438 535 582 643 702 793 810 836 875 921 943 984 998 1044 1128 1166 1191 1204 1272 1279 1310 1353 1443 1474 1495 1578 1608 1658 1747 1822 1861 1884 1950 2006 2094 2170 2189 2220 2271 2301 2302 2346 2420 2503 2554 2581 2615 2649 2698 2757 2767 2803 2812 2855 2952 3005 3027 3114 3199 3220 3255
41 45 131 198 241 326 420 478 536 587 643 691 717 755 766 856 873 874 911 983 1029 1039 1084 1161 1246 1289 1352 1397 1455 1495 1591 1656 1714 1801 1835 1901 1964 1968 2061 2086 2087 2095 2096 2164 2177 2200 2262 2358 2358 2371 2414 2496 2583 2586 2593 2681 2765 2826 2860 2914 2992 3014 3077 3174 3224 3235 3323
82 124 168 212 289 347 445 452 457 505 580 651 694 723 802 896 923 942 998 1092 1099 1122 1195 1274 1347 1397 1494 1497 1557 1562 1637 1653 1739 1762 1805 1820 1905 1905 1992 2057 2116 2211 2289 2355 2368 2400 2495 2575 2585 2682 2755 2827 2832 2893 2973 3039 3125 3127 3191 3283 3373 3460 3528 3555 3574 3649
70 143 168 238 256 270 367 408 456 533 629 638 679 718 814 818 909 916 980 1005 1077 1080 1116 1192 1247 1258 1293 1324 1387 1471 1544 1634 1662 1742 1824 1908 1929 1964 2004 2098 2131 2159 2256 2284 2364 2417 2430 2467 2547 2605 2680 2698 2720 2769 2792 2838 2875 2905 2956 2998 3013 3107 3110 3191 3246
98 153 183 194 256 324 408 428 467 493 525 585 638 679 702 749 834 875 885 968 976 985 987 1001 1021 1024 1122 1185 1195 1218 1297 1324 1403 1451 1514 1599 1671 1695 1759 1785 1815 1817 1852 1867 1883 1909 1914 1944 1987 2057 2105 2106 2137 2154 2209 2228 2276 2343 2395 2429 2461 2466 2508 2555
81 156 172 204 294 302 309 313 328 383 407 466 532 601 650 655 736 819 867 963 981 1004 1047 1071 1146 1173 1196 1231 1239 1320 1367 1427 1478 1539 1629 1643 1730 1808 1817 1860 1868 1895 1950 2047 2120 2154 2201 2281 2332 2341 2438 2522 2534 2603 2623 2657 2722 2798 2802 2863 2896 2941 3034
41 79 121 184 269 352 407 494 559 573 634 693 705 762 803 809 907 1004 1088 1145 1201 1208 1261 1326 1414 1486 1505 1567 1656 1704 1751 1756 1853 1939 1995 2070 2152 2195 2213 2294 2320 2362 2383 2421 2496 2577 2648 2708 2747 2810 2867 2927 3017 3058 3092 3171 3231 3284 3349 3385 3467 3508
97 119 197 232 290 340 368 447 450 504 521 614 682 747 789 847 911 974 987 1074 1159 1169 1220 1220 1248 1334 1390 1447 1487 1522 1609 1656 1721 1733 1794 1817 1827 1901 1924 1975 1983 2069 2131 2199 2281 2367 2416 2462 2483 2575 2638 2642 2677 2757 2844 2861 2875 2903 2925 2957 3029
40 75 123 203 264 323 408 491 502 563 627 715 800 823 885 934 952 974 1022 1022 1067 1142 1191 1273 1296 1323 1394 1421 1491 1523 1547 1551 1552 1592 1665 1697 1776 1796 1848 1905 1997 2012 2083 2145 2221 2311 2381 2444 2492 2558 2579 2598 2640 2702 2754 2766 2819 2908 2995 3057
5 102 176 260 306 310 407 476 572 598 650 672 698 740 813 819 829 924 1003 1034 1074 1149 1208 1263 1287 1360 1399 1417 1482 1555 1597 1673 1709 1774 1796 1868 1941 1949 1993 2089 2155 2248 2261 2337 2425 2510 2527 2577 2632 2634 2712 2776 2802 2826 2838 2885 2941 3032 3065
7 28 92 146 228 229 242 243 280 330 353 435 517 579 652 705 735 765 837 930 1022 1029 1032 1083 1170 1180 1253 1323 1413 1436 1473 1530 1615 1673 1706 1796 1850 1899 1955 1999 2056 2073 2074 2102 2156 2238 2291 2385 2386 2455 2471 2519 2603 2680 2711 2790 2823 2892
72 147 188 220 280 306 389 469 500 564 590 648 691 772 792 879 958 1002 1096 1140 1189 1241 1255 1256 1267 1330 1370 1375 1430 1469 1512 1564 1607 1620 1635 1648 1697 1752 1781 1849 1946 1983 2072 2096 2154 2193 2215 2259 2340 2381 2431 2519 2536 2574 2583 2672 2707
77 108 155 226 231 300 378 384 400 485 502 527 583 648 721 775 791 888 955 972 1009 1077 1122 1133 1209 1235 1312 1358 1420 1450 1522 1579 1647 1736 1819 1836 1884 1956 1997 2052 2116 2203 2220 2263 2300 2341 2359 2368 2425 2485 2514 2586 2586 2664 2682 2739
54 138 231 287 318 351 409 432 497 503 519 578 617 641 646 722 809 823 832 925 928 947 1042 1093 1154 1202 1272 1282 1322 1394 1456 1456 1478 1525 1570 1579 1628 1711 1738 1807 1850 1880 1949 1951 1991 1993 1999 2034 2092 2109 2117 2118 2172 2239 2314
60 135 227 305 354 427 514 564 656 736 736 795 887 902 957 988 998 1022 1095 1184 1267 1281 1377 1426 1507 1603 1613 1668 1691 1780 1844 1936 2027 2122 2204 2263 2309 2319 2386 2413 2496 2569 2651 2736 2770 2798 2829 2925 2973 3049 3052 3096 3171 3192
6 24 76 148 211 220 275 283 283 342 432 497 563 603 693 749 813 819 916 1007 1102 1195 1289 1368 1373 1389 1462 1477 1525 1546 1629 1644 1681 1742 1810 1810 1819 1872 1896 1993 2062 2118 2206 2276 2329 2401 2406 2424 2465 2541 2588 2662 2663
81 148 210 289 349 402 406 504 537 587 636 643 648 681 720 755 845 934 985 1065 1103 1198 1248 1256 1286 1334 1428 1496 1593 1623 1627 1645 1703 1784 1847 1911 1980 2023 2074 2172 2186 2235 2309 2353 2395 2431 2431 2524 2573 2623 2675 2727
34 45 130 191 195 207 291 321 321 349 365 391 456 459 525 607 660 745 757 813 831 920 955 1037 1079 1128 1165 1256 1332 1367 1451 1458 1492 1508 1513 1610 1622 1644 1727 1741 1828 1832 1917 1980 2041 2066 2121 2185 2281 2282 2372
39 61 78 152 221 263 296 349 349 391 402 432 513 528 604 691 753 846 888 969 990 1025 1034 1075 1103 1130 1214 1221 1269 1324 1325 1363 1432 1457 1466 1501 1558 1612 1638 1735 1777 1816 1892 1955 1974 1989 2032 2086 2147 2153
66 134 196 285 363 417 496 560 605 701 786 842 916 964 996 1045 1123 1174 1186 1248 1304 1369 1378 1458 1522 1581 1656 1704 1754 1829 1885 1917 1940 1969 2023 2092 2122 2166 2196 2293 2302 2399 2432 2432 2433 2500 2573 2608 2679
59 64 83 117 118 164 166 210 297 309 309 327 396 471 547 625 671 697 763 828 904 963 1038 1050 1126 1184 1239 1282 1366 1462 1511 1581 1666 1686 1739 1794 1885 1943 2002 2019 2035 2038 2065 2116 2117 2118 2180 2210
98 113 155 227 293 296 361 383 385 426 492 536 573 636 712 802 865 914 974 1072 1147 1159 1193 1214 1224 1253 1311 1346 1423 1495 1533 1546 1608 1675 1707 1730 1802 1857 1914 1957 1992 2058 2107 2143 2153 2250 2275
83 96 191 205 233 269 301 328 355 383 465 559 604 664 757 830 921 932 972 1013 1088 1090 1158 1221 1238 1273 1303 1392 1426 1460 1538 1565 1595 1653 1721 1776 1868 1872 1873 1933 1974 2006 2070 2079 2115 2166
27 87 156 169 267 315 380 389 448 467 479 540 578 624 658 745 794 825 878 895 982 1078 1100 1155 1216 1297 1300 1373 1456 1502 1551 1556 1645 1655 1736 1772 1790 1793 1814 1907 2005 2082 2121 2184 2189
50 73 167 175 190 194 197 280 307 344 359 378 432 518 524 584 606 617 632 698 754 755 799 881 910 961 964 984 1002 1040 1133 1188 1190 1256 1283 1300 1371 1442 1470 1566 1569 1606 1661 1695
69 70 147 171 198 228 259 352 410 438 533 618 635 683 714 729 769 853 853 875 953 970 974 1067 1086 1163 1166 1238 1291 1300 1390 1417 1454 1542 1576 1588 1606 1609 1652 1722 1815 1822 1872
31 68 159 181 215 282 371 396 445 468 480 571 588 686 763 795 865 945 966 1054 1135 1222 1251 1270 1341 1369 1376 1465 1520 1583 1591 1652 1682 1705 1748 1809 1897 1937 2035 2044 2131 2188
71 73 98 168 230 248 306 364 391 451 485 564 596 666 726 789 793 851 918 1007 1046 1125 1130 1215 1263 1348 1396 1421 1510 1601 1602 1670 1670 1762 1776 1794 1852 1913 1924 1957 2026
63 151 237 281 304 350 447 491 569 649 664 709 761 849 854 892 967 1008 1018 1092 1099 1157 1176 1265 1336 1379 1424 1448 1505 1520 1539 1608 1611 1612 1619 1667 1680 1683 1762 1818
36 69 78 79 106 126 163 194 254 311 314 320 404 444 487 499 588 613 694 747 747 814 822 856 888 978 1039 1095 1164 1180 1208 1267 1316 1337 1392 1410 1452 1501 1506
23 38 84 118 179 235 274 319 344 394 431 504 579 658 728 788 843 893 926 1016 1035 1053 1132 1167 1218 1314 1411 1478 1520 1557 1592 1597 1695 1758 1770 1828 1886 1931
52 56 130 227 242 334 386 466 505 513 525 528 597 656 677 760 858 921 940 1037 1115 1189 1241 1290 1338 1346 1375 1449 1471 1520 1569 1642 1727 1795 1879 1904 1953
34 115 205 300 356 417 499 592 644 722 808 893 943 974 994 1032 1064 1127 1134 1198 1252 1318 1381 1386 1390 1408 1468 1530 1588 1656 1731 1827 1835 1928 2015 2090
83 132 160 221 299 345 387 450 450 491 566 574 588 613 657 730 784 830 925 969 1009 1095 1117 1124 1192 1213 1247 1315 1368 1422 1473 1491 1527 1535 1564
89 155 163 231 295 387 475 502 583 602 620 703 773 866 956 1035 1119 1216 1223 1294 1349 1412 1436 1471 1509 1538 1603 1657 1733 1767 1814 1830 1881 1947
90 164 193 272 365 444 455 520 580 629 691 722 730 801 833 873 940 957 1011 1090 1130 1190 1227 1240 1299 1368 1381 1452 1521 1592 1672 1725 1767
69 78 160 225 315 322 416 421 482 546 636 721 797 845 895 986 1052 1113 1139 1158 1197 1251 1260 1267 1329 1423 1435 1489 1510 1580 1601 1659
57 121 218 309 369 410 480 517 552 555 630 630 675 731 766 802 826 864 945 1039 1082 1125 1165 1175 1177 1180 1269 1337 1376 1450 1536
63 101 164 254 305 342 384 459 536 621 631 688 698 772 813 836 929 1015 1076 1077 1161 1258 1269 1322 1329 1377 1403 1419 1484 1530
7 95 106 120 206 304 308 324 324 342 422 445 475 552 610 619 660 721 811 866 880 889 979 1046 1074 1089 1159 1218 1281
68 147 159 192 279 279 357 378 412 503 543 608 634 670 725 743 797 871 910 970 993 1078 1100 1186 1283 1283 1355 1378
15 21 112 134 230 262 311 400 466 521 547 612 689 733 828 871 922 989 1072 1105 1179 1249 1254 1311 1313 1385 1462
85 124 205 276 358 422 476 476 496 524 550 571 635 666 706 750 776 858 934 956 959 1024 1057 1069 1119 1215
42 133 186 199 282 293 311 383 475 550 605 701 791 820 902 959 1009 1044 1051 1056 1104 1122 1141 1218 1301
1 72 133 157 194 244 298 366 394 421 513 592 597 606 614 687 727 774 840 865 895 942 991 1070
46 73 110 123 157 227 284 332 390 424 481 549 603 624 672 691 787 804 805 864 906 992 1023
46 114 139 192 193 237 294 339 408 466 557 654 751 821 838 930 966 1041 1079 1168 1195 1250
66 121 162 182 202 221 276 278 370 465 483 494 506 559 655 665 734 789 852 870 900
79 82 85 85 110 208 281 368 387 481 509 601 622 692 764 860 908 942 999 1072
32 117 180 274 362 387 453 499 561 648 671 699 793 853 859 934 1002 1072 1094
47 73 75 133 153 218 242 314 374 389 484 566 656 691 713 782 800 801
34 81 142 164 217 234 267 345 386 438 445 452 522 561 601 618 630
30 105 182 187 274 363 427 502 548 558 637 729 749 831 886 889
84 182 241 295 382 432 523 568 573 638 638 641 730 779 793
26 44 141 163 164 194 212 277 321 334 343 350 390 443
55 94 142 144 193 268 337 409 455 466 477 509 543
73 128 209 228 294 366 368 401 433 517 576 618
10 17 63 139 171 267 318 372 430 452 478
15 53 117 172 216 253 262 355 359 388
2 78 127 168 192 246 283 297 307
84 98 104 202 208 214 257 333
49 111 156 162 240 247 337
87 152 179 273 318 366
77 116 210 285 289
34 112 156 233
47 66 121
51 142
96
