73
17 70 113 201 265 361 372 385 459 499 507 512 583 646 723 760 846 937 968 1025 1094 1145 1169 1231 1237 1237 1332 1377 1393 1407 1450 1527 1584 1657 1669 1691 1693 1717 1762 1823 1828 1873 1880 1907 1953 1980 1991 1995 2049 2113 2163 2177 2183 2259 2349 2383 2472 2544 2555 2621 2665 2717 2752 2772 2828 2903 2967 3063 3085 3166 3222 3292 3363
96 120 156 190 210 253 267 345 355 374 382 460 515 612 680 721 805 806 901 967 1035 1057 1058 1121 1208 1211 1300 1372 1470 1497 1566 1627 1723 1741 1773 1784 1875 1877 1934 1997 2087 2116 2152 2217 2249 2343 2436 2487 2512 2577 2580 2619 2689 2738 2797 2832 2835 2845 2867 2927 2958 3033 3115 3190 3216 3246 3308 3321 3334 3383 3404 3428
40 96 142 144 214 276 308 335 395 483 494 568 658 755 785 829 921 976 1040 1094 1147 1197 1229 1250 1282 1371 1393 1424 1499 1583 1671 1752 1813 1875 1905 1992 2046 2069 2073 2152 2177 2218 2303 2350 2432 2514 2560 2626 2721 2811 2842 2918 2977 3016 3054 3071 3108 3114 3162 3185 3280 3316 3356 3426 3458 3550 3579 3655 3748 3774 3801
33 57 133 175 264 284 334 370 460 488 541 629 646 714 774 788 879 912 987 1017 1113 1121 1192 1247 1280 1281 1356 1383 1467 1483 1542 1559 1576 1615 1648 1689 1784 1787 1871 1896 1908 1977 2044 2087 2104 2127 2195 2269 2348 2433 2511 2515 2544 2616 2707 2714 2736 2824 2850 2910 2995 3068 3112 3195 3270 3290 3322 3411 3428 3477
5 43 80 160 195 249 331 413 464 494 521 552 632 678 727 794 823 890 985 1070 1111 1117 1130 1168 1205 1239 1298 1387 1467 1508 1572 1572 1630 1723 1805 1891 1940 1965 2042 2075 2107 2191 2281 2360 2391 2480 2527 2622 2676 2681 2706 2763 2768 2862 2923 2929 2956 3032 3058 3099 3169 3267 3276 3295 3331 3341 3413 3502 3587
7 32 111 178 222 257 266 326 332 407 488 557 640 729 769 852 950 1034 1128 1166 1175 1223 1267 1342 1353 1432 1520 1575 1672 1713 1774 1774 1868 1873 1923 1973 1981 2015 2088 2177 2195 2238 2308 2321 2386 2465 2507 2535 2574 2664 2704 2734 2767 2769 2802 2860 2931 2998 3017 3088 3157 3189 3233 3272 3308 3370 3463 3469
73 145 242 261 355 375 405 461 471 563 604 677 760 814 820 915 957 1034 1056 1119 1142 1163 1199 1273 1305 1306 1360 1389 1408 1505 1587 1680 1712 1753 1829 1864 1915 1948 1997 2004 2076 2112 2202 2244 2292 2299 2372 2434 2465 2536 2626 2642 2698 2745 2837 2925 3015 3021 3100 3181 3266 3336 3346 3357 3434 3478 3557
10 59 129 170 175 181 210 224 260 352 389 435 526 613 704 796 827 831 845 904 973 1016 1039 1118 1213 1231 1233 1324 1407 1504 1594 1639 1735 1833 1912 1949 1974 2034 2129 2135 2181 2208 2301 2352 2431 2529 2582 2638 2646 2697 2746 2776 2789 2880 2911 2997 3048 3096 3164 3228 3304 3379 3385 3470 3507 3563
70 163 239 320 392 424 467 473 560 598 657 703 785 861 885 912 951 974 1016 1043 1063 1065 1078 1134 1146 1233 1320 1413 1429 1514 1568 1593 1595 1682 1687 1699 1706 1742 1830 1861 1946 2020 2112 2123 2139 2163 2213 2219 2247 2320 2340 2383 2474 2475 2506 2573 2601 2642 2692 2723 2787 2885 2942 2995 3000
17 104 197 247 272 293 345 362 415 494 564 659 701 736 750 772 815 857 887 942 974 1014 1068 1144 1173 1201 1262 1358 1412 1450 1489 1551 1554 1592 1652 1719 1802 1868 1932 1998 2085 2140 2236 2314 2355 2367 2387 2472 2484 2521 2590 2618 2630 2688 2724 2795 2870 2894 2952 3026 3076 3150 3176 3195
89 91 141 175 240 278 292 374 387 474 535 560 568 571 613 655 741 811 857 896 930 1018 1096 1187 1214 1288 1377 1441 1499 1525 1529 1606 1644 1704 1794 1825 1922 1952 2037 2107 2196 2273 2305 2313 2313 2323 2365 2439 2528 2569 2608 2635 2694 2712 2807 2877 2929 2975 2997 3040 3062 3103 3114
3 41 72 82 133 213 235 254 350 442 506 578 590 635 657 690 717 786 867 891 927 948 966 1013 1018 1059 1105 1123 1123 1178 1226 1257 1270 1366 1428 1462 1557 1637 1713 1809 1892 1918 1936 1981 2006 2050 2060 2130 2228 2322 2379 2451 2475 2503 2549 2589 2635 2642 2653 2690 2718 2764
64 157 249 293 334 416 492 535 579 627 643 656 699 705 755 826 859 919 973 1031 1103 1159 1215 1271 1312 1340 1351 1432 1446 1481 1515 1567 1652 1732 1815 1847 1930 2004 2015 2097 2151 2204 2241 2337 2418 2430 2527 2597 2626 2681 2693 2764 2826 2868 2877 2934 2962 2974 3045 3068 3129
67 99 103 199 212 296 331 375 400 432 513 540 574 624 670 676 689 774 831 859 909 961 1030 1127 1219 1283 1335 1352 1391 1450 1458 1554 1635 1683 1687 1752 1817 1873 1921 1933 1979 2055 2058 2119 2182 2199 2247 2274 2334 2377 2398 2434 2527 2542 2550 2633 2700 2717 2753 2754
4 70 107 201 228 242 269 312 366 382 471 478 524 618 689 734 789 847 861 947 1043 1052 1073 1122 1198 1296 1363 1421 1446 1516 1589 1646 1693 1737 1767 1833 1881 1953 1972 2039 2085 2129 2227 2312 2343 2386 2477 2524 2601 2658 2735 2797 2863 2894 2984 3030 3067 3129 3177
96 116 153 155 204 261 265 298 354 436 514 612 670 723 800 837 877 882 971 1008 1029 1071 1122 1213 1280 1289 1355 1389 1478 1540 1561 1632 1636 1639 1677 1708 1731 1802 1816 1825 1867 1939 2029 2084 2106 2141 2155 2242 2336 2400 2410 2462 2470 2476 2517 2549 2593 2652
80 105 132 215 270 351 377 398 404 446 455 523 528 574 613 662 742 791 838 934 944 999 1009 1018 1108 1162 1191 1265 1350 1350 1428 1479 1528 1540 1630 1710 1808 1854 1892 1912 1992 2081 2105 2183 2247 2299 2393 2438 2469 2486 2495 2588 2669 2737 2814 2844 2871
35 127 128 132 143 225 240 297 314 408 489 537 587 638 679 689 785 850 926 967 1028 1118 1207 1236 1297 1361 1383 1387 1460 1488 1505 1528 1577 1667 1750 1823 1833 1839 1915 1917 1945 1988 2046 2103 2110 2121 2143 2199 2260 2280 2365 2407 2430 2473 2479 2554
63 119 151 163 206 229 287 379 415 415 483 513 572 604 664 747 758 776 807 850 894 990 990 1077 1129 1184 1259 1294 1307 1311 1328 1406 1472 1486 1502 1502 1572 1632 1668 1729 1826 1906 1954 2023 2069 2149 2235 2253 2253 2342 2408 2485 2505 2528 2535
83 93 117 179 223 251 309 352 407 504 549 563 583 652 721 755 814 824 901 964 1016 1092 1094 1166 1193 1195 1208 1287 1380 1387 1426 1496 1523 1569 1632 1641 1698 1785 1811 1812 1846 1893 1942 1956 2042 2116 2135 2163 2193 2217 2238 2239 2327 2407
85 118 159 254 278 309 395 397 424 443 461 509 604 630 648 679 739 837 889 969 973 1023 1095 1142 1149 1240 1265 1322 1346 1437 1492 1502 1551 1631 1635 1669 1715 1743 1747 1774 1780 1853 1915 1983 2009 2077 2107 2126 2177 2228 2282 2316 2391
4 11 75 144 241 247 252 338 358 443 479 531 551 615 652 737 762 821 842 867 921 997 1035 1081 1124 1183 1221 1240 1301 1396 1413 1427 1428 1510 1541 1615 1629 1670 1698 1786 1795 1868 1922 2004 2062 2146 2147 2182 2207 2231 2278 2350
78 162 218 247 344 370 463 487 522 564 574 623 642 692 761 785 790 801 866 964 1000 1071 1154 1219 1315 1348 1440 1507 1580 1608 1698 1765 1823 1844 1938 1973 2006 2019 2031 2086 2156 2223 2287 2289 2367 2385 2411 2469 2502 2506 2528
68 88 179 239 296 331 418 466 512 580 638 696 761 767 795 892 900 989 1053 1097 1136 1202 1257 1262 1334 1383 1439 1507 1555 1613 1634 1713 1745 1775 1780 1827 1882 1949 1988 2067 2080 2129 2196 2275 2329 2356 2418 2498 2572 2633
80 141 178 193 291 320 368 413 505 590 590 625 692 783 794 874 916 940 1023 1110 1192 1261 1357 1364 1424 1426 1486 1514 1596 1626 1674 1760 1779 1835 1879 1889 1889 1893 1894 1924 1940 2029 2084 2100 2162 2238 2248 2280 2375
99 106 190 215 284 295 372 379 380 419 428 490 498 523 572 576 622 709 745 816 885 968 980 1053 1066 1153 1204 1233 1267 1283 1375 1387 1480 1499 1542 1626 1635 1690 1731 1763 1832 1916 1982 2064 2106 2191 2271 2282
67 99 178 210 247 284 332 402 414 422 508 515 545 549 570 572 631 681 730 816 898 905 936 960 983 1005 1101 1136 1176 1271 1331 1412 1488 1563 1585 1601 1691 1776 1817 1890 1951 2010 2075 2115 2118 2149 2166
34 99 167 246 311 371 407 427 455 455 470 560 579 652 659 675 687 744 793 835 893 978 1016 1055 1065 1127 1149 1177 1258 1322 1361 1390 1424 1428 1499 1511 1577 1662 1751 1785 1832 1893 1947 1984 2027 2117
51 68 128 141 161 175 187 236 322 364 425 460 466 478 575 672 726 781 871 958 1050 1072 1115 1185 1192 1234 1282 1369 1444 1465 1491 1501 1547 1630 1673 1739 1827 1837 1870 1951 1959 2050 2123 2145 2205
50 111 168 255 291 341 394 394 473 531 629 634 695 749 830 869 895 990 1013 1109 1191 1228 1292 1384 1384 1475 1528 1591 1669 1718 1805 1869 1940 1995 2065 2100 2163 2181 2238 2334 2383 2468 2498 2583
57 105 175 220 250 341 431 520 548 624 700 798 847 910 918 918 957 1010 1028 1064 1072 1142 1176 1249 1321 1380 1460 1480 1578 1584 1676 1717 1754 1826 1829 1855 1866 1925 1973 2070 2148 2206 2296
13 34 70 129 175 235 240 262 287 367 377 396 465 512 512 535 574 662 673 759 799 860 889 933 982 1021 1075 1079 1153 1194 1229 1252 1323 1397 1402 1497 1515 1586 1674 1705 1719 1732
84 152 221 239 261 269 331 406 408 493 534 569 648 734 751 836 879 912 975 1044 1064 1068 1117 1182 1258 1332 1347 1397 1440 1533 1557 1579 1592 1687 1694 1755 1824 1904 1933 1949 2036
34 118 125 171 217 280 296 296 381 466 531 618 709 763 811 875 901 921 944 1014 1101 1109 1132 1158 1245 1343 1346 1393 1402 1415 1476 1565 1611 1708 1785 1791 1844 1906 2002 2012
87 140 215 284 346 372 445 538 592 592 651 681 687 739 767 829 830 876 887 901 979 1002 1061 1098 1112 1201 1292 1390 1458 1474 1558 1625 1652 1710 1804 1862 1878 1918 2005
99 131 138 218 257 324 405 451 522 589 624 631 723 727 729 785 850 944 996 1037 1063 1131 1195 1234 1307 1381 1460 1523 1527 1602 1611 1646 1666 1673 1751 1800 1878 1889
51 133 143 229 264 316 380 395 422 517 541 564 632 697 740 792 873 888 930 995 1072 1142 1160 1242 1318 1374 1385 1480 1514 1594 1679 1777 1826 1866 1911 1943 1944
61 129 194 206 222 291 293 391 440 510 555 629 690 784 792 794 844 912 916 937 1025 1058 1146 1226 1257 1313 1327 1331 1350 1404 1454 1525 1615 1621 1656 1657
52 121 127 216 242 323 413 499 526 589 675 756 842 929 955 1010 1079 1138 1185 1192 1201 1250 1311 1384 1399 1422 1480 1550 1596 1630 1649 1725 1763 1860 1943
76 150 165 218 312 369 456 508 540 546 608 666 696 722 790 796 882 949 1027 1095 1147 1168 1214 1258 1263 1342 1414 1451 1503 1509 1548 1604 1675 1698
66 88 97 190 206 237 291 376 416 448 474 564 614 683 762 768 789 871 940 968 996 1067 1132 1223 1321 1355 1431 1509 1600 1612 1689 1732 1821
8 83 156 167 187 217 263 292 389 447 533 537 554 581 650 660 737 824 845 928 998 1029 1055 1104 1174 1210 1293 1349 1367 1445 1500 1500
41 114 148 188 274 305 364 460 493 572 607 645 739 796 848 888 931 933 1019 1055 1100 1160 1237 1258 1292 1339 1378 1424 1431 1476 1502
71 144 162 169 249 321 329 370 437 470 544 601 672 699 778 874 940 1034 1079 1083 1102 1178 1179 1263 1332 1363 1426 1488 1573 1658
31 102 137 220 278 298 319 409 507 559 588 604 668 737 767 772 864 953 953 1022 1103 1154 1226 1235 1314 1349 1360 1451 1520
70 75 109 180 230 316 384 459 459 517 541 566 571 595 618 618 698 750 843 916 979 993 1017 1031 1033 1082 1147 1158
61 79 145 234 304 351 355 447 518 594 640 726 796 892 923 1015 1071 1129 1145 1217 1222 1304 1334 1424 1424 1463 1503
76 105 116 152 245 288 314 343 420 494 555 572 669 758 775 832 877 928 982 1020 1111 1120 1215 1292 1296 1341
78 102 192 221 288 309 344 442 470 555 565 575 602 676 698 783 792 858 939 944 1020 1086 1124 1182 1236
48 146 160 217 233 284 292 293 346 353 378 425 511 605 683 760 811 839 873 949 968 1018 1023 1081
23 40 105 191 249 331 338 371 399 469 537 564 622 629 718 745 818 876 883 973 1059 1153 1182
51 91 187 224 307 310 331 363 452 471 535 603 640 678 715 720 752 778 830 848 894 947
96 188 229 236 281 327 392 477 484 494 540 572 625 710 733 817 842 905 994 1063 1133
55 130 166 253 315 322 377 448 500 516 589 667 673 707 757 813 870 872 947 982
75 144 222 240 336 357 404 495 584 641 695 755 768 779 781 841 921 938 943
40 51 149 162 212 236 246 318 378 382 467 532 554 631 672 675 770 801
72 167 249 251 349 377 425 504 515 522 534 596 632 666 720 797 809
85 125 157 235 248 263 354 418 508 550 619 703 704 777 872 894
57 148 231 263 281 315 352 355 402 437 443 487 561 657 743
35 62 72 88 149 230 286 367 413 420 426 518 555 594
28 76 159 236 289 310 389 408 503 517 588 626 682
5 39 67 98 112 119 217 277 335 425 488 500
74 169 257 313 408 453 511 523 611 634 662
31 124 204 207 210 298 362 379 416 466
5 74 81 167 193 275 295 330 335
16 104 122 160 196 267 281 341
68 139 207 275 276 299 374
77 87 90 173 256 300
73 106 169 218 279
77 127 206 265
24 77 140
79 91
60
