33
57 101 138 206 252 268 272 275 361 388 484 550 571 586 641 659 728 811 844 925 1003 1095 1183 1271 1347 1379 1460 1493 1498 1566 1567 1598 1618
62 68 100 146 214 228 315 380 468 495 506 524 528 558 589 618 670 702 796 892 976 977 1074 1150 1202 1271 1279 1286 1356 1407 1470 1558
15 52 63 146 211 236 290 319 323 378 467 507 548 639 737 737 812 838 907 910 915 968 983 1051 1097 1179 1249 1301 1301 1340 1371
10 37 62 65 100 152 233 285 289 367 407 503 578 613 696 751 802 810 827 897 970 971 1043 1075 1124 1221 1261 1296 1375 1396
48 109 188 276 357 401 473 553 648 663 722 798 861 923 933 940 967 985 991 1057 1086 1086 1164 1198 1258 1286 1350 1403 1489
50 73 79 108 171 211 256 299 300 368 383 437 500 512 533 562 614 640 722 733 822 850 878 889 979 1066 1136 1220
63 65 80 164 258 270 308 320 354 437 440 506 582 671 700 713 715 741 837 899 962 964 964 964 1023 1054 1083
30 46 114 201 291 373 373 418 439 525 600 610 706 757 801 827 860 869 870 873 873 890 901 945 956 985
15 22 48 145 221 283 356 434 514 587 678 695 739 806 812 886 923 945 994 1074 1082 1122 1163 1230 1291
30 48 129 155 221 264 281 317 375 472 532 603 686 744 760 846 868 944 1026 1088 1149 1214 1257 1274
86 102 170 172 200 217 275 306 315 354 408 483 509 560 588 625 647 739 827 893 900 916 919
42 82 83 159 195 265 320 333 369 391 399 447 452 487 489 512 577 628 636 708 719 759
48 48 132 202 263 270 334 337 340 384 384 427 525 608 696 789 837 873 881 941 955
38 80 141 207 241 257 332 373 438 467 559 626 628 667 755 779 803 817 823 919
83 92 145 214 284 376 466 505 505 551 590 678 714 796 866 962 962 992 1004
27 67 145 166 232 271 336 407 482 515 523 531 629 724 745 751 840 929
66 147 194 220 276 282 346 378 423 507 512 578 632 729 752 844 892
25 49 99 118 138 220 233 320 379 407 497 571 614 619 696 769
44 55 128 174 195 237 330 424 506 529 537 568 648 714 716
78 138 178 189 243 291 371 396 437 508 537 551 566 584
33 87 115 129 220 249 269 319 413 488 530 536 542
40 138 156 212 243 297 344 381 408 428 506 586
18 21 34 101 145 222 312 374 401 490 582
74 96 169 238 307 324 371 426 453 458
96 171 244 270 279 340 401 442 509
41 105 125 182 197 227 322 418
35 92 175 238 272 333 342
7 73 154 195 210 296
89 173 226 256 317
20 42 83 158
32 71 146
84 132
32
