65
63 98 129 136 149 203 219 265 305 375 385 431 494 499 544 618 677 753 826 909 970 1000 1077 1118 1209 1292 1299 1334 1358 1423 1472 1481 1530 1610 1660 1703 1738 1775 1846 1856 1915 1925 1954 2042 2050 2114 2206 2239 2252 2343 2411 2442 2475 2491 2561 2606 2629 2722 2819 2828 2855 2940 2953 2992 3034
24 68 122 170 190 206 242 335 417 428 488 504 574 659 665 741 775 817 894 904 1000 1054 1100 1153 1174 1257 1310 1367 1465 1532 1611 1655 1677 1691 1698 1714 1797 1878 1883 1969 2004 2089 2129 2157 2237 2262 2329 2427 2440 2473 2555 2632 2716 2787 2877 2901 2921 3000 3090 3118 3159 3235 3256 3314
44 78 136 185 253 275 301 377 403 461 551 579 592 623 648 684 736 785 880 951 1000 1087 1144 1217 1269 1348 1372 1470 1483 1507 1592 1677 1741 1788 1834 1842 1916 1932 1978 1978 2001 2007 2068 2118 2161 2212 2233 2266 2347 2419 2465 2541 2559 2648 2706 2741 2827 2869 2914 2988 3056 3069 3106
22 92 166 260 356 415 475 522 611 708 782 864 938 947 995 1025 1061 1104 1159 1208 1227 1307 1393 1437 1478 1483 1486 1513 1522 1546 1617 1683 1740 1795 1798 1809 1876 1919 1993 2036 2111 2149 2232 2303 2328 2333 2345 2412 2498 2584 2610 2617 2691 2776 2786 2880 2901 2998 3063 3091 3093 3149
50 53 139 166 259 344 363 366 367 451 536 574 600 627 704 791 842 917 939 1010 1086 1086 1151 1191 1203 1231 1328 1390 1399 1490 1490 1588 1603 1612 1706 1803 1881 1976 2074 2149 2153 2206 2248 2251 2315 2350 2401 2470 2568 2604 2683 2748 2827 2827 2890 2901 2968 3061 3156 3165 3247
44 140 185 248 329 394 485 550 554 652 709 776 844 910 952 986 1050 1064 1090 1098 1158 1247 1294 1367 1424 1506 1531 1604 1681 1713 1768 1774 1869 1902 1953 1961 2014 2092 2132 2160 2212 2271 2276 2277 2359 2434 2516 2557 2626 2704 2793 2846 2847 2929 2934 3006 3017 3102 3167 3214
1 24 53 126 170 266 293 378 466 480 565 580 652 717 749 781 863 947 1000 1067 1156 1161 1214 1247 1284 1368 1401 1461 1543 1627 1706 1736 1750 1833 1897 1947 2018 2039 2086 2139 2226 2270 2350 2399 2477 2529 2543 2556 2646 2649 2746 2805 2849 2852 2919 2985 3073 3091 3132
94 171 206 276 360 369 389 399 470 508 595 637 730 815 857 942 962 1028 1126 1212 1229 1289 1330 1395 1438 1481 1507 1552 1646 1654 1657 1699 1699 1784 1825 1826 1918 1926 1967 1988 2036 2131 2155 2157 2163 2214 2288 2359 2451 2471 2504 2544 2583 2665 2667 2684 2698 2771
77 135 213 290 346 408 487 571 625 721 783 849 898 959 1017 1093 1099 1177 1193 1281 1289 1306 1310 1318 1348 1376 1470 1552 1641 1663 1698 1714 1715 1748 1755 1777 1867 1903 1909 1938 2008 2046 2067 2145 2190 2196 2253 2253 2306 2386 2454 2488 2491 2502 2563 2641 2649
65 89 107 107 165 211 238 334 396 478 570 587 594 614 680 715 782 801 869 895 932 998 1063 1100 1178 1210 1269 1289 1341 1384 1453 1491 1510 1597 1679 1710 1725 1783 1834 1838 1929 1966 2047 2091 2118 2157 2179 2219 2304 2329 2425 2511 2562 2645 2707 2779
1 96 169 182 231 234 234 267 290 357 361 434 523 577 595 607 640 659 670 742 803 854 864 886 939 975 1032 1047 1093 1168 1227 1248 1281 1351 1365 1400 1418 1481 1555 1609 1674 1743 1786 1804 1893 1978 2019 2077 2127 2129 2167 2174 2252 2268 2294
66 156 222 302 305 340 424 438 529 553 642 700 737 823 844 927 938 1036 1054 1151 1201 1232 1311 1328 1352 1425 1503 1559 1604 1666 1729 1780 1785 1861 1911 1941 1973 2014 2034 2097 2138 2220 2230 2244 2308 2396 2436 2533 2591 2620 2681 2779 2831 2869
35 63 102 189 254 347 425 428 524 575 593 644 695 698 783 874 941 974 1045 1115 1121 1148 1207 1279 1342 1419 1517 1543 1612 1621 1627 1676 1695 1734 1814 1851 1853 1862 1864 1961 2052 2126 2155 2165 2212 2243 2283 2312 2391 2421 2455 2470 2548
76 139 228 228 290 371 388 423 451 538 544 617 619 689 718 764 862 864 923 1019 1077 1090 1101 1143 1225 1297 1298 1384 1433 1458 1460 1507 1577 1590 1597 1629 1707 1709 1798 1870 1961 2031 2095 2109 2160 2238 2265 2346 2437 2503 2509 2536
20 106 178 238 295 348 415 502 567 654 727 782 842 884 979 996 1035 1038 1127 1142 1208 1232 1318 1342 1349 1373 1428 1439 1493 1568 1631 1708 1766 1784 1853 1901 1989 2042 2135 2187 2229 2242 2276 2343 2369 2451 2490 2567 2604 2678 2702
23 79 97 141 201 272 341 436 495 578 587 659 667 733 753 791 866 916 954 1014 1039 1062 1100 1146 1215 1298 1358 1388 1404 1457 1510 1566 1638 1734 1750 1771 1824 1858 1884 1976 2049 2062 2104 2180 2232 2244 2297 2368 2399 2443
70 121 142 183 230 264 334 416 416 484 485 535 557 569 636 694 771 779 783 849 901 948 972 982 1031 1066 1085 1138 1161 1188 1215 1223 1231 1296 1320 1329 1400 1476 1574 1583 1606 1673 1747 1824 1837 1913 1943 1992 2054
7 89 115 166 186 188 264 264 275 359 390 474 490 588 605 615 621 716 741 830 846 856 935 983 1029 1081 1147 1148 1237 1243 1252 1277 1301 1337 1390 1465 1497 1515 1562 1623 1704 1705 1773 1810 1822 1823 1898 1927
88 154 228 253 305 379 429 519 553 570 606 618 674 734 743 761 842 922 995 1017 1080 1090 1184 1279 1308 1395 1469 1498 1545 1557 1584 1599 1635 1673 1699 1750 1796 1883 1890 1953 2025 2056 2140 2156 2196 2278 2338
90 100 104 201 238 293 326 348 411 459 500 544 600 614 645 691 705 788 871 899 982 998 1069 1139 1211 1217 1238 1239 1269 1328 1412 1420 1505 1549 1614 1634 1647 1651 1717 1785 1807 1850 1874 1928 1984 2046
81 125 196 269 320 340 432 471 532 533 558 652 740 792 813 910 1008 1033 1080 1114 1114 1132 1218 1286 1297 1307 1333 1357 1433 1501 1522 1528 1532 1598 1626 1685 1743 1765 1851 1906 1927 2012 2038 2043 2052
95 95 186 264 291 305 342 350 405 452 519 606 658 685 700 708 739 822 832 896 986 1008 1009 1103 1142 1168 1229 1261 1313 1383 1398 1425 1492 1515 1560 1560 1619 1643 1661 1729 1810 1835 1910 1950
39 110 155 251 325 352 359 411 443 529 599 620 681 699 712 713 770 827 835 894 986 1084 1099 1160 1161 1170 1222 1249 1273 1273 1304 1341 1384 1390 1446 1447 1461 1539 1623 1697 1733 1788 1836
74 136 150 178 231 329 409 490 585 663 739 757 839 907 1004 1031 1035 1039 1136 1166 1231 1313 1383 1383 1424 1474 1489 1579 1640 1725 1779 1803 1859 1859 1874 1953 1993 1995 2023 2062 2157 2174
59 94 101 113 133 167 258 275 368 393 426 522 528 560 576 642 700 734 802 900 910 1006 1051 1069 1136 1139 1169 1198 1287 1382 1476 1560 1648 1650 1745 1759 1855 1935 1987 2039 2046
33 107 176 220 243 337 368 446 524 592 617 662 736 827 869 933 1026 1043 1123 1169 1242 1337 1378 1437 1451 1487 1579 1629 1706 1727 1803 1808 1833 1876 1888 1908 1959 1977 2074 2165
55 113 163 240 317 333 419 466 470 485 568 648 654 728 759 771 800 837 837 933 980 986 1029 1030 1068 1080 1154 1216 1221 1318 1321 1382 1425 1481 1574 1597 1627 1640 1684
4 51 111 119 188 223 305 392 423 483 507 531 583 606 692 785 841 902 981 1021 1118 1196 1215 1283 1378 1469 1472 1483 1579 1650 1695 1791 1856 1951 1964 2015 2101 2113
38 58 109 192 244 329 355 401 412 458 535 582 648 675 722 803 841 841 894 899 960 1047 1051 1096 1145 1154 1171 1250 1300 1349 1354 1452 1484 1514 1568 1601 1693
42 69 136 140 151 172 181 193 276 309 335 417 505 544 588 602 651 707 716 752 781 864 956 1031 1099 1190 1254 1286 1384 1449 1450 1489 1568 1628 1674 1734
77 163 179 259 357 426 465 517 527 528 562 629 680 733 760 844 934 976 1058 1072 1088 1101 1190 1262 1353 1412 1452 1464 1489 1517 1569 1614 1635 1660 1758
56 149 220 275 295 316 354 411 460 546 642 714 762 775 789 849 858 885 914 977 1037 1100 1156 1219 1266 1304 1332 1396 1494 1496 1524 1569 1613 1634
50 68 98 164 257 312 321 401 484 514 563 658 723 818 848 922 923 1006 1081 1128 1154 1196 1203 1212 1269 1340 1369 1433 1473 1480 1555 1625 1634
79 175 249 310 339 359 451 460 551 637 664 680 696 761 825 907 965 1037 1100 1181 1189 1261 1329 1336 1407 1427 1464 1514 1602 1602 1668 1725
3 12 69 145 184 256 276 337 397 423 499 524 533 560 596 623 627 697 715 799 847 895 970 1035 1104 1130 1165 1256 1317 1406 1472
93 151 176 187 214 219 303 391 421 470 479 480 483 506 555 623 708 756 824 921 966 981 1042 1070 1092 1174 1243 1295 1345 1394
39 102 117 147 222 240 282 288 380 444 444 520 565 604 610 673 758 826 828 853 884 961 978 996 1056 1112 1168 1207 1259
74 127 167 230 313 331 338 404 445 447 529 584 627 678 751 773 788 823 919 933 1012 1032 1115 1213 1227 1230 1252 1266
28 79 148 190 252 331 410 411 498 591 680 750 783 815 845 899 958 1021 1102 1193 1229 1272 1322 1355 1436 1517 1591
83 132 182 240 254 290 371 394 473 544 594 666 678 749 779 865 901 926 931 938 1028 1105 1118 1166 1248 1345
27 32 95 181 203 267 332 343 401 413 488 507 529 579 658 692 729 812 889 953 966 984 1065 1103 1142
32 122 122 190 224 318 392 418 427 475 517 591 616 618 626 693 723 755 800 843 859 886 957 1012
36 40 72 97 108 204 277 279 355 356 417 420 425 521 551 586 647 698 725 796 836 855 891
70 89 133 148 161 253 331 417 486 498 510 583 628 630 675 695 702 782 871 902 981 1020
37 44 134 163 222 282 322 324 338 412 412 455 543 610 703 763 826 892 983 1039 1091
20 70 110 170 218 232 269 315 329 390 411 435 474 549 580 660 751 756 767 824
88 128 155 222 294 342 356 438 523 602 671 764 800 812 891 941 956 984 986
85 133 143 194 242 281 303 355 401 406 492 570 662 685 708 764 768 804
35 87 96 193 229 242 269 298 298 384 475 534 540 626 663 669 747
32 100 106 114 145 151 170 175 200 234 248 274 345 387 483 490
85 170 217 231 240 304 337 417 454 488 495 540 605 664 759
25 103 117 141 198 266 302 387 459 539 606 682 753 830
51 82 99 132 164 220 230 265 306 324 344 359 362
68 163 232 264 323 416 431 518 578 621 646 677
96 99 183 231 244 275 311 328 375 391 414
34 72 142 174 189 278 353 366 452 485
52 144 196 265 303 378 441 508 591
20 28 97 102 186 196 206 230
67 119 206 253 348 399 485
89 89 151 236 242 276
57 139 191 275 316
41 138 142 230
82 126 156
10 72
85
