48
56 100 171 260 314 407 439 457 457 516 572 583 628 722 793 855 865 876 899 953 1002 1064 1067 1162 1207 1253 1293 1375 1463 1550 1583 1638 1661 1694 1746 1755 1823 1850 1857 1908 1981 2068 2166 2219 2232 2286 2352 2442
83 122 142 169 180 217 217 243 273 305 348 404 444 504 581 636 640 705 771 817 902 992 1068 1115 1126 1199 1226 1304 1335 1400 1484 1496 1567 1607 1658 1709 1767 1798 1806 1815 1815 1863 1958 2009 2024 2038 2086
87 162 236 319 385 467 496 576 642 646 663 677 712 741 766 777 835 888 939 1008 1044 1085 1156 1184 1205 1299 1349 1358 1367 1426 1501 1537 1584 1602 1610 1653 1673 1755 1802 1879 1884 1925 1950 1957 2014 2089
91 136 232 236 261 267 340 396 436 515 588 639 641 708 764 834 865 920 990 992 1009 1071 1112 1167 1177 1227 1317 1325 1344 1369 1432 1524 1603 1617 1645 1740 1757 1815 1856 1903 1985 1991 2007 2011 2087
25 29 120 148 188 213 311 376 399 450 468 509 511 601 685 711 770 826 873 939 1001 1088 1184 1280 1377 1378 1384 1388 1458 1487 1570 1627 1634 1680 1692 1763 1812 1825 1902 1928 2010 2062 2098 2121
59 61 116 200 270 294 343 431 489 533 607 647 714 811 877 941 1002 1030 1047 1083 1096 1159 1227 1254 1316 1387 1388 1469 1540 1573 1591 1689 1755 1812 1901 1940 2034 2072 2133 2173 2267 2271 2360
37 119 180 196 282 367 431 461 475 489 508 552 571 650 721 751 774 863 929 953 1023 1118 1144 1210 1258 1298 1352 1442 1517 1597 1601 1605 1684 1712 1721 1805 1859 1931 1951 1993 1995 2046
62 132 163 189 209 234 284 295 303 358 456 492 500 551 627 707 720 808 816 869 886 958 1032 1097 1133 1183 1189 1265 1282 1355 1375 1415 1438 1462 1471 1515 1570 1607 1681 1758 1758
67 72 74 113 125 126 194 232 290 301 367 416 466 504 527 557 594 638 707 714 752 752 817 837 865 916 918 971 993 1007 1016 1083 1138 1208 1236 1325 1339 1341 1367 1407
47 63 160 205 290 383 388 442 460 485 533 610 657 735 819 874 927 951 1040 1062 1088 1186 1276 1296 1361 1392 1462 1528 1544 1619 1665 1676 1723 1739 1786 1864 1890 1963 2047
65 77 149 180 230 242 246 275 290 310 356 371 374 469 536 620 673 762 851 859 867 942 967 1062 1093 1095 1156 1194 1254 1270 1293 1301 1396 1478 1540 1594 1677 1713
37 37 103 193 193 205 281 354 419 442 486 553 554 595 681 727 789 802 862 959 1022 1034 1068 1164 1255 1346 1415 1460 1492 1574 1640 1662 1702 1771 1838 1915 1939
36 89 186 238 247 303 386 471 562 574 654 664 668 714 784 876 911 991 997 1041 1071 1160 1216 1296 1296 1321 1392 1486 1569 1622 1662 1681 1741 1819 1825 1919
20 59 131 149 154 179 203 300 352 373 377 452 545 557 634 683 763 810 833 896 904 922 1001 1084 1145 1195 1277 1320 1405 1439 1470 1535 1535 1556 1569
36 82 84 109 176 187 285 310 313 410 488 532 620 699 714 811 906 941 982 1020 1023 1112 1177 1233 1250 1282 1318 1320 1371 1443 1464 1493 1527 1531
57 79 148 155 234 243 265 341 399 432 484 513 564 646 700 732 752 792 849 880 969 1030 1046 1086 1118 1164 1211 1239 1277 1374 1442 1529 1561
56 118 151 197 275 317 403 474 543 580 591 593 615 689 756 774 844 905 922 1020 1065 1143 1217 1223 1310 1367 1396 1453 1490 1542 1572 1582
61 75 136 206 211 238 335 402 478 533 605 694 703 751 786 819 832 870 923 977 1075 1075 1095 1171 1217 1309 1320 1368 1384 1444 1525
3 70 74 105 107 110 115 126 157 230 252 285 314 401 432 480 577 626 646 663 666 728 764 848 943 983 1061 1142 1206 1252
27 49 109 117 137 192 271 305 364 405 488 562 628 716 730 771 804 849 924 980 1029 1083 1154 1176 1179 1276 1326 1409 1454
21 67 156 197 243 307 314 371 389 414 426 464 494 572 665 687 691 718 725 755 836 903 912 989 1077 1152 1165 1239
11 74 161 196 271 283 335 393 466 499 586 609 685 728 818 862 903 907 948 987 1000 1030 1094 1146 1187 1195 1274
66 76 89 102 188 283 371 431 529 601 672 764 851 896 916 985 1017 1075 1100 1175 1214 1270 1352 1374 1444 1471
74 116 204 227 293 327 410 492 557 607 636 685 701 707 802 808 822 830 833 857 864 934 945 1009 1056
18 67 149 220 259 340 366 457 472 564 616 662 702 715 759 761 762 819 905 975 1003 1098 1137 1155
50 79 175 194 196 287 352 418 430 485 533 595 690 737 799 800 804 876 950 1033 1090 1130 1132
72 154 236 284 296 319 397 411 451 462 522 588 595 670 692 697 724 729 827 830 912 997
50 109 113 191 287 343 395 441 505 540 551 616 691 784 815 903 934 973 998 1032 1074
65 128 128 178 178 235 322 403 419 509 515 598 613 699 753 847 936 994 1055 1150
95 135 199 268 273 330 347 398 495 499 508 592 633 644 720 762 799 867 965
65 147 228 272 321 415 435 528 583 665 706 762 809 815 879 918 970 1058
53 148 195 237 325 395 449 516 521 529 596 672 730 751 816 836 920
92 151 192 252 258 281 352 430 510 558 621 693 693 767 835 847
14 48 146 221 224 303 341 382 474 484 534 542 630 696 756
65 96 132 196 242 288 296 307 383 462 496 529 564 565
45 138 205 255 292 357 404 437 482 551 597 620 678
59 140 219 224 291 308 351 358 407 409 427 499
77 159 255 305 362 375 419 449 482 564 651
94 108 177 217 313 314 392 485 497 576
30 50 127 148 224 232 248 297 332
72 116 183 256 328 379 422 469
81 142 222 278 283 329 410
95 141 182 271 307 398
82 141 227 308 352
23 31 31 39
95 136 139
9 15
61
