77
84 146 210 242 319 382 469 540 633 669 712 803 861 939 980 1073 1122 1197 1236 1256 1273 1284 1318 1324 1368 1443 1507 1531 1625 1649 1655 1663 1699 1771 1855 1942 2040 2063 2121 2160 2218 2225 2253 2295 2379 2389 2479 2570 2641 2725 2759 2783 2854 2883 2943 2960 3010 3016 3053 3081 3179 3179 3265 3282 3287 3380 3465 3502 3523 3560 3655 3675 3721 3733 3737 3787 3826
58 146 199 285 346 430 520 584 659 724 814 887 958 985 988 1017 1101 1175 1178 1242 1315 1322 1365 1394 1423 1426 1504 1547 1615 1700 1747 1748 1806 1809 1855 1919 1993 2050 2140 2186 2260 2318 2393 2436 2503 2531 2572 2654 2719 2809 2878 2957 2962 3006 3098 3136 3156 3248 3297 3316 3361 3410 3495 3579 3622 3632 3644 3701 3741 3818 3840 3844 3887 3944 4034 4102
35 126 183 272 291 359 454 543 571 623 715 719 747 835 875 901 956 981 1024 1063 1105 1105 1169 1171 1194 1228 1231 1285 1383 1472 1504 1551 1609 1644 1730 1749 1775 1825 1851 1879 1908 1956 2027 2038 2103 2124 2153 2156 2215 2223 2239 2286 2367 2434 2520 2539 2571 2638 2711 2764 2817 2907 2969 3028 3103 3129 3217 3283 3341 3427 3511 3520 3561 3565 3646
81 126 159 226 297 362 410 434 460 543 562 597 614 637 722 819 909 925 933 954 1022 1088 1186 1229 1299 1389 1428 1489 1518 1562 1617 1712 1781 1855 1930 2008 2048 2076 2134 2141 2168 2235 2306 2344 2429 2431 2481 2538 2623 2717 2813 2828 2853 2911 2955 3007 3104 3192 3271 3294 3364 3431 3525 3534 3602 3660 3668 3724 3821 3870 3877 3905 3943 3994
51 147 244 262 346 405 503 594 615 638 698 724 736 775 827 845 929 932 933 1015 1091 1128 1128 1128 1226 1292 1314 1389 1416 1490 1567 1615 1702 1784 1799 1868 1939 1970 1991 1999 2054 2056 2150 2241 2253 2304 2375 2416 2461 2471 2542 2554 2564 2585 2608 2704 2733 2781 2852 2857 2862 2912 2913 2981 3008 3045 3124 3125 3177 3199 3274 3314 3397
73 100 124 137 190 218 235 295 319 338 361 430 450 483 527 611 624 716 792 883 967 1064 1084 1109 1187 1207 1208 1237 1243 1269 1351 1449 1480 1527 1566 1610 1649 1676 1677 1713 1808 1869 1899 1983 1999 2053 2088 2154 2195 2206 2286 2381 2409 2500 2505 2545 2638 2686 2699 2760 2833 2899 2924 2926 2973 2997 3095 3187 3203 3214 3258 3349
51 57 152 197 213 264 322 399 485 525 579 661 714 754 780 826 868 928 945 1013 1053 1078 1135 1143 1203 1217 1229 1235 1254 1308 1405 1455 1537 1575 1604 1605 1647 1666 1668 1705 1780 1860 1937 2017 2071 2107 2189 2213 2268 2307 2354 2386 2431 2496 2559 2593 2674 2728 2763 2854 2858 2924 2933 2984 3042 3076 3158 3220 3266 3353 3399
71 78 89 171 246 293 299 364 429 465 513 594 682 729 814 837 849 944 1016 1087 1101 1147 1237 1258 1297 1315 1365 1426 1521 1617 1641 1713 1724 1772 1870 1914 1928 1998 2009 2078 2146 2205 2243 2289 2326 2352 2371 2388 2471 2528 2602 2672 2672 2717 2723 2793 2859 2933 2961 2974 3003 3087 3113 3171 3177 3220 3314 3399 3399 3482
47 129 173 245 288 303 337 420 449 468 563 657 711 740 773 796 822 920 920 927 1022 1055 1104 1130 1157 1233 1239 1243 1277 1355 1453 1520 1563 1652 1661 1755 1836 1842 1938 1984 2004 2006 2014 2021 2108 2197 2255 2277 2372 2409 2420 2491 2553 2619 2624 2677 2773 2870 2947 2962 2996 3033 3066 3093 3156 3229 3322 3339 3394
84 87 147 171 205 292 355 392 438 517 522 619 636 719 814 836 837 837 864 900 989 1080 1115 1115 1144 1230 1316 1324 1337 1371 1371 1424 1488 1572 1666 1681 1763 1776 1785 1833 1865 1923 1981 2030 2096 2106 2183 2240 2313 2314 2339 2422 2439 2469 2561 2581 2643 2645 2739 2748 2831 2908 2987 3034 3041 3081 3120 3212
11 79 137 188 222 239 332 428 437 527 614 643 711 741 790 799 838 922 1009 1075 1171 1252 1271 1303 1362 1441 1502 1593 1611 1632 1636 1734 1808 1861 1959 2020 2102 2140 2177 2205 2270 2307 2375 2462 2477 2550 2572 2591 2607 2663 2756 2851 2886 2971 3023 3105 3114 3122 3146 3173 3225 3268 3294 3298 3331 3402 3489
78 133 195 238 299 356 427 460 524 615 688 775 828 830 885 939 988 1017 1052 1058 1150 1151 1186 1204 1284 1293 1371 1431 1448 1489 1526 1582 1663 1739 1827 1911 1959 2054 2074 2141 2217 2238 2272 2288 2374 2423 2424 2512 2565 2643 2655 2671 2707 2803 2849 2913 2971 3006 3065 3149 3227 3273 3348 3356 3398 3417
80 138 216 311 334 365 390 466 481 573 600 606 628 709 725 752 804 842 857 914 950 1008 1064 1091 1169 1267 1331 1428 1448 1463 1476 1479 1531 1612 1686 1749 1780 1831 1927 1999 2038 2068 2085 2104 2161 2256 2289 2356 2414 2466 2537 2579 2585 2649 2699 2725 2810 2834 2919 2956 2970 2995 3022 3112 3197
93 183 190 287 319 380 455 542 602 638 666 718 780 862 899 984 1042 1118 1120 1189 1209 1213 1232 1323 1327 1412 1420 1428 1482 1491 1587 1605 1659 1678 1707 1801 1847 1919 2017 2018 2056 2150 2224 2290 2374 2402 2425 2478 2555 2594 2683 2731 2766 2829 2871 2937 2941 2987 3033 3097 3192 3253 3332 3379
50 133 159 253 293 362 459 535 572 611 705 770 810 827 886 923 978 980 1033 1106 1196 1257 1332 1372 1383 1460 1547 1602 1611 1686 1730 1757 1840 1885 1982 2068 2096 2172 2251 2327 2387 2437 2459 2484 2559 2639 2664 2737 2794 2836 2873 2958 2998 3008 3058 3059 3092 3122 3185 3245 3273 3297 3342
76 157 253 288 351 353 451 546 563 586 631 714 743 754 790 833 892 963 1032 1114 1150 1159 1171 1210 1307 1310 1392 1393 1463 1521 1588 1670 1737 1832 1899 1930 1962 1983 2014 2061 2137 2206 2275 2285 2359 2396 2478 2569 2618 2626 2657 2686 2768 2861 2910 2978 3013 3085 3141 3168 3250 3327
46 49 88 182 202 271 276 296 344 420 510 573 582 605 668 686 692 779 835 933 938 950 1043 1106 1197 1202 1285 1303 1401 1464 1472 1508 1595 1693 1775 1845 1895 1930 1935 1937 1948 2027 2085 2173 2255 2298 2308 2396 2471 2472 2528 2625 2631 2694 2742 2800 2891 2955 3020 3054 3149
29 90 142 147 159 212 252 343 353 419 462 527 620 654 709 749 837 873 929 974 1016 1096 1174 1257 1268 1301 1391 1478 1491 1560 1598 1666 1704 1777 1799 1890 1919 1980 2019 2027 2095 2126 2220 2259 2267 2300 2390 2461 2533 2607 2607 2659 2733 2756 2795 2815 2898 2944 2991 2992
58 96 169 238 243 322 331 361 444 526 549 550 640 690 764 811 865 895 942 1038 1045 1110 1180 1200 1204 1239 1239 1272 1273 1365 1446 1481 1537 1614 1615 1703 1743 1768 1817 1901 1960 2005 2081 2084 2126 2210 2286 2373 2387 2446 2543 2614 2614 2674 2764 2817 2904 2932 2934
75 160 248 270 352 366 416 421 468 517 583 636 640 721 763 861 946 1040 1045 1108 1151 1164 1177 1213 1297 1353 1373 1428 1474 1498 1571 1577 1607 1661 1720 1789 1808 1886 1966 2055 2059 2094 2162 2163 2183 2209 2232 2246 2295 2307 2397 2469 2549 2575 2620 2701 2763 2840
14 43 115 178 178 178 198 216 255 352 354 405 453 538 586 684 688 732 783 798 896 963 997 1053 1084 1095 1147 1220 1287 1357 1420 1484 1503 1555 1647 1647 1744 1831 1831 1919 1989 2036 2112 2185 2282 2322 2331 2368 2425 2432 2434 2450 2487 2516 2529 2616 2639
58 149 174 224 289 367 377 403 438 489 565 579 677 734 807 815 852 919 956 986 1012 1056 1099 1121 1206 1261 1307 1373 1458 1546 1605 1682 1747 1767 1860 1887 1934 1972 1980 2010 2068 2143 2224 2284 2369 2387 2464 2477 2529 2620 2701 2705 2741 2790 2800 2801
49 134 201 276 325 330 356 364 422 465 506 591 613 616 662 702 779 858 909 910 928 967 968 1026 1077 1119 1210 1251 1337 1390 1414 1417 1453 1499 1586 1597 1651 1686 1722 1766 1797 1845 1920 1995 2008 2076 2088 2160 2178 2238 2305 2369 2459 2472 2513
26 95 96 193 213 227 247 317 369 428 503 567 648 704 794 831 852 903 912 966 974 1046 1113 1202 1254 1330 1332 1393 1430 1451 1517 1610 1613 1621 1655 1735 1812 1889 1935 1964 2041 2043 2043 2141 2190 2221 2234 2304 2385 2441 2524 2602 2651 2718
63 119 133 156 223 231 294 340 400 449 542 582 672 735 750 808 874 954 973 993 1020 1063 1105 1181 1263 1341 1424 1482 1495 1590 1618 1708 1762 1853 1857 1858 1867 1898 1948 1973 2062 2160 2164 2178 2184 2205 2293 2352 2397 2397 2424 2465 2513
94 139 155 167 262 351 392 415 419 450 504 579 647 722 743 805 805 866 906 992 1017 1071 1121 1216 1288 1301 1305 1388 1444 1501 1565 1607 1699 1700 1790 1837 1895 1968 2027 2052 2097 2100 2197 2291 2346 2435 2504 2548 2580 2600 2696 2709
13 85 123 189 271 338 377 394 417 497 556 626 658 673 737 807 901 919 957 973 983 1037 1111 1128 1151 1173 1178 1238 1331 1341 1358 1424 1462 1558 1597 1601 1666 1751 1786 1801 1863 1936 2006 2083 2131 2178 2204 2300 2335 2349 2426
74 108 153 220 295 328 381 435 532 624 696 746 829 909 981 1069 1146 1227 1290 1369 1452 1492 1514 1528 1622 1648 1671 1751 1827 1830 1895 1941 2002 2003 2007 2082 2125 2173 2247 2265 2295 2383 2394 2459 2488 2498 2555 2649 2696 2734
55 142 201 216 239 313 350 446 467 527 620 639 719 806 834 874 886 908 934 960 1047 1118 1131 1215 1302 1356 1362 1459 1476 1508 1559 1645 1716 1806 1821 1862 1943 1955 1958 1995 2079 2096 2165 2166 2247 2264 2270 2300 2313
53 116 138 139 195 282 314 334 363 411 421 445 498 512 542 631 677 735 809 821 876 951 1024 1037 1061 1115 1181 1279 1297 1310 1405 1417 1450 1479 1566 1601 1691 1772 1803 1892 1916 1946 1957 2021 2101 2147 2163 2202
32 63 128 167 176 198 275 341 418 456 480 548 597 647 653 721 774 807 878 898 961 963 988 1026 1121 1174 1234 1266 1273 1313 1350 1364 1410 1419 1478 1573 1619 1715 1780 1844 1938 1980 2065 2106 2149 2150 2229
6 30 49 67 158 191 235 242 302 327 384 400 431 527 600 636 700 711 714 717 743 757 790 797 880 897 919 974 1048 1144 1184 1265 1267 1343 1404 1476 1574 1607 1694 1709 1727 1737 1755 1787 1858 1947
12 13 13 84 139 173 253 281 336 347 411 414 484 520 554 640 657 680 680 747 823 894 992 1058 1153 1189 1215 1289 1329 1387 1464 1558 1653 1718 1809 1900 1947 2038 2062 2142 2208 2246 2248 2285 2295
29 29 86 160 223 320 389 396 449 507 517 531 534 597 658 726 770 848 940 1000 1013 1080 1137 1229 1240 1265 1298 1354 1447 1500 1525 1527 1553 1607 1633 1665 1672 1728 1811 1846 1895 1947 1958 2033
93 158 197 276 311 327 363 384 455 474 554 592 615 678 696 794 826 862 955 995 1019 1111 1193 1194 1201 1293 1323 1398 1488 1554 1642 1737 1771 1799 1891 1973 2043 2082 2133 2209 2227 2317 2407
68 124 156 199 252 304 327 417 469 482 504 590 661 722 806 854 931 935 1028 1063 1138 1139 1145 1178 1204 1294 1303 1338 1350 1422 1513 1553 1648 1683 1709 1792 1854 1856 1906 1994 1996 2074
56 128 147 162 230 233 258 270 310 323 323 335 348 439 525 555 647 703 797 804 892 896 968 1052 1110 1200 1252 1324 1337 1415 1499 1505 1521 1566 1572 1636 1677 1758 1794 1830 1847
60 99 134 158 182 263 284 353 406 483 520 528 606 692 712 756 839 873 880 942 1018 1052 1127 1163 1242 1319 1365 1424 1512 1575 1668 1716 1794 1840 1923 1995 1998 2055 2148 2174
44 44 68 103 186 241 300 312 367 373 463 477 496 510 574 632 657 718 766 803 859 952 1050 1116 1168 1226 1245 1295 1322 1419 1492 1550 1556 1637 1717 1731 1789 1823 1838
96 169 215 274 312 374 399 446 481 483 555 559 608 642 689 753 765 794 892 939 948 964 983 1066 1140 1141 1169 1231 1281 1344 1354 1450 1495 1567 1587 1681 1746 1833
3 97 123 127 137 230 261 356 438 533 568 601 675 701 761 772 846 889 978 1033 1065 1137 1144 1229 1236 1246 1260 1321 1397 1419 1508 1605 1619 1695 1697 1788 1841
45 118 154 240 338 435 494 570 623 698 772 822 891 918 986 1052 1114 1121 1150 1230 1290 1357 1378 1426 1445 1504 1519 1582 1639 1682 1686 1759 1789 1822 1894 1979
77 144 216 295 375 459 548 613 688 711 725 815 845 876 899 924 971 1050 1055 1109 1115 1199 1286 1375 1473 1510 1559 1579 1650 1667 1709 1747 1774 1797 1809
45 45 120 185 261 333 355 389 437 457 481 498 561 627 660 694 790 840 875 955 1018 1076 1158 1163 1191 1228 1229 1236 1271 1315 1370 1457 1472 1528
99 128 199 265 339 384 451 473 559 638 696 709 733 741 800 871 910 994 1084 1178 1267 1291 1309 1350 1362 1411 1419 1443 1501 1583 1605 1642 1702
34 107 170 215 249 309 384 461 470 475 552 602 694 711 738 821 833 847 906 978 1008 1101 1148 1192 1266 1281 1334 1377 1427 1501 1578 1609
49 91 154 158 219 242 306 324 341 370 418 444 474 497 527 544 638 645 645 704 722 768 827 870 876 930 948 971 987 1060 1122
35 102 170 233 267 325 364 386 472 514 610 619 692 722 738 772 816 902 982 1046 1131 1186 1233 1270 1292 1386 1442 1445 1469 1545
99 118 177 187 267 327 351 378 448 474 496 539 544 587 607 683 705 749 782 850 927 1023 1119 1200 1253 1333 1379 1389 1474
86 168 173 191 217 267 278 316 360 435 479 548 552 575 576 662 689 697 724 772 781 791 828 904 940 987 994 1003
41 85 127 168 213 255 294 374 379 392 424 462 466 562 616 684 709 756 775 782 818 902 908 994 1020 1076 1088
90 109 110 125 163 174 178 185 243 297 355 449 471 497 509 562 570 596 604 683 769 780 789 809 877 921
11 27 44 82 100 137 201 281 313 371 424 460 530 569 573 656 748 804 865 873 942 1022 1037 1126 1162
9 37 66 153 206 213 232 283 307 404 439 537 614 696 746 768 835 882 886 936 1031 1111 1112 1129
81 83 95 164 201 255 333 351 354 432 520 536 620 708 734 820 896 972 1028 1089 1108 1168 1223
65 103 106 159 167 223 250 319 334 430 462 513 568 640 702 767 769 867 877 931 1022 1028
23 52 54 141 223 307 334 403 449 473 533 575 655 722 791 814 826 879 956 961 986
84 112 164 169 193 236 238 316 345 411 441 483 570 663 706 738 790 868 928 954
73 93 114 146 221 238 256 298 305 311 390 427 440 489 560 643 667 675 765
26 96 150 239 262 319 386 390 413 449 505 547 566 588 652 740 826 880
96 183 240 327 337 400 409 498 539 580 614 646 717 732 806 881 911
42 114 205 242 339 378 439 500 589 666 752 775 806 868 898 906
97 129 175 184 258 324 336 416 512 540 553 570 666 700 794
26 88 119 161 189 218 264 265 318 416 504 582 617 624
62 133 147 183 258 290 321 322 342 369 378 472 541
27 65 95 95 115 145 196 270 325 397 468 469
72 121 206 281 289 337 382 451 548 586 600
31 119 135 137 200 226 251 265 362 391
41 121 169 263 360 393 408 483 498
71 105 144 175 267 362 440 462
49 104 177 235 300 373 434
11 21 96 143 229 282
88 162 194 279 320
7 45 93 189
42 50 94
72 89
35
