97
62 67 76 172 265 345 407 503 578 649 663 746 830 833 893 970 1003 1050 1147 1239 1285 1368 1462 1540 1609 1661 1708 1750 1781 1841 1846 1916 1941 1956 1964 2056 2103 2125 2167 2185 2223 2242 2291 2368 2439 2449 2544 2555 2613 2654 2705 2735 2812 2907 2962 3042 3056 3123 3166 3245 3269 3314 3323 3414 3416 3429 3495 3552 3615 3690 3774 3812 3837 3852 3931 4002 4097 4193 4210 4229 4289 4307 4315 4397 4458 4494 4562 4562 4634 4682 4698 4755 4821 4885 4956 5019 5077
73 107 118 168 260 279 332 362 412 417 465 546 611 699 790 825 889 977 1052 1063 1103 1109 1112 1132 1179 1260 1270 1306 1365 1408 1412 1435 1524 1619 1694 1718 1810 1864 1867 1875 1914 1969 2058 2120 2213 2265 2335 2374 2461 2505 2527 2576 2593 2614 2617 2705 2747 2835 2899 2919 2959 3022 3095 3172 3254 3326 3392 3407 3477 3564 3639 3709 3728 3822 3894 3973 4003 4041 4082 4170 4187 4249 4288 4296 4338 4388 4449 4519 4547 4566 4615 4630 4722 4773 4856 4926
93 112 205 263 351 351 354 445 492 518 588 672 766 827 863 919 924 987 1024 1052 1121 1139 1224 1242 1267 1357 1442 1469 1543 1557 1647 1651 1731 1753 1823 1823 1908 1963 2032 2033 2038 2120 2175 2215 2295 2315 2352 2429 2451 2456 2480 2541 2560 2589 2620 2663 2736 2791 2883 2955 2967 3010 3108 3149 3182 3187 3187 3282 3350 3352 3353 3443 3537 3570 3665 3679 3730 3824 3895 3940 4004 4079 4084 4150 4237 4312 4409 4425 4464 4562 4650 4726 4731 4744 4803
9 62 87 175 185 206 280 351 360 398 479 536 622 663 717 730 741 792 792 873 888 929 963 998 1063 1067 1109 1195 1266 1293 1374 1441 1524 1594 1667 1701 1719 1810 1898 1903 1971 2052 2117 2118 2165 2226 2275 2356 2445 2463 2499 2551 2634 2652 2714 2752 2835 2911 2950 3047 3051 3071 3163 3233 3245 3278 3354 3389 3391 3398 3448 3517 3555 3649 3703 3789 3883 3972 3988 4035 4084 4110 4187 4200 4263 4291 4299 4348 4365 4448 4529 4556 4581 4583
76 133 225 240 335 420 475 538 579 658 702 767 825 893 929 1006 1079 1101 1124 1183 1236 1292 1340 1392 1488 1544 1618 1694 1783 1864 1960 2018 2059 2127 2214 2221 2245 2320 2400 2428 2464 2464 2540 2545 2563 2564 2653 2702 2730 2799 2799 2821 2844 2916 2963 3011 3052 3147 3171 3198 3221 3282 3375 3425 3511 3597 3613 3638 3729 3822 3911 3951 4039 4075 4156 4203 4209 4241 4320 4320 4386 4484 4514 4551 4635 4680 4757 4795 4836 4886 4977 5008 5082
63 157 166 258 303 360 368 429 453 456 470 508 555 620 667 700 710 754 850 913 976 1000 1058 1126 1185 1249 1271 1349 1399 1464 1467 1537 1619 1709 1744 1770 1792 1842 1856 1887 1936 1988 2019 2029 2064 2158 2239 2283 2358 2387 2466 2540 2605 2651 2701 2740 2835 2876 2943 2960 3030 3119 3200 3271 3283 3364 3372 3406 3449 3541 3564 3597 3642 3717 3764 3775 3825 3919 3970 3986 4056 4142 4200 4245 4300 4328 4336 4431 4459 4513 4530 4540
36 103 130 203 241 319 389 442 523 564 603 637 726 750 839 873 961 1012 1085 1145 1177 1258 1274 1372 1401 1455 1500 1571 1604 1662 1745 1835 1850 1917 1937 1943 1990 2087 2130 2131 2187 2201 2286 2321 2375 2428 2487 2544 2638 2645 2738 2766 2858 2945 2954 3001 3029 3102 3196 3233 3313 3326 3380 3457 3482 3493 3556 3589 3612 3680 3697 3776 3809 3894 3905 3976 3984 4018 4043 4085 4143 4208 4283 4380 4463 4551 4611 4695 4737 4826 4844
94 131 225 308 384 416 497 582 636 679 708 762 839 866 959 1040 1052 1067 1110 1143 1176 1193 1282 1287 1371 1404 1479 1551 1643 1653 1721 1811 1886 1953 2037 2040 2113 2158 2180 2212 2214 2298 2322 2411 2477 2572 2603 2691 2753 2794 2861 2955 3016 3070 3073 3164 3205 3270 3320 3334 3366 3379 3414 3431 3489 3522 3594 3605 3648 3671 3705 3776 3820 3840 3852 3881 3883 3930 3983 4028 4087 4130 4131 4229 4271 4275 4360 4423 4473 4475
26 53 107 189 262 280 325 418 477 558 599 667 745 840 921 939 996 1046 1069 1105 1179 1263 1339 1418 1468 1471 1544 1585 1662 1735 1766 1827 1844 1871 1960 2055 2081 2121 2197 2198 2255 2314 2322 2356 2432 2449 2500 2546 2581 2586 2644 2705 2771 2833 2854 2856 2888 2927 2966 3056 3138 3234 3272 3328 3385 3482 3537 3612 3707 3756 3782 3790 3873 3933 4004 4023 4032 4104 4127 4196 4225 4239 4251 4321 4382 4438 4473 4535 4603
9 16 43 101 129 186 188 273 371 424 519 564 599 604 667 737 809 846 912 926 942 944 990 1025 1095 1176 1235 1287 1354 1447 1454 1547 1632 1661 1726 1750 1835 1846 1852 1902 1960 2029 2099 2194 2201 2254 2269 2320 2377 2382 2452 2542 2569 2595 2628 2682 2723 2767 2835 2923 2938 2946 3026 3076 3093 3134 3209 3266 3274 3330 3402 3411 3492 3565 3632 3660 3757 3807 3809 3886 3933 3982 4050 4147 4155 4226 4313 4314
64 123 209 291 335 358 380 470 491 556 621 718 774 858 865 894 931 951 1047 1128 1191 1199 1264 1268 1312 1347 1394 1446 1523 1567 1625 1718 1765 1842 1891 1895 1916 1932 2003 2079 2165 2171 2267 2309 2326 2345 2352 2436 2510 2557 2574 2632 2709 2780 2821 2919 2944 2954 2993 3024 3106 3193 3285 3352 3425 3453 3489 3569 3599 3601 3665 3744 3820 3873 3947 3994 4083 4104 4173 4238 4247 4326 4360 4375 4416 4439 4501
37 74 79 102 172 260 337 375 435 528 553 630 632 713 741 769 848 871 951 1003 1030 1037 1121 1208 1273 1302 1326 1326 1395 1466 1541 1600 1603 1605 1640 1666 1733 1816 1843 1876 1898 1933 2003 2051 2067 2076 2152 2246 2313 2347 2394 2425 2484 2498 2534 2586 2673 2769 2841 2855 2857 2870 2950 3007 3098 3106 3110 3132 3207 3284 3362 3381 3396 3491 3538 3610 3642 3702 3766 3854 3894 3978 4072 4128 4205 4288
40 88 135 180 182 203 250 276 297 378 386 408 501 531 541 543 558 587 592 632 656 674 687 701 743 773 781 805 856 877 953 960 1051 1113 1181 1260 1331 1346 1349 1349 1363 1416 1479 1554 1629 1648 1691 1701 1748 1844 1915 1928 1982 1983 2071 2136 2231 2271 2359 2435 2463 2530 2539 2539 2564 2636 2718 2793 2820 2856 2881 2920 2933 3020 3101 3179 3182 3183 3193 3271 3298 3349 3350 3375 3449
87 128 161 205 241 250 281 302 383 472 570 574 632 665 746 844 912 940 1016 1022 1024 1119 1128 1141 1178 1180 1183 1219 1237 1327 1388 1395 1477 1496 1553 1594 1620 1627 1682 1691 1788 1876 1935 1964 2057 2128 2146 2146 2194 2280 2339 2351 2355 2400 2418 2446 2481 2552 2555 2647 2668 2716 2793 2851 2898 2923 3021 3098 3122 3149 3234 3292 3390 3427 3493 3527 3577 3634 3711 3740 3795 3830 3893 3980
6 87 113 168 219 248 269 316 394 480 483 500 584 604 648 720 754 780 809 828 839 868 886 975 1068 1130 1154 1222 1239 1305 1387 1411 1419 1483 1515 1601 1684 1731 1749 1833 1841 1874 1911 1969 2013 2044 2142 2228 2289 2356 2424 2446 2455 2467 2506 2604 2697 2761 2855 2938 2943 2977 3011 3055 3070 3134 3232 3328 3412 3467 3548 3577 3601 3622 3672 3716 3739 3778 3866 3875 3879 3905 3959
85 100 197 272 369 378 432 526 556 599 648 705 712 737 796 863 909 954 995 1011 1043 1078 1171 1260 1274 1341 1427 1492 1558 1620 1705 1717 1730 1827 1880 1975 2033 2131 2162 2169 2208 2305 2388 2399 2406 2440 2477 2523 2601 2611 2666 2716 2801 2851 2857 2925 3023 3090 3162 3162 3182 3209 3248 3286 3374 3448 3457 3545 3634 3655 3655 3736 3769 3853 3922 4001 4070 4103 4199 4216 4240 4308
6 42 53 124 142 217 227 288 347 431 495 585 673 673 759 763 814 879 909 934 1013 1054 1070 1133 1226 1293 1350 1364 1409 1444 1536 1590 1648 1692 1758 1760 1763 1831 1874 1910 1976 2012 2039 2079 2124 2161 2220 2318 2346 2406 2462 2524 2619 2701 2777 2822 2831 2929 2996 3056 3153 3178 3262 3314 3356 3425 3470 3510 3551 3631 3710 3730 3802 3893 3965 4026 4057 4119 4166 4179 4225
28 104 182 268 340 427 510 533 556 585 642 722 808 889 978 1020 1048 1122 1199 1224 1239 1326 1420 1438 1448 1546 1581 1657 1715 1789 1838 1909 1953 1989 2008 2102 2152 2161 2242 2246 2257 2265 2349 2379 2466 2514 2559 2564 2622 2636 2645 2698 2743 2755 2838 2936 3006 3044 3083 3104 3184 3234 3294 3323 3332 3344 3364 3439 3466 3544 3630 3709 3762 3767 3783 3870 3940 3977 4018 4053
21 81 103 139 158 249 311 383 461 517 567 581 639 705 745 749 793 809 830 923 1006 1032 1129 1167 1230 1282 1311 1322 1369 1450 1498 1594 1688 1730 1732 1821 1877 1918 1965 2023 2080 2135 2174 2188 2275 2275 2308 2349 2438 2535 2590 2613 2691 2752 2807 2832 2910 2928 3021 3082 3087 3088 3170 3185 3270 3296 3326 3370 3416 3482 3488 3517 3571 3641 3717 3804 3847 3860 3891
42 55 93 148 193 229 307 357 403 458 463 538 548 646 744 752 823 841 849 936 974 1025 1078 1130 1153 1190 1259 1285 1299 1364 1414 1483 1553 1650 1701 1747 1799 1854 1912 1931 1997 2070 2119 2159 2200 2259 2323 2359 2368 2407 2429 2477 2493 2501 2573 2617 2651 2746 2804 2856 2935 3005 3048 3081 3129 3183 3271 3323 3370 3377 3441 3485 3496 3529 3553 3601 3647 3734
70 95 125 145 180 267 304 324 406 496 511 554 630 643 722 767 773 827 886 898 933 1029 1068 1099 1143 1199 1263 1320 1353 1412 1437 1491 1562 1640 1735 1785 1834 1907 1970 2037 2060 2105 2185 2199 2291 2358 2378 2425 2462 2471 2513 2537 2545 2642 2692 2735 2766 2799 2867 2959 2977 3003 3089 3096 3106 3154 3181 3222 3224 3297 3368 3368 3385 3392 3398 3460 3480
67 83 92 113 137 234 296 359 427 436 467 509 607 634 639 690 692 745 803 816 848 852 884 944 994 1039 1077 1152 1177 1197 1264 1358 1419 1509 1539 1564 1634 1720 1743 1828 1850 1903 1954 2032 2056 2058 2142 2185 2219 2270 2270 2356 2431 2496 2571 2604 2669 2749 2826 2916 3008 3025 3053 3147 3147 3225 3312 3314 3379 3405 3431 3529 3597 3631 3664 3688
28 42 82 118 188 209 299 329 400 410 462 518 593 670 753 795 848 894 961 992 1017 1039 1065 1149 1226 1322 1330 1388 1401 1409 1487 1539 1610 1655 1659 1668 1719 1727 1790 1808 1865 1961 2022 2028 2062 2112 2204 2295 2387 2407 2434 2482 2560 2633 2697 2697 2713 2748 2780 2835 2892 2934 2994 3009 3079 3113 3144 3214 3232 3303 3325 3341 3361 3403 3430
90 183 203 219 303 350 357 429 454 551 646 737 785 827 866 946 962 962 974 1000 1052 1133 1215 1313 1383 1387 1463 1503 1572 1664 1688 1779 1827 1829 1848 1880 1932 2028 2064 2156 2229 2246 2304 2375 2396 2456 2520 2579 2677 2716 2722 2811 2897 2908 2956 2960 3048 3093 3190 3258 3270 3322 3401 3423 3482 3485 3571 3668 3679 3751 3848 3942 3986 4054
44 79 171 196 224 318 414 482 499 543 569 578 627 694 732 802 825 850 908 936 938 945 979 1017 1090 1126 1187 1237 1276 1287 1305 1384 1422 1510 1532 1569 1575 1611 1651 1727 1777 1824 1887 1963 2025 2055 2124 2130 2174 2176 2186 2278 2325 2378 2396 2442 2481 2525 2609 2660 2726 2818 2828 2905 2949 2960 3009 3050 3080 3134 3224 3275 3296
34 106 164 191 247 315 390 458 520 571 637 668 764 855 919 970 1060 1112 1157 1204 1219 1292 1373 1441 1490 1494 1526 1623 1664 1710 1785 1836 1843 1860 1909 1948 1980 2029 2031 2037 2078 2130 2145 2172 2260 2327 2350 2439 2456 2471 2518 2528 2603 2695 2708 2738 2765 2860 2908 2968 2981 3017 3049 3123 3167 3207 3293 3346 3409 3476 3574 3652
48 114 168 235 240 334 385 425 459 471 494 530 622 710 796 852 888 910 989 1021 1026 1054 1149 1182 1276 1347 1405 1489 1569 1578 1661 1683 1739 1771 1814 1858 1901 1958 2034 2035 2064 2128 2207 2280 2286 2298 2314 2397 2437 2499 2558 2642 2717 2739 2782 2859 2937 2963 3059 3069 3105 3199 3265 3340 3362 3432 3521 3532 3554 3626 3646
77 133 209 286 311 387 441 452 508 586 668 737 786 790 843 888 958 1045 1047 1130 1191 1192 1273 1328 1418 1483 1572 1622 1700 1782 1873 1876 1960 2004 2045 2062 2117 2207 2245 2321 2354 2411 2441 2478 2496 2589 2676 2745 2826 2911 2990 3036 3067 3138 3195 3250 3276 3358 3437 3462 3478 3566 3567 3609 3657 3749 3780 3831 3916 3968
22 40 116 175 213 250 289 356 387 468 556 565 593 650 724 787 836 904 956 994 1011 1073 1128 1152 1171 1221 1225 1300 1308 1384 1385 1476 1567 1600 1662 1698 1723 1814 1838 1910 1931 1974 2056 2122 2220 2260 2263 2281 2294 2386 2434 2506 2567 2623 2708 2803 2807 2844 2936 2969 2981 3018 3059 3115 3193 3214 3286 3297 3391
70 112 187 216 230 292 329 355 413 499 591 634 658 660 754 810 861 915 947 990 1001 1070 1155 1228 1254 1262 1280 1322 1397 1397 1478 1508 1592 1613 1678 1739 1788 1822 1893 1924 1955 2012 2083 2152 2207 2217 2303 2335 2370 2441 2526 2586 2662 2758 2775 2779 2857 2918 2989 3064 3151 3199 3215 3221 3222 3272 3326 3385
2 18 112 129 147 152 210 260 336 418 421 423 465 469 495 508 541 587 673 673 754 776 807 817 862 890 941 1015 1042 1116 1191 1288 1307 1340 1343 1417 1444 1523 1603 1686 1757 1790 1858 1918 1975 2052 2100 2195 2275 2372 2400 2443 2510 2579 2613 2619 2650 2711 2715 2790 2809 2810 2894 2980 3030 3054 3113
77 92 182 266 266 291 379 462 554 564 644 713 745 758 802 845 943 957 998 1036 1100 1129 1207 1260 1294 1374 1470 1528 1596 1633 1664 1673 1751 1833 1838 1880 1943 1961 2043 2058 2120 2195 2253 2279 2364 2385 2468 2476 2492 2540 2576 2603 2618 2634 2653 2711 2770 2831 2917 3012 3035 3056 3067 3124 3149 3229
51 95 170 195 257 262 283 360 374 453 504 598 624 692 721 760 770 772 798 865 896 940 983 1041 1097 1113 1176 1214 1241 1331 1373 1377 1392 1397 1464 1485 1563 1629 1634 1719 1732 1741 1799 1818 1908 1952 2009 2019 2101 2189 2286 2343 2417 2427 2489 2504 2552 2615 2650 2671 2724 2786 2825 2919 2963
60 69 145 242 328 359 377 456 478 549 624 629 653 656 682 710 742 807 859 877 906 983 1003 1070 1073 1093 1095 1167 1265 1276 1319 1364 1428 1430 1489 1579 1599 1603 1641 1737 1777 1866 1910 1917 1990 2043 2141 2223 2224 2322 2341 2377 2419 2456 2470 2544 2563 2598 2607 2682 2682 2721 2808 2890
2 85 117 155 252 264 321 329 342 387 389 431 456 536 626 666 752 755 775 794 859 927 1006 1100 1121 1149 1214 1278 1313 1397 1407 1488 1557 1581 1639 1673 1693 1721 1753 1767 1776 1781 1801 1870 1955 1995 2003 2058 2058 2073 2089 2149 2233 2321 2367 2375 2415 2501 2594 2644 2690 2788 2828
25 118 149 243 321 380 388 456 531 550 620 688 740 773 844 846 889 965 973 1035 1100 1159 1254 1348 1403 1430 1458 1468 1522 1571 1584 1640 1695 1713 1757 1853 1933 1993 2086 2102 2116 2173 2253 2267 2332 2350 2353 2429 2503 2574 2662 2676 2727 2749 2821 2869 2905 2960 2964 2996 3002 3030
43 125 201 210 246 261 322 360 370 444 454 511 514 535 629 691 729 806 889 951 952 971 1011 1081 1167 1247 1260 1283 1288 1358 1400 1441 1531 1619 1671 1727 1744 1744 1792 1875 1942 2031 2033 2108 2151 2200 2232 2290 2366 2367 2428 2476 2494 2520 2585 2667 2759 2767 2769 2813 2864
36 49 68 111 204 205 274 304 399 478 533 594 646 736 827 869 924 1007 1080 1172 1257 1315 1368 1420 1497 1569 1573 1597 1692 1775 1836 1837 1867 1944 2007 2075 2137 2143 2224 2275 2321 2326 2412 2480 2481 2512 2519 2590 2685 2742 2787 2835 2856 2942 2960 3006 3023 3033 3085 3089
59 153 188 231 289 289 334 357 363 368 415 509 598 676 756 808 831 875 916 954 973 1052 1134 1225 1267 1282 1292 1372 1452 1494 1510 1545 1599 1632 1680 1683 1703 1762 1776 1820 1902 1903 1945 1950 2012 2079 2091 2151 2201 2205 2245 2332 2406 2485 2552 2605 2637 2709 2723
69 73 112 171 180 268 324 330 371 383 424 507 563 659 708 772 835 933 983 1013 1038 1100 1148 1218 1312 1319 1415 1466 1514 1532 1580 1621 1678 1694 1777 1792 1792 1808 1886 1922 1972 1998 2036 2081 2147 2151 2222 2257 2341 2368 2376 2431 2493 2578 2650 2669 2739 2796
83 143 219 293 383 404 434 481 542 629 694 729 803 889 949 1001 1059 1117 1183 1183 1224 1318 1337 1411 1449 1525 1597 1690 1722 1817 1878 1942 2038 2131 2155 2183 2190 2199 2203 2227 2302 2358 2405 2497 2579 2607 2641 2721 2736 2792 2825 2857 2857 2866 2915 2980 3023
61 101 108 149 181 227 290 297 313 369 413 475 550 578 643 675 743 818 901 993 1048 1114 1204 1234 1279 1305 1397 1439 1500 1594 1613 1650 1688 1724 1814 1887 1969 2009 2096 2187 2257 2285 2327 2412 2433 2520 2612 2661 2708 2766 2812 2872 2952 3040 3107 3144
2 93 116 140 199 205 260 302 323 336 397 458 480 570 635 673 742 817 898 959 1020 1024 1045 1100 1183 1276 1346 1444 1483 1553 1638 1716 1786 1844 1852 1911 1944 2015 2100 2189 2274 2282 2360 2458 2506 2588 2612 2656 2752 2773 2848 2881 2919 2949 3012
87 131 191 280 359 452 459 479 485 560 601 682 708 742 755 778 799 881 926 976 1013 1093 1125 1209 1223 1232 1302 1381 1388 1402 1457 1487 1575 1640 1665 1748 1783 1803 1840 1881 1960 1969 2006 2030 2084 2120 2204 2280 2368 2403 2433 2463 2550 2609
90 157 222 257 273 371 416 486 488 514 532 586 621 702 756 779 806 827 897 931 960 1022 1061 1093 1168 1216 1268 1306 1360 1380 1401 1449 1493 1581 1603 1677 1706 1788 1858 1875 1901 1956 1995 2089 2113 2170 2259 2284 2364 2385 2444 2530 2614
72 105 145 158 200 279 337 430 500 567 598 611 675 695 793 863 891 958 1036 1058 1077 1102 1137 1147 1182 1232 1304 1340 1345 1377 1451 1505 1576 1625 1625 1679 1734 1785 1819 1828 1900 1916 1932 1986 1988 1988 2040 2124 2205 2280 2287 2301
14 74 77 172 253 259 292 357 387 475 554 629 660 716 786 877 962 1018 1092 1134 1205 1221 1252 1306 1316 1333 1384 1481 1512 1609 1680 1741 1774 1812 1905 1971 1983 2066 2160 2234 2287 2326 2376 2442 2506 2595 2629 2683 2706 2795 2857
24 80 154 179 217 310 344 425 449 468 561 628 687 755 814 888 981 1069 1141 1213 1218 1246 1342 1354 1386 1419 1453 1549 1552 1610 1669 1721 1787 1847 1908 1981 2045 2097 2119 2124 2182 2209 2291 2301 2340 2347 2385 2469 2502 2525
20 115 145 147 237 296 357 402 446 530 565 642 723 791 858 926 928 996 1020 1104 1166 1216 1297 1386 1432 1466 1528 1561 1654 1693 1716 1784 1813 1835 1897 1919 1976 2036 2063 2120 2146 2190 2270 2333 2417 2428 2438 2448 2528
26 70 155 201 223 283 365 385 387 413 443 500 518 606 636 707 733 776 808 846 899 986 1056 1104 1150 1154 1250 1250 1297 1354 1413 1459 1542 1629 1676 1747 1842 1887 1921 1924 2017 2081 2156 2224 2302 2340 2395 2463
11 62 134 226 276 360 395 433 515 519 572 646 666 728 770 774 778 824 880 930 947 1014 1030 1084 1094 1137 1180 1256 1304 1367 1410 1417 1508 1510 1589 1670 1704 1749 1793 1876 1943 1960 1968 2028 2070 2129 2157
16 81 135 136 136 142 190 237 324 401 463 470 508 533 576 614 644 659 697 783 863 920 998 1043 1075 1111 1120 1149 1173 1173 1240 1274 1281 1354 1425 1484 1532 1585 1675 1768 1849 1892 1951 1987 2012 2094
38 65 106 151 195 221 291 340 421 444 531 577 660 747 781 828 918 941 1000 1052 1052 1068 1102 1122 1201 1271 1343 1417 1419 1513 1525 1586 1678 1728 1732 1799 1833 1856 1899 1906 1937 1955 1971 2047 2122
46 121 138 155 162 180 232 303 346 349 392 479 514 566 627 721 767 853 930 968 1059 1098 1188 1247 1253 1256 1258 1351 1363 1406 1435 1494 1556 1594 1603 1621 1664 1746 1784 1837 1852 1863 1890 1961
97 173 189 265 316 358 377 467 547 576 621 625 715 773 848 864 899 950 977 1016 1017 1039 1133 1185 1222 1238 1242 1289 1290 1314 1363 1435 1443 1503 1576 1596 1661 1749 1790 1838 1935 1951 2033
88 88 118 158 189 254 337 352 406 417 456 475 534 573 610 672 760 827 846 908 921 990 1064 1152 1184 1227 1265 1343 1436 1501 1501 1577 1638 1685 1733 1819 1875 1901 1945 2004 2084 2133
10 108 173 220 247 294 343 422 499 584 587 615 667 708 762 796 813 843 936 993 1031 1055 1070 1114 1166 1234 1325 1413 1507 1556 1581 1641 1700 1723 1803 1811 1838 1855 1888 1983 2076
17 54 133 219 248 311 394 449 520 524 614 667 708 779 780 868 885 909 979 1034 1128 1160 1251 1280 1330 1330 1342 1374 1422 1502 1577 1649 1665 1756 1821 1847 1919 1988 2026 2124
51 108 140 161 228 311 333 351 385 408 445 454 484 562 647 711 726 726 824 827 869 932 1002 1026 1050 1080 1152 1235 1254 1271 1309 1406 1488 1564 1656 1736 1801 1847 1857
6 99 143 144 237 246 323 404 429 449 495 550 606 627 717 750 822 873 971 1008 1036 1066 1150 1171 1187 1245 1311 1344 1372 1390 1470 1535 1563 1603 1627 1645 1656 1663
75 91 166 205 288 301 370 400 405 417 464 540 569 609 697 792 877 898 922 963 979 1037 1059 1089 1139 1223 1294 1383 1471 1565 1584 1606 1655 1677 1767 1790 1835
52 131 165 248 297 386 441 477 488 542 565 634 704 705 768 769 792 869 899 944 1003 1034 1068 1113 1196 1231 1305 1322 1350 1408 1498 1546 1642 1722 1744 1779
90 140 151 170 194 267 309 326 423 461 491 569 593 662 726 822 903 916 949 1031 1115 1154 1161 1190 1253 1323 1356 1447 1471 1498 1501 1509 1579 1666 1708
63 67 119 128 172 199 232 252 342 354 386 392 459 495 524 543 622 663 728 810 877 926 959 973 1034 1084 1120 1129 1209 1236 1306 1322 1358 1376
59 154 158 239 335 415 481 558 619 664 716 725 730 827 924 972 986 1071 1121 1129 1186 1252 1278 1323 1402 1493 1559 1651 1726 1800 1889 1972 1990
1 80 159 204 239 254 315 324 324 407 485 555 599 679 724 761 787 818 874 942 944 984 1007 1098 1129 1146 1240 1333 1361 1425 1489 1505
40 132 170 176 251 285 338 427 430 457 482 552 561 618 636 689 721 816 825 920 1014 1054 1097 1161 1182 1194 1253 1272 1336 1415 1484
98 153 249 317 334 400 403 488 561 576 660 682 736 747 790 791 825 879 944 1019 1101 1101 1151 1165 1215 1295 1364 1376 1436 1474
42 98 165 175 253 334 357 402 488 527 620 635 722 762 846 889 924 998 1013 1080 1176 1243 1321 1357 1434 1522 1581 1634 1676
70 100 176 217 246 335 420 482 564 643 663 698 740 781 787 795 844 875 945 962 1026 1114 1178 1257 1342 1385 1386 1397
72 134 232 248 298 352 432 484 521 606 695 701 777 829 901 980 1050 1115 1126 1172 1184 1257 1283 1337 1383 1393 1457
39 75 123 182 209 216 307 313 324 391 459 482 518 596 635 685 685 747 762 816 855 901 977 1052 1094 1185
3 24 24 64 151 155 185 198 268 319 406 499 532 609 691 722 738 784 817 913 1003 1018 1087 1124 1174
89 106 142 185 252 320 367 380 413 500 514 608 652 702 718 816 901 935 1007 1045 1089 1108 1157 1205
68 141 226 269 328 405 501 554 627 723 779 873 951 980 1015 1030 1045 1085 1168 1231 1300 1325 1360
33 77 173 205 220 276 321 346 376 448 516 597 652 724 741 771 795 871 923 992 1011 1028
67 73 98 188 247 256 338 420 437 497 572 653 741 749 779 864 883 943 974 995 1011
72 121 193 210 235 310 347 383 468 530 547 601 613 683 736 772 772 773 783 805
79 125 150 157 240 250 278 310 363 398 445 540 623 625 719 760 828 856 923
90 149 182 217 221 317 402 475 517 527 555 555 625 697 767 836 869 956
43 139 150 247 278 328 401 401 454 455 541 580 594 645 682 777 871
48 106 111 128 214 249 293 327 349 376 397 479 565 599 696 768
33 50 136 154 162 162 206 206 275 361 378 447 490 575 616
76 127 222 298 318 324 382 430 474 541 634 637 664 681
61 97 102 194 239 246 254 320 328 418 420 423 431
77 125 196 225 321 378 447 477 525 582 596 632
23 69 121 122 211 269 342 388 462 467 528
28 73 91 135 152 209 282 309 359 447
7 41 84 87 172 216 223 278 281
66 148 153 239 249 268 321 360
44 56 84 178 218 244 327
76 107 135 146 237 325
51 77 86 91 181
52 116 157 166
27 66 151
89 177
73
