56
29 50 145 201 228 306 336 352 378 452 457 462 477 537 561 646 678 770 851 904 922 956 1033 1111 1123 1178 1246 1270 1311 1381 1479 1555 1634 1662 1709 1759 1803 1824 1875 1913 1927 1945 1996 2045 2066 2138 2221 2232 2241 2272 2284 2366 2381 2470 2558 2596
58 67 109 113 194 246 255 309 386 439 497 498 575 646 723 779 855 898 935 941 1028 1125 1223 1299 1345 1376 1391 1409 1413 1428 1483 1515 1522 1558 1578 1674 1695 1724 1793 1867 1940 1960 2004 2047 2132 2160 2247 2258 2330 2376 2429 2510 2582 2629 2641
26 116 152 184 198 208 217 278 359 424 432 500 570 599 659 738 753 756 850 924 965 1025 1113 1182 1193 1238 1308 1356 1362 1424 1453 1529 1604 1672 1712 1777 1818 1911 1975 1975 2059 2077 2114 2131 2144 2158 2160 2206 2234 2321 2413 2493 2568 2600
44 65 104 129 132 161 189 271 319 374 387 477 556 630 720 770 842 913 920 955 1043 1096 1135 1151 1155 1241 1278 1307 1382 1436 1487 1548 1629 1677 1727 1752 1832 1896 1918 2009 2014 2035 2133 2189 2228 2306 2385 2392 2413 2503 2595 2667 2736
27 106 116 135 162 199 218 269 311 404 448 539 608 675 717 802 883 962 1041 1136 1188 1250 1295 1346 1405 1449 1478 1571 1647 1696 1766 1804 1843 1933 1938 2030 2035 2130 2158 2233 2288 2339 2350 2405 2414 2504 2561 2609 2673 2692 2765 2782
43 51 73 167 220 265 279 352 411 473 524 618 680 728 773 839 903 956 973 1023 1084 1180 1207 1259 1261 1350 1388 1432 1494 1570 1607 1667 1757 1767 1805 1898 1958 2019 2112 2150 2229 2316 2342 2433 2450 2503 2513 2595 2653 2673 2698
25 113 131 223 282 375 380 414 510 587 601 663 678 683 701 727 751 786 883 917 979 1065 1117 1201 1225 1314 1338 1350 1427 1481 1558 1637 1731 1754 1784 1824 1875 1912 1962 2043 2120 2196 2207 2289 2352 2358 2403 2409 2411 2508
78 115 135 174 230 235 271 296 300 396 479 503 584 675 679 691 760 799 895 990 1001 1098 1099 1179 1251 1311 1402 1423 1511 1590 1685 1706 1753 1792 1870 1875 1943 1993 2013 2039 2098 2145 2178 2227 2285 2340 2381 2442 2534
91 156 199 242 329 362 436 459 551 627 713 720 754 771 814 889 896 900 960 994 1058 1068 1123 1197 1274 1327 1351 1359 1409 1453 1489 1569 1602 1622 1682 1758 1797 1880 1881 1893 1908 2002 2053 2088 2130 2157 2214 2266
47 105 197 265 342 433 469 527 566 634 682 780 821 915 975 1008 1045 1067 1106 1119 1145 1156 1217 1223 1316 1335 1405 1485 1545 1577 1596 1687 1783 1787 1885 1941 1947 2044 2091 2132 2149 2150 2184 2258 2335 2359 2377
73 81 112 192 216 218 238 256 351 382 402 412 433 460 546 587 613 641 735 818 875 922 925 958 1033 1061 1128 1131 1179 1266 1275 1329 1375 1459 1459 1552 1606 1617 1678 1766 1863 1924 1986 2030 2036 2103
91 187 198 249 334 395 397 483 519 611 645 672 755 835 841 933 1007 1076 1095 1138 1218 1316 1337 1413 1447 1503 1547 1604 1617 1674 1731 1822 1913 1931 1956 1961 1988 2045 2138 2226 2291 2376 2390 2392 2455
10 17 108 198 224 304 396 419 443 455 466 547 607 699 722 750 795 866 960 1043 1140 1207 1273 1337 1341 1347 1355 1367 1398 1429 1503 1516 1553 1632 1703 1779 1827 1868 1942 2014 2024 2110 2117 2215
98 119 216 284 292 303 352 362 448 509 554 596 642 725 805 844 851 878 879 917 937 963 964 1059 1072 1106 1174 1245 1247 1325 1368 1391 1420 1449 1503 1589 1648 1662 1686 1742 1836 1884 1971
4 37 82 110 172 224 285 356 399 427 447 483 542 604 617 700 758 814 904 986 1025 1094 1136 1137 1171 1193 1283 1344 1403 1494 1587 1657 1738 1767 1850 1903 1941 2004 2022 2034 2061 2095
8 23 51 147 201 270 340 381 381 455 535 631 633 714 772 799 821 913 1011 1020 1105 1114 1130 1135 1191 1240 1312 1409 1413 1495 1578 1606 1608 1668 1673 1745 1800 1804 1845 1878 1930
48 77 125 199 270 276 289 350 385 393 425 459 508 544 582 583 669 689 760 803 878 889 890 988 1067 1109 1121 1158 1162 1162 1176 1245 1265 1273 1291 1340 1421 1437 1470 1504
87 144 155 222 297 366 389 408 434 514 571 656 676 771 832 885 951 992 1080 1121 1137 1208 1289 1331 1423 1514 1575 1610 1668 1696 1740 1777 1811 1882 1934 1973 1977 2020 2075
92 101 101 193 197 276 302 324 326 422 468 510 542 570 652 690 723 772 773 866 929 1009 1086 1102 1140 1182 1203 1226 1252 1335 1413 1458 1524 1586 1657 1729 1816 1866
85 91 139 169 219 287 381 435 487 584 660 720 722 810 898 961 1058 1084 1163 1231 1252 1302 1324 1327 1420 1430 1494 1494 1530 1577 1631 1695 1749 1794 1861 1872 1964
24 60 111 209 290 372 450 459 537 623 678 694 755 827 872 907 925 972 1050 1056 1134 1212 1228 1310 1342 1380 1465 1476 1559 1571 1642 1702 1724 1809 1810 1846
25 54 96 179 235 287 325 385 406 409 506 578 649 690 755 783 868 942 1031 1074 1171 1268 1284 1313 1383 1480 1503 1590 1628 1722 1751 1826 1889 1953 2026
33 108 116 146 199 208 233 263 353 369 435 487 555 632 719 805 806 883 897 986 1066 1135 1155 1221 1276 1283 1321 1409 1434 1486 1500 1580 1591 1636
92 175 188 229 297 331 423 437 443 506 540 551 580 636 717 777 866 941 975 1024 1065 1146 1233 1255 1264 1334 1422 1473 1545 1598 1618 1654 1722
85 141 184 217 300 330 419 486 541 569 618 694 727 788 886 932 1009 1063 1152 1250 1285 1345 1379 1403 1403 1473 1502 1507 1574 1581 1660 1683
53 53 104 194 232 234 258 335 352 403 470 555 586 647 649 680 712 716 795 893 974 1070 1127 1150 1184 1250 1316 1366 1449 1518 1582
63 106 156 161 246 286 335 394 480 557 558 606 683 738 789 826 838 850 889 907 929 983 1043 1105 1171 1237 1311 1358 1377 1421
48 87 101 146 163 223 256 276 342 439 504 599 670 755 805 897 943 978 1056 1079 1098 1110 1132 1206 1275 1354 1390 1415 1500
73 166 246 276 289 318 399 403 482 503 590 678 776 785 852 905 988 1057 1071 1080 1161 1202 1209 1303 1382 1401 1447 1531
2 38 110 199 248 275 280 335 387 465 478 490 522 530 571 574 656 686 706 739 788 867 937 984 1010 1043 1081
16 62 72 129 142 216 310 314 387 479 524 538 541 624 683 712 750 753 778 837 878 906 974 992 1088 1095
88 95 113 186 197 223 250 299 361 442 453 461 519 568 587 616 662 751 755 850 934 991 1069 1149 1227
12 93 167 247 306 332 419 500 545 570 660 710 726 800 832 847 924 1006 1078 1174 1249 1255 1347 1349
98 133 165 258 316 340 405 444 487 537 557 607 682 779 807 819 912 929 933 984 1069 1166 1217
78 164 236 329 332 412 426 456 504 593 612 710 757 786 850 915 972 1063 1082 1103 1180 1214
89 169 180 225 316 411 445 490 522 591 627 662 742 802 891 989 1002 1095 1099 1099 1125
60 86 183 266 268 317 391 399 493 582 618 688 690 765 840 930 942 982 1027 1039
62 104 138 186 203 296 394 469 515 567 615 687 725 758 788 851 852 860 953
83 101 132 147 159 219 295 344 352 407 443 509 578 587 612 689 754 825
72 153 222 283 332 371 395 413 508 532 617 617 711 748 804 830 900
43 122 156 213 223 301 390 398 420 450 454 534 579 646 733 736
85 142 163 188 246 336 377 436 448 472 519 562 639 729 741
1 22 57 66 101 188 273 308 371 436 458 506 586 589
41 130 218 297 300 317 397 477 507 518 612 674 726
98 160 229 320 353 383 473 513 594 686 783 846
76 107 186 247 300 367 462 475 537 589 661
63 111 198 258 303 390 481 557 597 615
29 83 94 95 190 214 262 318 410
40 128 178 243 326 396 434 490
59 121 171 211 215 304 331
92 133 223 314 376 466
55 138 228 283 335
90 142 168 184
50 112 208
85 146
41
