19
6 103 179 198 221 271 293 371 415 462 531 612 652 680 740 789 849 899 979
32 33 86 160 199 225 304 339 416 439 460 463 492 577 603 686 776 809
50 71 111 168 261 289 315 401 407 434 484 560 637 718 760 781 816
81 82 152 187 255 350 413 486 549 643 717 747 810 844 899 935
92 166 251 338 403 474 500 513 569 667 720 731 740 793 798
39 42 132 135 142 155 159 223 270 322 415 420 507 575
67 74 103 158 249 327 385 452 487 567 630 718 759
29 38 95 152 201 240 318 386 411 471 516 560
77 140 219 289 308 347 382 439 505 573 642
98 189 199 202 283 317 405 409 428 479
3 7 98 113 150 234 317 369 402
29 34 44 111 200 266 335 343
85 100 171 186 211 304 397
14 41 63 86 129 141
74 150 247 260 304
18 76 103 193
5 40 49
23 59
23
