19
78 145 187 221 237 268 312 393 456 474 510 542 581 620 635 721 794 878 925
69 89 128 193 277 318 361 377 397 428 431 513 597 635 635 713 725 812
25 113 136 174 258 342 414 495 495 574 636 660 698 745 818 872 880
88 162 195 269 303 368 382 456 459 478 514 560 652 736 818 839
9 106 164 250 271 339 419 421 489 497 527 565 631 669 724
38 92 163 248 325 389 471 512 532 627 695 786 808 829
25 84 102 183 216 231 253 275 349 405 473 566 633
30 76 169 238 312 357 435 449 508 559 645 658
72 102 154 191 249 285 289 364 425 485 538
79 112 201 269 282 291 357 381 390 482
25 53 103 152 153 182 243 288 379
89 154 204 254 273 329 356 451
97 150 168 207 230 237 312
83 139 220 247 260 346
25 53 78 155 184
97 115 154 252
73 164 231
24 30
70
