66
93 154 235 278 299 339 372 394 452 529 599 683 778 821 904 989 1030 1083 1145 1168 1228 1308 1322 1329 1386 1433 1445 1510 1558 1613 1682 1749 1836 1866 1958 2026 2124 2190 2243 2314 2408 2419 2513 2524 2532 2537 2562 2596 2629 2632 2657 2667 2762 2854 2947 2968 3018 3053 3144 3223 3262 3316 3402 3422 3494 3584
67 78 86 122 142 184 256 348 399 409 487 534 579 658 692 709 727 779 818 871 963 1045 1049 1103 1141 1239 1319 1413 1503 1583 1602 1698 1709 1732 1803 1859 1947 1993 2025 2098 2160 2257 2294 2355 2402 2488 2519 2537 2582 2587 2590 2601 2639 2718 2738 2811 2833 2925 2963 3021 3031 3076 3097 3134 3164
65 150 168 228 282 322 361 403 403 487 509 591 668 694 755 768 800 865 867 872 935 957 1053 1061 1104 1150 1162 1179 1243 1341 1378 1404 1407 1422 1519 1602 1699 1777 1788 1793 1843 1933 2022 2069 2103 2153 2193 2211 2220 2298 2340 2354 2397 2452 2513 2569 2607 2623 2631 2663 2714 2801 2858 2954
21 119 173 227 290 346 389 451 545 643 648 735 735 785 865 926 945 1011 1044 1081 1169 1257 1297 1326 1400 1425 1507 1533 1609 1658 1746 1786 1788 1835 1868 1881 1883 1883 1908 1927 2009 2036 2133 2226 2300 2302 2343 2377 2432 2459 2520 2606 2633 2644 2682 2761 2823 2848 2901 2912 2984 3051 3110
48 95 138 199 249 269 328 408 490 569 630 710 715 734 827 845 874 893 921 921 947 995 1030 1126 1186 1203 1243 1270 1319 1347 1392 1424 1432 1494 1533 1587 1588 1674 1684 1750 1801 1857 1919 1968 1972 2026 2070 2111 2143 2165 2172 2173 2238 2335 2426 2517 2540 2606 2672 2763 2812 2903
10 12 18 84 145 152 200 227 271 348 372 465 526 609 634 691 780 851 879 965 1042 1049 1108 1191 1228 1260 1272 1317 1385 1406 1473 1548 1556 1654 1681 1761 1770 1773 1794 1824 1901 1940 2036 2118 2177 2229 2275 2343 2432 2441 2442 2484 2509 2549 2560 2630 2678 2738 2809 2810 2898
73 77 122 132 221 272 315 365 371 466 505 554 566 625 648 682 685 776 861 885 968 995 1024 1026 1035 1106 1191 1217 1274 1315 1400 1436 1521 1531 1561 1570 1643 1697 1794 1820 1889 1985 2046 2064 2156 2156 2180 2211 2279 2316 2382 2478 2543 2624 2719 2755 2762 2798 2809 2896
36 93 157 250 340 418 434 451 534 544 642 692 719 812 871 937 947 953 959 1028 1098 1196 1221 1253 1305 1342 1344 1372 1383 1432 1525 1603 1643 1697 1708 1725 1821 1878 1928 1999 2086 2175 2183 2193 2291 2294 2351 2447 2475 2534 2628 2667 2678 2723 2765 2840 2920 2983 2997
50 131 134 168 230 282 345 353 384 482 513 551 579 667 726 824 883 970 1058 1096 1132 1179 1217 1245 1250 1325 1413 1462 1559 1579 1604 1615 1657 1723 1755 1852 1878 1969 1982 2029 2066 2141 2180 2225 2293 2317 2401 2455 2484 2565 2628 2673 2704 2802 2821 2875 2973 3009
89 132 217 292 377 455 476 571 592 597 673 677 702 732 735 826 890 985 1076 1140 1166 1231 1251 1305 1387 1467 1517 1566 1641 1669 1698 1749 1801 1879 1935 2018 2022 2036 2107 2188 2191 2230 2274 2349 2373 2441 2512 2606 2642 2716 2737 2752 2795 2827 2831 2891 2942
6 91 94 170 186 257 315 350 416 455 474 512 533 589 613 667 708 789 815 841 921 979 998 1032 1055 1058 1075 1163 1227 1253 1296 1318 1357 1407 1501 1588 1681 1760 1844 1879 1962 2053 2139 2178 2193 2197 2205 2205 2214 2277 2284 2329 2427 2474 2554 2634
47 51 95 111 193 197 223 315 378 456 549 624 668 740 777 779 838 930 961 1021 1042 1056 1057 1069 1073 1156 1164 1259 1320 1417 1496 1543 1548 1559 1565 1637 1652 1676 1697 1705 1721 1749 1757 1855 1915 1959 1969 1996 2083 2125 2151 2197 2268 2332 2385
10 56 118 168 254 269 308 310 360 382 419 462 467 468 515 536 596 693 768 842 856 904 965 1047 1102 1120 1178 1260 1301 1311 1312 1315 1371 1384 1420 1509 1531 1551 1624 1644 1700 1774 1787 1823 1878 1963 1970 1976 2063 2128 2152 2218 2294 2312
62 77 150 211 299 344 432 520 560 629 696 739 807 825 830 871 944 1030 1106 1114 1208 1302 1366 1396 1401 1439 1515 1552 1643 1735 1771 1862 1916 1971 1988 2076 2171 2264 2287 2356 2428 2487 2488 2520 2561 2620 2656 2713 2797 2836 2904 2921 2977
67 132 228 247 312 373 462 490 584 626 627 647 682 748 776 844 884 965 987 1046 1109 1171 1208 1269 1343 1354 1406 1431 1435 1474 1538 1634 1666 1759 1821 1915 1934 1954 2012 2107 2158 2198 2285 2298 2365 2417 2485 2500 2534 2627 2657 2694
53 57 132 187 242 263 285 367 454 493 559 597 603 681 696 749 764 841 881 963 1035 1104 1104 1160 1215 1262 1320 1386 1442 1530 1609 1617 1703 1731 1752 1822 1854 1913 1985 2004 2084 2152 2154 2174 2211 2257 2301 2387 2442 2451 2541
2 5 74 170 220 299 376 380 455 480 572 644 693 702 781 792 871 939 951 967 1034 1094 1167 1174 1180 1190 1212 1270 1327 1350 1385 1408 1488 1511 1587 1635 1695 1706 1717 1790 1807 1895 1921 1937 1950 1996 2048 2083 2157 2215
63 139 171 257 302 380 463 506 532 600 600 688 710 721 795 842 863 895 925 926 989 1080 1167 1201 1210 1239 1257 1267 1354 1405 1474 1508 1598 1685 1775 1782 1807 1878 1936 2023 2096 2191 2214 2219 2302 2390 2450 2474 2508
37 107 194 292 337 343 424 481 519 579 674 746 815 816 880 955 1044 1133 1181 1279 1282 1343 1375 1456 1531 1536 1547 1628 1675 1708 1744 1785 1841 1906 1999 2025 2102 2114 2198 2282 2361 2362 2446 2486 2550 2577 2622 2713
37 87 112 113 158 199 295 355 403 498 527 548 588 602 604 668 669 741 765 769 864 930 960 1058 1059 1136 1176 1249 1314 1343 1357 1366 1452 1518 1554 1565 1599 1672 1709 1727 1789 1807 1872 1932 2010 2053 2124
26 107 126 194 228 289 344 388 395 450 452 463 463 527 535 573 669 681 681 745 800 862 914 957 1016 1096 1165 1177 1275 1307 1390 1423 1461 1488 1494 1497 1564 1660 1744 1824 1837 1848 1900 1932 2024 2035
87 109 129 220 308 383 394 476 570 610 695 766 778 821 904 935 956 961 979 1048 1051 1136 1141 1227 1308 1341 1357 1396 1475 1496 1571 1587 1601 1603 1645 1661 1700 1722 1816 1823 1863 1949 2045 2059 2146
21 34 100 160 203 278 333 391 450 535 604 700 728 742 766 777 855 872 920 974 1026 1045 1125 1157 1195 1273 1281 1329 1403 1490 1586 1591 1678 1704 1788 1819 1855 1873 1907 1990 2044 2049 2098 2098
25 27 86 127 218 249 285 285 361 369 464 483 529 603 617 619 652 702 719 765 837 851 946 1029 1038 1086 1157 1224 1305 1305 1391 1476 1492 1561 1607 1646 1678 1760 1827 1886 1904 1966 2043
23 71 115 132 136 159 234 315 380 468 479 544 634 653 722 758 828 866 920 920 989 1022 1027 1124 1166 1220 1298 1387 1455 1504 1533 1586 1623 1658 1754 1819 1902 1943 1991 1997 2085 2118
2 25 72 129 206 218 240 245 246 314 401 441 532 567 631 729 804 814 895 977 1035 1092 1126 1205 1293 1363 1449 1467 1519 1538 1552 1639 1651 1703 1769 1820 1888 1975 2003 2049 2068
33 33 67 81 167 257 345 421 513 588 648 738 775 823 860 882 980 1063 1081 1148 1199 1209 1230 1253 1254 1343 1407 1440 1504 1565 1579 1613 1700 1785 1832 1879 1973 2047 2078 2110
65 113 174 240 285 377 430 473 550 617 657 726 778 797 877 931 1003 1077 1164 1224 1276 1345 1385 1404 1497 1547 1593 1660 1666 1708 1730 1769 1779 1801 1899 1922 1969 2019 2070
51 146 196 217 250 321 373 375 453 486 491 546 582 650 721 765 856 921 939 969 1018 1099 1194 1230 1270 1341 1380 1398 1492 1508 1583 1627 1713 1810 1879 1905 1933 2008
99 104 115 121 201 229 272 313 371 400 419 499 532 569 627 714 719 754 781 837 901 902 914 947 1042 1067 1108 1198 1278 1336 1360 1395 1408 1501 1517 1589 1621
9 67 76 166 248 263 336 401 436 497 499 513 579 615 638 720 785 787 880 888 963 1013 1052 1115 1169 1252 1284 1309 1364 1370 1447 1450 1476 1535 1553 1560
77 116 156 163 193 215 227 263 322 373 470 474 534 622 718 800 856 952 1019 1040 1127 1194 1253 1288 1350 1387 1410 1473 1521 1541 1565 1574 1639 1736 1770
67 125 126 139 196 224 229 288 345 413 507 561 624 643 655 715 789 850 885 901 917 990 1004 1071 1076 1155 1163 1255 1332 1421 1466 1534 1615 1708
52 62 101 172 246 295 390 401 439 523 587 681 754 815 885 901 942 956 968 996 1084 1118 1157 1209 1300 1300 1362 1437 1519 1537 1543 1585 1615
20 32 104 187 255 346 386 420 440 510 510 515 588 661 688 724 795 836 886 943 946 949 990 1023 1053 1138 1170 1226 1239 1257 1305 1391
64 139 141 148 225 268 312 405 405 444 480 556 613 688 689 758 775 865 918 987 1000 1051 1098 1191 1266 1305 1358 1420 1467 1484 1568
66 142 148 156 216 309 375 420 447 516 519 609 617 652 736 819 906 995 1015 1044 1057 1118 1182 1195 1227 1267 1359 1373 1414 1484
26 89 103 106 155 185 196 292 292 390 428 516 575 606 668 755 788 839 871 909 971 1028 1057 1066 1108 1117 1117 1155 1234
80 160 253 337 366 437 529 552 638 707 731 739 835 866 891 976 990 1042 1097 1173 1189 1231 1248 1269 1271 1274 1346 1352
46 95 183 194 289 305 391 453 513 588 597 614 698 795 868 938 1000 1006 1060 1085 1162 1197 1234 1325 1349 1404 1497
74 82 149 176 177 240 268 291 359 452 481 559 604 675 736 759 852 866 866 866 961 1019 1076 1137 1232 1276
18 110 185 240 243 288 352 361 362 374 465 506 587 671 677 764 813 872 914 923 983 996 1083 1131 1159
23 30 105 183 227 312 334 384 425 473 499 516 571 587 607 638 659 727 814 864 885 931 1008 1059
75 157 212 213 284 286 330 415 428 485 529 590 595 653 657 690 748 800 884 906 925 945 988
32 41 81 131 204 294 382 433 490 524 546 574 581 677 692 738 754 762 777 804 895 954
45 109 121 203 253 269 311 349 387 450 472 563 602 609 696 761 762 833 872 875 907
78 82 179 256 337 351 353 426 446 498 527 574 640 720 729 759 796 796 826 831
49 118 159 177 251 275 296 320 415 426 434 446 535 543 633 642 702 722 769
47 101 127 175 223 275 352 446 541 541 552 566 597 649 737 828 879 879
12 57 125 184 220 255 334 416 452 457 461 540 562 620 691 787 876
59 150 204 293 348 427 520 610 634 725 738 776 812 850 915 990
37 59 142 167 194 267 280 281 356 381 402 455 461 467 514
18 31 32 116 167 230 262 299 347 445 484 538 566 592
97 186 226 324 363 437 472 563 621 687 699 749 759
46 142 163 194 233 314 384 449 491 531 585 610
88 182 274 369 451 463 535 604 628 654 704
49 74 142 232 248 315 389 472 541 546
79 175 222 266 315 316 367 376 463
23 79 114 146 208 266 353 443
46 63 118 166 179 229 236
78 125 178 250 343 383
83 114 187 270 349
63 148 233 325
52 116 135
40 43
66
