64
83 83 107 118 192 256 294 366 444 494 550 587 660 736 785 861 889 892 943 1020 1093 1129 1131 1226 1278 1336 1417 1465 1563 1626 1685 1731 1797 1878 1910 1990 2006 2091 2153 2223 2314 2372 2377 2466 2481 2575 2613 2672 2672 2722 2782 2825 2857 2945 3029 3074 3083 3117 3127 3130 3130 3136 3201 3211
1 23 56 119 164 210 255 304 384 467 503 574 592 670 746 791 881 922 972 1014 1071 1105 1114 1140 1171 1230 1293 1346 1347 1432 1476 1571 1612 1636 1729 1759 1789 1816 1841 1916 1933 1937 2035 2057 2101 2122 2187 2201 2250 2250 2269 2326 2408 2458 2470 2560 2583 2668 2735 2832 2913 2957 3008
14 46 84 127 200 268 272 317 408 455 497 593 690 776 787 801 809 820 917 943 1031 1103 1115 1159 1226 1306 1315 1322 1381 1434 1449 1499 1544 1544 1602 1669 1675 1768 1819 1879 1890 1898 1965 2059 2142 2221 2251 2290 2338 2430 2485 2570 2631 2662 2754 2817 2874 2954 3026 3051 3128 3190
37 53 101 154 181 194 258 332 370 402 422 440 538 554 636 719 783 854 879 879 919 993 1017 1108 1167 1205 1234 1317 1385 1411 1429 1520 1555 1586 1633 1722 1757 1841 1846 1859 1893 1928 2001 2082 2179 2223 2241 2338 2429 2477 2480 2497 2560 2588 2632 2656 2737 2782 2811 2847 2879
74 142 198 239 324 366 453 473 523 530 576 579 629 632 717 794 816 855 911 1000 1014 1027 1043 1129 1171 1183 1214 1231 1303 1372 1439 1487 1574 1608 1615 1693 1776 1778 1788 1852 1884 1956 2002 2006 2074 2081 2085 2180 2230 2246 2272 2299 2326 2389 2443 2458 2528 2566 2621 2651
15 51 143 192 244 292 319 387 422 490 496 593 609 634 651 748 839 898 991 1046 1137 1175 1184 1263 1315 1348 1420 1424 1450 1508 1573 1646 1721 1812 1824 1835 1843 1906 1943 1971 2031 2089 2097 2194 2237 2247 2247 2283 2311 2316 2409 2417 2484 2503 2543 2552 2616 2686 2779
54 136 165 236 240 314 377 384 444 497 547 635 708 795 851 884 973 992 1083 1151 1226 1227 1287 1319 1371 1425 1516 1606 1686 1735 1833 1862 1873 1945 1971 1984 2053 2086 2141 2188 2256 2306 2313 2383 2401 2458 2477 2559 2602 2604 2664 2697 2758 2793 2806 2823 2857 2951
17 83 137 235 246 316 387 474 525 590 608 692 732 814 868 884 932 938 1006 1025 1102 1143 1219 1236 1263 1297 1336 1406 1429 1472 1517 1604 1672 1677 1765 1782 1854 1950 2024 2102 2127 2168 2260 2332 2397 2448 2529 2559 2577 2625 2656 2685 2718 2798 2852 2895 2919
53 106 160 184 274 298 387 437 517 554 571 593 661 672 728 818 902 938 986 1035 1108 1171 1202 1276 1366 1376 1430 1489 1543 1631 1652 1658 1754 1795 1839 1857 1878 1935 1954 2038 2040 2091 2109 2176 2211 2225 2314 2328 2402 2486 2560 2639 2693 2754 2768 2770
58 60 131 133 135 171 221 270 286 326 333 416 497 573 625 638 648 725 779 871 897 962 972 1052 1076 1149 1173 1195 1278 1356 1393 1399 1408 1413 1480 1558 1604 1609 1698 1748 1836 1918 1935 2000 2006 2067 2094 2099 2182 2244 2309 2357 2414 2508 2514
4 84 118 191 197 233 302 319 332 370 383 420 496 591 637 695 725 756 854 915 1000 1008 1048 1084 1130 1161 1207 1207 1267 1295 1372 1394 1402 1429 1523 1539 1579 1649 1683 1711 1782 1854 1868 1952 2010 2050 2107 2139 2170 2261 2278 2310 2343 2431
84 122 169 170 238 257 283 305 342 411 463 542 622 670 768 795 814 819 872 948 1044 1067 1123 1179 1265 1315 1332 1388 1446 1481 1555 1590 1604 1649 1687 1757 1820 1910 1924 1933 1974 1987 1994 2083 2097 2177 2212 2247 2265 2306 2355 2402 2446
78 154 161 187 195 266 305 349 430 471 486 582 614 689 744 809 901 966 1006 1012 1091 1162 1204 1218 1248 1315 1321 1391 1483 1559 1574 1612 1692 1785 1821 1837 1898 1904 2001 2094 2190 2234 2314 2361 2392 2425 2429 2431 2445 2537 2591 2687
55 117 174 270 293 383 417 481 551 621 666 722 796 853 926 966 991 1037 1052 1071 1082 1141 1213 1238 1273 1281 1379 1379 1428 1507 1581 1603 1686 1706 1793 1867 1965 2033 2034 2068 2113 2201 2241 2311 2321 2407 2439 2476 2550 2594 2607
33 98 137 149 187 283 303 359 440 447 528 531 570 638 647 671 728 731 768 838 899 951 962 993 1047 1096 1171 1181 1263 1306 1380 1428 1470 1482 1487 1493 1535 1563 1573 1603 1669 1670 1699 1731 1782 1857 1868 1955 2006 2094
7 99 172 252 293 383 459 520 607 697 703 728 759 770 822 832 885 930 967 1063 1105 1112 1183 1240 1262 1300 1311 1338 1370 1407 1466 1488 1544 1544 1589 1668 1669 1689 1690 1716 1775 1817 1897 1969 1999 2024 2090 2119 2168
7 80 114 212 217 229 238 267 343 356 361 362 423 505 582 621 632 632 691 729 786 875 908 1004 1017 1044 1140 1151 1200 1280 1328 1360 1408 1451 1483 1570 1649 1744 1745 1843 1938 1940 1990 2055 2144 2163 2201 2280
28 32 123 142 215 217 297 379 419 434 505 540 616 707 762 773 789 879 915 954 976 1007 1093 1137 1156 1228 1294 1295 1374 1435 1533 1607 1642 1715 1717 1750 1826 1919 1994 2059 2104 2161 2185 2269 2303 2396 2445
70 108 113 169 171 224 248 275 327 388 447 459 555 583 583 642 733 738 808 887 979 986 1003 1039 1109 1139 1155 1203 1266 1351 1423 1458 1518 1545 1565 1623 1671 1703 1775 1870 1953 1971 2020 2027 2096 2157
24 55 123 216 222 293 325 364 386 473 565 650 651 742 840 865 883 914 924 1005 1025 1097 1169 1220 1295 1367 1436 1507 1580 1611 1669 1714 1731 1769 1790 1829 1863 1946 1949 2032 2086 2154 2154 2237 2303
64 100 183 195 256 272 352 387 468 559 597 626 674 688 774 785 809 829 906 968 976 1005 1071 1131 1213 1297 1381 1438 1460 1489 1572 1586 1618 1666 1694 1727 1790 1837 1931 1970 2004 2047 2099 2123
25 114 126 213 295 332 421 457 538 588 672 703 796 872 890 962 965 1059 1084 1176 1202 1228 1284 1343 1421 1467 1538 1596 1628 1714 1804 1852 1860 1905 1987 2062 2126 2137 2185 2199 2208 2219 2303
47 50 148 246 281 356 433 469 469 501 583 584 648 711 736 781 842 884 887 968 1055 1073 1073 1091 1185 1270 1336 1389 1457 1505 1517 1562 1610 1662 1754 1826 1904 1917 1949 1977 2055 2149
55 88 106 185 256 293 358 445 542 632 657 741 784 803 813 837 887 929 998 1063 1086 1112 1138 1184 1209 1232 1268 1366 1452 1544 1561 1584 1584 1636 1725 1823 1863 1914 1948 1999 2093
17 57 101 139 214 250 263 295 378 461 501 588 662 682 729 809 872 904 929 966 978 1030 1109 1205 1302 1343 1350 1410 1483 1562 1639 1681 1771 1778 1821 1841 1897 1930 1979 1980
82 152 211 232 252 265 343 411 456 549 641 697 747 814 903 949 987 1022 1113 1147 1223 1281 1346 1355 1437 1437 1476 1569 1589 1595 1681 1749 1823 1914 1931 1941 2018 2053 2074
20 72 114 126 212 268 361 399 471 553 582 637 671 691 766 843 929 1020 1108 1203 1241 1246 1258 1297 1366 1401 1405 1425 1437 1484 1549 1563 1645 1650 1744 1750 1789 1847
10 78 97 165 243 251 254 296 377 412 499 555 594 682 685 722 770 847 908 978 1038 1120 1179 1190 1219 1280 1315 1370 1435 1436 1439 1517 1552 1632 1687 1758 1793
69 129 199 275 293 339 383 399 401 412 438 501 538 558 582 593 623 676 712 808 828 899 989 1057 1095 1130 1145 1189 1229 1296 1296 1344 1409 1499 1512 1516
65 85 148 226 257 312 375 427 435 480 549 552 645 713 789 877 888 897 930 942 1007 1072 1127 1182 1249 1316 1411 1473 1512 1570 1634 1691 1766 1854 1905
85 161 164 193 249 290 348 366 446 465 516 583 651 663 750 790 791 830 923 991 1022 1063 1150 1188 1208 1243 1334 1340 1413 1420 1470 1551 1639 1692
90 174 237 285 291 304 388 444 463 492 542 602 671 673 711 741 837 846 930 935 1017 1055 1115 1127 1223 1320 1361 1438 1466 1529 1570 1651 1675
77 87 185 233 269 321 390 451 519 610 663 699 742 766 776 794 810 884 940 967 1010 1030 1064 1114 1201 1291 1354 1421 1458 1547 1639 1729
36 110 133 209 306 325 352 395 469 470 519 613 638 693 762 835 848 853 907 928 959 992 1070 1167 1176 1178 1181 1214 1293 1374 1402
42 119 208 215 311 360 376 388 481 501 530 591 662 703 726 727 781 787 815 833 916 938 965 996 1056 1132 1135 1224 1237 1242
56 93 93 95 123 123 166 235 306 318 339 405 480 547 561 579 598 606 628 716 760 784 841 900 932 1016 1045 1136 1201
80 98 153 204 283 347 441 455 465 530 608 619 646 648 701 790 791 885 903 931 939 947 985 1082 1093 1098 1128 1197
45 111 149 159 245 323 336 340 364 368 388 404 408 449 473 530 595 681 690 753 809 815 855 893 916 932 945
84 158 170 223 282 306 315 401 404 488 537 626 672 720 778 814 864 870 934 1025 1053 1099 1193 1238 1275 1362
62 78 105 189 215 273 312 381 468 546 567 610 673 763 823 831 836 872 879 919 960 1036 1117 1122 1175
4 44 139 160 217 315 321 417 427 499 535 618 624 677 690 748 842 910 947 955 1042 1083 1130 1174
35 47 143 178 242 260 303 354 366 373 423 452 477 559 644 717 741 790 819 830 896 953 1031
79 103 115 161 255 256 310 365 449 451 535 558 558 564 581 606 624 629 665 722 778 793
69 126 195 284 314 338 338 380 414 414 434 454 513 534 579 615 667 710 776 867 912
36 95 185 267 282 321 328 363 433 443 518 604 615 702 780 860 952 965 977 985
72 148 220 237 258 313 397 436 519 575 661 671 730 746 839 904 941 960 1033
8 64 137 175 185 185 236 329 396 409 496 540 595 639 706 713 798 815
90 113 175 179 214 225 316 345 388 462 526 597 682 779 832 920 1016
24 85 116 121 192 246 319 351 440 536 567 596 678 742 828 917
11 27 120 134 150 152 238 319 395 416 477 565 570 639 689
6 36 46 120 138 221 317 391 417 502 600 605 629 720
50 69 131 221 264 269 286 380 427 515 563 590 618
8 10 64 116 150 243 291 360 418 497 536 588
23 43 94 171 264 298 360 392 405 495 588
33 74 170 237 268 361 392 432 456 525
17 59 147 190 223 269 272 343 346
76 148 182 220 310 403 493 556
57 59 131 161 192 210 283
26 119 176 251 340 350
95 163 210 306 375
89 148 227 247
61 79 150
10 47
77
