37
43 65 71 93 94 142 157 208 302 373 449 497 525 614 617 639 644 686 767 776 801 838 842 914 991 1023 1115 1130 1218 1232 1269 1293 1357 1453 1480 1498 1536
47 80 114 130 190 250 347 383 421 453 475 530 570 573 576 651 726 794 812 816 847 930 954 1026 1095 1132 1185 1204 1216 1225 1320 1357 1392 1444 1529 1538
97 117 168 200 217 310 381 418 444 469 565 588 621 659 718 729 810 838 880 896 975 1052 1090 1158 1218 1261 1316 1391 1447 1477 1488 1525 1586 1682 1742
38 72 103 114 207 244 257 324 332 397 416 468 469 525 615 667 717 740 743 770 814 835 903 958 1011 1091 1111 1133 1172 1187 1266 1302 1396 1432
85 178 223 316 394 449 540 605 618 685 733 739 821 913 943 953 1003 1078 1127 1183 1255 1266 1359 1376 1450 1489 1513 1517 1519 1567 1638 1641 1733
83 162 164 246 301 357 413 433 511 607 679 741 805 837 925 982 1034 1094 1109 1194 1195 1236 1245 1285 1381 1454 1513 1560 1586 1639 1683 1770
47 106 157 188 214 223 321 357 429 494 572 608 635 687 726 782 813 838 866 953 1014 1075 1107 1168 1201 1240 1336 1379 1436 1487 1500
5 71 92 107 183 263 338 423 478 523 565 594 649 746 761 836 913 1010 1073 1086 1093 1179 1221 1317 1398 1496 1543 1559 1624 1716
94 179 247 281 346 397 415 511 516 562 628 629 716 735 754 806 863 910 958 1004 1069 1137 1152 1186 1280 1331 1368 1421 1515
3 41 77 111 195 202 248 320 325 328 338 406 450 508 559 595 618 691 723 768 807 898 979 1075 1156 1188 1205 1253
72 138 202 253 275 305 360 408 464 506 520 611 611 637 649 706 780 793 816 907 911 922 953 1018 1087 1115 1130
90 110 136 144 202 277 375 387 443 473 529 607 638 726 817 869 912 962 988 1045 1133 1203 1214 1262 1292 1296
74 79 102 190 265 336 390 427 437 479 479 488 552 633 655 717 797 885 888 888 959 1050 1071 1121 1211
59 154 248 280 348 350 404 448 517 566 652 699 781 849 920 966 977 1046 1103 1192 1263 1298 1339 1352
34 37 82 176 240 329 411 467 555 594 645 694 730 756 825 883 883 977 1060 1117 1205 1286 1333
42 107 194 230 327 413 463 535 545 559 651 663 734 756 840 849 850 928 1026 1098 1132 1143
95 142 238 267 299 332 342 383 401 469 518 537 631 728 735 779 873 919 996 1091 1148
25 34 50 67 145 199 219 293 320 375 438 510 578 663 713 770 797 810 810 882
29 101 143 195 224 261 329 399 437 500 501 504 542 551 563 629 656 746 808
94 113 189 262 357 358 358 374 459 548 614 648 658 660 720 783 832 881
99 192 240 247 313 326 382 427 500 585 669 740 773 790 888 974 1035
31 101 197 256 296 354 434 505 528 598 646 652 724 811 824 827
63 136 231 263 335 403 476 572 591 686 698 746 796 855 857
69 101 179 271 305 397 431 521 541 596 659 670 721 741
99 110 166 196 255 287 336 417 426 506 581 587 683
39 92 185 250 319 371 457 528 534 570 575 670
50 58 85 156 178 264 276 309 374 439 496
96 126 184 184 258 319 319 366 422 440
10 42 69 101 167 179 251 294 322
67 114 132 154 202 250 341 387
18 79 115 145 163 203 287
44 92 168 214 271 327
13 21 47 63 140
65 126 158 233
92 112 140
17 108
51
