88
75 96 103 165 210 251 342 394 403 438 530 615 661 740 808 877 898 974 976 1033 1064 1088 1148 1245 1273 1276 1316 1347 1386 1437 1458 1536 1601 1698 1767 1837 1849 1875 1880 1939 1941 1982 1989 2057 2107 2131 2175 2196 2232 2243 2248 2343 2394 2412 2445 2500 2575 2607 2629 2723 2761 2845 2935 3001 3024 3074 3154 3159 3242 3295 3304 3329 3353 3410 3420 3447 3450 3546 3640 3688 3710 3753 3833 3862 3917 3970 4063 4084
92 182 205 290 310 396 403 458 521 525 562 616 678 769 852 940 972 1053 1136 1225 1312 1337 1362 1377 1434 1450 1520 1521 1605 1691 1735 1795 1839 1883 1904 1942 1996 2021 2064 2151 2175 2197 2226 2245 2271 2358 2412 2457 2466 2512 2519 2617 2678 2694 2776 2824 2863 2871 2889 2956 3006 3066 3101 3107 3132 3223 3315 3410 3491 3539 3567 3640 3704 3801 3846 3855 3874 3951 4043 4097 4151 4168 4221 4222 4273 4335 4400
34 123 156 212 304 337 339 398 438 488 555 569 584 599 690 717 790 858 921 991 1034 1095 1173 1193 1226 1322 1416 1512 1569 1625 1666 1685 1696 1748 1783 1805 1853 1941 1961 2022 2035 2087 2126 2180 2236 2276 2352 2413 2426 2462 2542 2630 2678 2723 2817 2819 2875 2955 2972 2978 3012 3059 3072 3101 3189 3278 3376 3419 3438 3483 3494 3525 3553 3643 3653 3731 3824 3839 3844 3935 4009 4105 4154 4232 4295 4324
11 60 121 195 246 291 300 367 393 430 457 546 584 634 730 828 881 885 936 980 995 1050 1059 1125 1190 1220 1222 1316 1319 1335 1369 1421 1423 1448 1488 1557 1559 1637 1706 1739 1747 1774 1823 1883 1887 1953 2034 2056 2068 2133 2140 2154 2182 2225 2318 2414 2443 2476 2572 2573 2582 2655 2672 2689 2710 2746 2796 2872 2881 2947 2957 2986 3060 3088 3125 3156 3236 3250 3335 3391 3425 3469 3548 3572 3625
2 51 130 185 193 211 217 284 304 381 385 396 429 432 462 505 570 607 622 648 667 697 750 836 845 873 888 941 959 972 989 1018 1101 1184 1241 1323 1327 1415 1437 1452 1476 1568 1630 1724 1744 1816 1903 1916 1942 2008 2028 2072 2097 2127 2131 2206 2275 2316 2399 2484 2495 2503 2566 2599 2641 2659 2706 2745 2764 2852 2937 2961 3010 3054 3068 3151 3194 3284 3309 3368 3369 3389 3438 3535
20 115 190 225 230 291 314 347 440 468 517 589 615 696 735 768 768 825 876 973 1027 1053 1106 1174 1271 1321 1364 1422 1459 1492 1567 1604 1621 1668 1755 1843 1868 1905 1965 2047 2132 2226 2311 2401 2482 2493 2584 2642 2680 2772 2772 2846 2942 2985 3030 3059 3082 3083 3145 3166 3244 3291 3335 3335 3420 3482 3560 3649 3685 3713 3810 3812 3861 3949 3954 4019 4069 4124 4161 4256 4328 4381 4411
31 63 69 97 123 132 185 213 304 369 387 460 467 505 584 595 627 667 667 676 722 818 867 930 937 1009 1080 1160 1167 1255 1313 1377 1447 1458 1495 1506 1514 1603 1681 1684 1732 1768 1771 1825 1889 1922 2017 2083 2122 2159 2189 2229 2283 2370 2446 2480 2543 2624 2649 2745 2783 2803 2883 2932 2971 3051 3118 3192 3198 3245 3250 3326 3331 3357 3431 3479 3539 3615 3681 3732 3803 3826
4 11 61 88 119 137 152 166 258 291 315 360 420 468 482 569 608 681 714 726 747 802 813 877 892 980 1049 1071 1081 1173 1194 1284 1300 1300 1341 1406 1434 1467 1543 1641 1699 1710 1788 1879 1971 2021 2025 2095 2096 2128 2219 2276 2351 2424 2471 2552 2564 2645 2696 2763 2763 2802 2820 2850 2922 3000 3019 3022 3070 3093 3189 3249 3267 3287 3290 3321 3352 3417 3472 3542 3554
47 110 116 192 273 303 306 371 375 421 483 554 615 641 671 757 834 893 980 1007 1057 1118 1144 1217 1240 1321 1406 1496 1521 1569 1591 1632 1718 1737 1766 1854 1909 1920 1968 2051 2057 2140 2140 2159 2211 2250 2322 2404 2405 2429 2438 2499 2499 2585 2599 2640 2698 2783 2803 2848 2930 3026 3083 3149 3242 3252 3294 3335 3425 3499 3538 3623 3629 3702 3720 3815 3841 3931 3970 4061
25 82 92 99 180 206 249 290 320 387 438 467 480 529 536 612 689 763 770 785 791 833 923 1020 1020 1032 1039 1054 1074 1120 1128 1185 1282 1371 1445 1524 1547 1611 1638 1643 1661 1725 1762 1794 1809 1898 1991 2057 2083 2118 2153 2212 2254 2319 2335 2391 2443 2522 2522 2570 2660 2666 2717 2747 2788 2822 2859 2911 2986 3013 3089 3165 3239 3239 3327 3336 3343 3376 3419
46 139 233 315 392 452 486 510 519 617 657 734 761 782 786 829 900 946 1034 1111 1172 1184 1249 1250 1255 1276 1356 1412 1481 1511 1544 1619 1643 1652 1698 1753 1783 1830 1902 1923 1933 1982 2027 2095 2138 2148 2157 2207 2259 2336 2373 2397 2494 2522 2594 2598 2648 2699 2796 2840 2924 2970 3045 3050 3081 3152 3216 3217 3261 3266 3302 3313 3337 3420 3445 3492 3539 3621
26 64 115 185 231 281 296 337 408 495 577 610 636 638 723 766 847 895 896 950 957 976 977 1039 1054 1148 1173 1227 1227 1263 1310 1394 1484 1553 1611 1645 1710 1786 1813 1902 1922 1972 2051 2056 2083 2104 2163 2188 2193 2206 2281 2281 2300 2353 2393 2464 2503 2570 2667 2752 2821 2824 2839 2923 2998 2999 3069 3116 3147 3219 3221 3254 3268 3357 3389 3464 3508
47 104 126 161 168 177 202 229 322 387 390 455 481 515 588 610 674 750 821 908 998 1094 1156 1221 1271 1344 1399 1477 1572 1608 1637 1643 1707 1792 1874 1968 2004 2068 2085 2129 2210 2246 2294 2383 2442 2479 2564 2591 2671 2691 2747 2814 2904 2958 2961 3032 3105 3134 3193 3270 3328 3425 3443 3468 3482 3496 3577 3622 3623 3635 3669 3735 3833 3905 3929 3971
56 75 139 180 243 336 408 497 546 615 678 716 766 788 860 865 930 964 1032 1033 1107 1174 1184 1258 1354 1388 1399 1475 1554 1607 1675 1758 1856 1954 1972 1975 2043 2047 2122 2187 2201 2277 2289 2327 2363 2421 2464 2555 2652 2724 2802 2814 2893 2925 3011 3024 3046 3066 3113 3151 3153 3172 3211 3226 3298 3306 3338 3376 3473 3491 3533 3570 3599 3623 3708
31 63 69 110 115 152 197 214 242 244 299 348 367 433 504 523 523 612 676 693 758 810 897 959 1012 1013 1070 1140 1223 1254 1318 1415 1469 1556 1651 1708 1751 1809 1809 1836 1932 1998 2039 2095 2184 2202 2299 2372 2372 2391 2440 2446 2451 2466 2551 2587 2628 2703 2714 2797 2814 2874 2935 2966 3004 3004 3016 3021 3059 3096 3182 3203 3258 3301
54 145 198 262 279 309 363 369 459 489 521 555 616 668 748 813 834 856 940 989 1078 1118 1211 1222 1225 1247 1308 1351 1423 1505 1527 1577 1594 1650 1726 1811 1867 1945 2009 2027 2089 2124 2205 2281 2362 2443 2474 2534 2623 2674 2742 2771 2803 2853 2867 2876 2948 3012 3025 3069 3097 3169 3169 3219 3234 3311 3367 3429 3484 3566 3587 3656 3659
91 115 123 147 215 255 353 436 492 575 603 682 743 822 856 942 955 985 990 1025 1041 1119 1173 1262 1263 1288 1356 1414 1488 1579 1598 1604 1690 1755 1846 1921 1947 1983 2047 2068 2116 2196 2264 2298 2342 2395 2461 2532 2598 2681 2765 2851 2867 2895 2914 2957 3054 3106 3186 3210 3273 3309 3383 3407 3443 3484 3572 3604 3647 3683 3769 3854
54 97 170 177 216 300 339 349 398 479 522 604 649 657 707 743 801 839 903 919 944 1037 1125 1197 1267 1293 1347 1347 1423 1460 1506 1525 1553 1644 1704 1723 1785 1790 1816 1859 1866 1928 1964 1996 2043 2100 2100 2190 2285 2305 2394 2404 2416 2504 2566 2591 2639 2665 2707 2800 2857 2880 2946 2966 3009 3088 3134 3231 3329 3362 3416
78 85 183 196 251 289 292 357 441 484 549 568 659 703 733 776 788 835 918 921 957 1045 1107 1127 1176 1270 1362 1402 1487 1493 1561 1654 1727 1762 1765 1789 1871 1881 1935 2027 2085 2144 2226 2239 2291 2306 2318 2344 2371 2437 2512 2594 2655 2699 2705 2730 2755 2757 2810 2863 2890 2905 3002 3063 3114 3119 3134 3149 3199 3217
7 79 91 114 123 151 247 338 350 402 423 449 459 484 499 569 660 706 733 736 756 846 929 954 1043 1066 1159 1206 1220 1247 1254 1350 1386 1430 1433 1466 1485 1504 1541 1553 1645 1654 1657 1727 1759 1832 1877 1961 2000 2096 2187 2246 2327 2381 2401 2414 2414 2505 2544 2562 2574 2575 2583 2633 2642 2737 2784 2797 2817
37 131 214 214 247 291 357 379 442 458 535 589 625 642 696 759 803 817 838 906 928 1017 1108 1162 1234 1256 1311 1381 1437 1462 1469 1523 1553 1554 1643 1708 1713 1786 1786 1879 1909 2007 2018 2044 2114 2174 2268 2294 2351 2400 2468 2485 2508 2511 2578 2599 2673 2697 2754 2807 2815 2884 2964 3062 3103 3200 3282 3287
54 133 212 304 310 381 399 428 481 517 521 584 669 693 736 788 832 926 992 1021 1057 1154 1230 1302 1378 1454 1476 1540 1555 1588 1675 1692 1746 1758 1796 1800 1818 1846 1851 1874 1955 1977 2012 2014 2034 2076 2084 2152 2238 2285 2313 2341 2427 2467 2473 2504 2539 2543 2583 2681 2768 2835 2836 2921 2952 3026 3051
43 135 198 246 294 300 349 405 410 457 474 568 609 704 798 814 814 861 914 921 932 936 999 1067 1145 1241 1310 1402 1483 1534 1570 1588 1646 1697 1785 1883 1916 1934 1949 2009 2079 2130 2201 2208 2238 2301 2336 2355 2418 2457 2508 2525 2608 2657 2687 2746 2765 2838 2855 2857 2914 2947 2972 2984 3022 3036
22 96 184 242 314 377 408 421 460 484 563 593 616 657 727 808 865 905 908 994 1030 1118 1188 1234 1331 1374 1422 1461 1483 1510 1511 1605 1693 1765 1776 1790 1823 1824 1873 1883 1946 2037 2060 2143 2217 2231 2240 2326 2328 2386 2392 2468 2543 2596 2610 2651 2659 2757 2832 2910 2986 2989 2991 2999 3026
56 135 155 224 254 282 298 391 422 491 546 610 698 699 764 791 812 827 853 951 1024 1090 1172 1226 1253 1301 1310 1400 1400 1429 1491 1573 1632 1693 1749 1763 1795 1795 1799 1890 1925 1947 1974 1999 2035 2035 2064 2146 2197 2233 2322 2340 2430 2512 2601 2654 2709 2764 2798 2825 2829 2834 2899 2910
96 100 153 210 220 255 295 323 391 450 475 525 578 674 751 781 825 887 956 960 1026 1070 1148 1177 1260 1330 1335 1347 1367 1452 1471 1547 1589 1628 1712 1761 1846 1883 1974 2055 2121 2169 2193 2286 2343 2360 2378 2417 2481 2549 2562 2647 2731 2806 2868 2883 2966 3021 3039 3063 3139 3203 3228
55 108 194 264 264 270 313 331 374 409 452 496 563 649 667 712 800 852 867 883 937 991 1020 1073 1129 1227 1277 1295 1303 1327 1394 1473 1501 1553 1601 1682 1760 1798 1822 1902 1911 1969 2047 2101 2143 2144 2236 2293 2358 2375 2420 2440 2497 2500 2596 2654 2659 2705 2790 2887 2950 2982
54 131 219 254 265 298 312 383 470 504 591 674 747 815 865 948 1018 1063 1131 1172 1259 1273 1277 1358 1456 1535 1559 1572 1644 1737 1788 1884 1902 1910 1951 2019 2062 2148 2241 2260 2334 2365 2461 2498 2531 2580 2658 2695 2706 2803 2807 2885 2940 2975 3034 3095 3189 3209 3295 3353 3362
92 182 212 301 363 458 554 557 607 672 685 744 765 828 842 888 892 972 1063 1075 1078 1166 1220 1268 1332 1385 1423 1500 1577 1648 1661 1734 1757 1820 1891 1925 1946 2018 2045 2074 2157 2192 2199 2252 2302 2323 2401 2487 2574 2637 2728 2732 2775 2823 2890 2935 2967 3038 3065 3139
46 116 196 230 297 302 381 427 495 500 545 589 676 743 823 921 982 999 1072 1082 1087 1182 1190 1241 1338 1355 1441 1455 1470 1528 1594 1638 1655 1738 1774 1813 1862 1877 1912 1971 2051 2080 2087 2146 2158 2248 2279 2353 2448 2455 2464 2524 2525 2529 2563 2615 2659 2700 2754
5 40 60 75 158 239 260 288 311 353 403 443 484 519 616 656 721 774 862 942 1033 1123 1175 1242 1306 1381 1457 1539 1584 1640 1714 1796 1847 1911 1930 1985 2008 2029 2029 2101 2106 2171 2199 2221 2311 2315 2381 2423 2463 2518 2522 2591 2689 2767 2793 2796 2827 2896
60 148 239 242 320 377 451 470 552 643 669 690 738 800 885 969 993 1017 1060 1113 1119 1203 1247 1256 1297 1361 1439 1529 1544 1587 1643 1717 1776 1787 1788 1842 1869 1905 1981 2044 2134 2182 2272 2330 2336 2395 2450 2464 2539 2555 2625 2677 2767 2779 2803 2855 2917
53 97 152 160 246 265 289 330 357 361 434 436 483 531 539 628 700 752 764 781 878 962 974 1049 1137 1212 1274 1284 1322 1332 1399 1491 1529 1577 1672 1681 1685 1769 1773 1802 1841 1916 1937 2031 2122 2180 2189 2265 2300 2375 2426 2464 2548 2577 2663 2740
54 150 193 251 301 317 404 414 469 541 575 600 635 733 776 783 854 875 931 937 979 1046 1119 1135 1161 1224 1272 1309 1405 1434 1524 1621 1666 1673 1724 1765 1772 1815 1904 1961 2015 2054 2141 2220 2317 2412 2432 2450 2518 2596 2628 2674 2716 2729 2780
28 87 139 209 295 380 389 416 423 442 455 496 569 607 679 679 713 723 821 894 896 970 1062 1120 1184 1279 1304 1308 1342 1354 1378 1420 1511 1578 1589 1668 1740 1812 1891 1933 1972 2025 2081 2142 2222 2269 2341 2429 2430 2447 2487 2490 2520 2546
91 119 130 173 239 255 353 388 396 485 531 540 586 622 708 760 792 821 905 952 966 1026 1119 1127 1222 1296 1372 1465 1550 1632 1646 1725 1800 1849 1924 1945 1994 2011 2089 2163 2222 2308 2401 2462 2558 2655 2689 2777 2823 2853 2948 2971 3066
81 139 204 281 304 343 422 513 534 543 582 598 682 724 785 832 880 901 963 1021 1093 1180 1207 1243 1263 1290 1310 1393 1427 1509 1533 1579 1643 1668 1707 1747 1795 1822 1858 1905 1925 2010 2087 2155 2201 2248 2267 2343 2393 2476 2478 2545
32 82 109 181 232 317 374 465 540 555 570 615 663 720 740 828 835 872 918 997 1074 1091 1130 1200 1293 1387 1458 1537 1594 1627 1696 1730 1827 1881 1885 1932 1973 2016 2095 2096 2131 2153 2235 2240 2308 2332 2398 2409 2416 2444 2459
48 140 231 273 319 350 391 406 444 448 492 504 593 643 681 708 745 780 819 860 886 929 1021 1059 1132 1187 1193 1208 1291 1292 1304 1373 1418 1475 1478 1553 1555 1565 1571 1640 1708 1728 1731 1780 1829 1846 1944 2026 2081 2153
25 92 160 235 311 321 354 392 486 557 620 708 774 833 834 894 951 952 983 1014 1078 1156 1175 1207 1210 1283 1299 1367 1455 1535 1580 1675 1731 1786 1796 1850 1927 1979 1980 2021 2109 2120 2213 2229 2256 2311 2386 2476 2542
50 60 99 155 160 232 295 343 389 461 488 511 564 651 686 692 764 785 832 896 936 963 1050 1145 1229 1231 1308 1393 1441 1510 1541 1597 1624 1721 1750 1826 1860 1910 1945 1997 2003 2092 2151 2227 2279 2375 2402 2452
62 115 188 251 319 417 512 546 558 655 670 767 821 833 896 954 964 1005 1043 1124 1196 1197 1261 1299 1356 1377 1454 1535 1590 1610 1610 1686 1718 1763 1856 1915 1972 2005 2085 2117 2204 2283 2296 2370 2379 2447 2510
16 63 131 185 271 323 337 402 439 518 522 568 598 657 699 777 859 931 950 969 1067 1112 1198 1255 1279 1355 1380 1387 1476 1548 1589 1596 1673 1732 1826 1837 1904 1926 1935 1985 2076 2100 2161 2229 2304 2386
80 166 239 275 353 361 445 542 587 621 679 693 694 773 847 869 931 995 1003 1041 1057 1143 1198 1255 1298 1324 1375 1389 1487 1490 1518 1584 1667 1710 1775 1826 1840 1900 1980 2074 2108 2124 2213 2223 2279
56 75 138 141 147 221 268 286 298 343 394 401 498 574 617 627 675 734 808 849 914 998 1017 1021 1052 1061 1106 1114 1123 1205 1249 1271 1285 1360 1377 1442 1536 1594 1618 1683 1740 1829 1849 1871
69 106 183 250 303 401 491 564 631 693 705 708 723 776 851 912 925 937 1007 1026 1098 1149 1178 1264 1356 1404 1478 1488 1535 1537 1543 1593 1628 1640 1696 1730 1745 1780 1804 1838 1896 1940 2012
59 116 171 207 224 247 306 318 365 368 386 455 494 554 597 676 763 809 859 924 1006 1100 1188 1277 1329 1402 1421 1421 1432 1479 1563 1581 1675 1725 1741 1837 1875 1911 1933 1997 2090 2108
3 28 58 110 159 250 268 339 408 490 537 576 641 700 751 769 825 894 925 962 1005 1039 1066 1096 1191 1245 1264 1304 1401 1496 1525 1608 1699 1709 1806 1828 1913 1946 1953 2037 2083
63 69 126 176 196 239 324 341 349 398 427 521 601 651 733 748 769 855 880 880 927 937 942 977 1032 1054 1072 1148 1148 1190 1281 1313 1345 1399 1435 1492 1588 1615 1673 1700
8 68 89 106 195 242 282 334 369 375 450 500 530 603 644 682 699 707 793 853 912 1008 1058 1094 1131 1156 1214 1227 1314 1398 1462 1533 1614 1703 1712 1716 1780 1861 1942
47 101 175 245 322 349 395 488 556 627 629 700 781 830 860 922 948 996 1077 1081 1135 1197 1278 1360 1457 1529 1626 1709 1763 1842 1845 1877 1971 2033 2058 2148 2172 2267
36 49 97 116 196 209 303 384 464 540 569 628 652 701 724 786 852 886 896 934 1016 1048 1124 1205 1252 1315 1371 1431 1454 1467 1503 1564 1597 1693 1757 1836 1893
48 110 150 227 314 347 428 512 581 656 657 735 825 897 957 1028 1069 1159 1249 1279 1375 1421 1493 1563 1568 1643 1669 1687 1772 1833 1927 2008 2017 2076 2154 2185
41 125 177 211 244 318 380 413 480 490 532 561 654 677 772 830 928 969 1015 1019 1057 1064 1120 1170 1243 1283 1314 1344 1372 1441 1465 1501 1525 1614 1642
73 83 173 179 214 245 250 260 316 384 397 458 475 554 631 681 770 850 860 860 936 1032 1099 1173 1195 1229 1311 1384 1455 1529 1542 1630 1668 1731
9 67 141 231 329 340 422 464 472 492 568 570 620 694 727 817 887 955 982 1020 1082 1114 1121 1170 1173 1173 1175 1250 1329 1364 1367 1420 1437
24 45 50 145 159 236 322 383 462 557 629 641 672 746 777 861 912 928 959 966 1000 1069 1164 1203 1246 1320 1379 1450 1541 1610 1648 1667
70 102 177 234 244 286 357 398 416 429 471 548 601 685 742 800 806 849 900 944 978 1006 1098 1110 1129 1153 1153 1187 1189 1269 1343
25 69 120 177 178 191 204 267 288 372 426 442 462 560 631 654 659 721 810 835 907 912 947 1000 1051 1064 1130 1153 1222 1254
11 24 74 138 140 188 197 253 313 340 425 427 455 493 563 606 683 761 811 835 862 885 937 979 1058 1148 1243 1325 1326
1 42 114 180 184 212 229 322 412 434 532 621 644 674 736 763 768 791 879 954 1024 1051 1115 1119 1185 1188 1252 1335
15 110 169 185 233 300 333 425 514 609 672 693 772 807 824 863 869 924 958 989 1045 1072 1127 1206 1249 1327 1357
59 76 78 88 92 121 128 170 250 282 314 360 426 442 443 477 540 594 605 617 698 731 806 859 861 942
93 178 211 248 305 342 353 443 530 570 599 636 732 738 787 849 922 989 989 1008 1008 1041 1124 1220 1282
6 34 88 98 127 211 226 317 364 379 470 495 574 640 685 742 782 868 907 949 1043 1104 1105 1197
73 112 150 209 248 277 320 390 433 451 468 561 605 617 656 707 732 770 809 860 876 892 977
69 82 117 148 177 206 245 293 341 399 463 468 523 619 651 724 794 883 913 980 1044 1093
98 179 240 270 320 333 352 433 465 530 566 653 721 726 779 873 963 1024 1082 1127 1218
49 120 147 155 166 222 256 329 375 447 520 564 583 654 745 780 820 835 915 989
87 123 134 149 202 219 273 281 317 415 491 559 656 661 683 740 772 855 941
96 186 265 274 307 381 466 530 538 585 626 718 801 893 895 950 988 1048
39 79 146 166 175 190 271 345 402 444 509 563 631 708 783 822 873
29 64 80 153 174 194 250 255 319 408 487 517 530 564 577 614
59 89 94 179 224 269 269 312 339 341 388 471 531 558 580
68 137 139 199 257 316 373 457 481 499 501 588 659 756
35 123 171 254 294 325 408 484 500 592 676 756 777
25 86 99 196 263 278 325 394 465 493 589 627
50 77 124 141 145 186 232 238 306 319 384
28 113 132 169 247 312 325 407 466 509
96 125 198 202 292 336 397 456 483
75 92 156 205 221 236 297 306
18 64 88 170 194 201 203
65 143 196 225 295 378
40 56 95 126 196
54 55 73 155
79 138 193
85 121
38
