88
19 37 118 140 141 162 213 258 338 397 412 489 505 553 555 615 652 723 792 824 871 905 949 997 1035 1048 1095 1113 1187 1269 1286 1300 1361 1395 1416 1453 1473 1543 1626 1717 1770 1847 1880 1959 2026 2095 2160 2189 2236 2249 2316 2407 2484 2486 2546 2570 2637 2656 2679 2749 2842 2880 2938 3025 3051 3053 3114 3117 3143 3180 3219 3277 3283 3324 3378 3417 3446 3451 3503 3537 3569 3652 3661 3671 3735 3751 3847 3913
23 94 180 247 302 355 435 502 544 552 560 638 657 750 815 886 916 971 1012 1061 1063 1094 1098 1123 1140 1221 1307 1392 1473 1503 1565 1588 1629 1661 1697 1788 1867 1898 1932 2003 2038 2091 2129 2137 2182 2258 2292 2386 2396 2430 2457 2543 2571 2655 2739 2822 2850 2857 2919 2924 2971 3032 3121 3190 3249 3316 3356 3368 3407 3450 3545 3592 3617 3662 3663 3678 3776 3856 3894 3920 3950 3951 3967 3978 3983 4047 4126
31 115 190 263 300 329 410 440 464 474 530 569 650 698 709 767 849 882 884 901 917 937 994 1085 1181 1253 1342 1426 1492 1559 1584 1681 1697 1701 1710 1735 1769 1811 1836 1896 1929 1949 2034 2080 2118 2187 2211 2254 2350 2424 2475 2555 2557 2652 2674 2704 2774 2788 2828 2908 2992 2999 3081 3147 3175 3177 3216 3312 3349 3394 3478 3557 3637 3654 3707 3751 3754 3768 3792 3882 3925 3986 4015 4070 4126 4186
45 59 109 138 145 171 249 302 312 350 438 524 532 573 637 685 696 700 781 806 870 960 1040 1079 1097 1158 1170 1175 1257 1336 1378 1473 1531 1552 1621 1711 1759 1772 1817 1904 1945 2030 2082 2152 2218 2296 2322 2326 2342 2417 2508 2569 2604 2619 2682 2729 2796 2837 2861 2870 2936 2997 3006 3035 3088 3143 3239 3303 3339 3343 3412 3451 3521 3525 3533 3587 3660 3665 3678 3693 3762 3821 3913 3958 4048
16 42 132 228 263 300 379 425 505 594 629 709 749 784 800 849 886 903 982 1033 1044 1126 1168 1168 1254 1255 1284 1288 1325 1334 1421 1485 1547 1574 1639 1725 1795 1838 1854 1948 2037 2041 2078 2127 2146 2169 2177 2253 2271 2309 2340 2433 2476 2510 2542 2565 2626 2673 2714 2719 2737 2829 2830 2832 2836 2846 2863 2944 3040 3109 3124 3220 3234 3285 3288 3316 3379 3411 3411 3429 3458 3528 3589 3659
64 118 138 171 211 309 402 426 455 491 582 636 689 692 728 808 894 967 1038 1083 1131 1151 1197 1243 1304 1372 1419 1497 1517 1550 1634 1648 1701 1773 1871 1898 1902 1984 2060 2130 2152 2211 2274 2358 2455 2473 2533 2577 2610 2661 2736 2777 2838 2917 2948 3039 3062 3136 3137 3215 3230 3261 3324 3336 3353 3401 3457 3468 3476 3490 3513 3522 3588 3609 3628 3694 3791 3842 3917 4011 4063 4095 4111
99 193 279 346 358 440 463 475 517 525 577 582 595 675 755 835 837 914 1001 1020 1087 1147 1162 1216 1293 1376 1461 1476 1484 1563 1642 1717 1753 1810 1890 1901 1914 2008 2034 2061 2068 2137 2207 2272 2301 2394 2394 2447 2473 2484 2571 2662 2695 2713 2781 2845 2858 2917 3001 3055 3080 3155 3245 3282 3367 3401 3484 3547 3607 3644 3670 3758 3775 3810 3855 3902 3930 3954 4022 4077 4094 4170
79 97 148 224 264 306 374 374 472 494 536 556 654 732 819 899 905 980 1060 1069 1070 1107 1134 1152 1167 1167 1203 1268 1355 1416 1437 1454 1466 1488 1514 1611 1638 1715 1771 1823 1885 1972 1991 2008 2078 2153 2242 2266 2307 2352 2409 2439 2501 2509 2511 2511 2518 2536 2576 2606 2697 2745 2835 2880 2902 2975 2998 3059 3117 3168 3260 3294 3387 3460 3529 3618 3622 3624 3673 3737 3800
15 51 95 155 194 209 246 280 324 411 465 512 596 686 732 761 850 915 987 987 1037 1045 1083 1178 1224 1296 1382 1420 1443 1481 1552 1589 1662 1681 1696 1771 1827 1875 1930 2019 2088 2173 2268 2326 2365 2457 2534 2571 2603 2639 2695 2743 2794 2832 2858 2914 2929 2991 3065 3106 3113 3143 3232 3238 3298 3367 3396 3419 3509 3602 3654 3706 3736 3833 3867 3927 4002 4081 4148 4180
18 96 155 192 223 254 286 331 375 409 452 470 486 499 533 535 595 605 699 751 815 869 869 957 966 1014 1083 1109 1163 1203 1221 1308 1404 1496 1547 1582 1643 1686 1748 1768 1807 1847 1855 1860 1870 1954 2043 2081 2085 2107 2149 2197 2199 2238 2277 2321 2359 2381 2407 2467 2502 2579 2580 2641 2719 2761 2784 2826 2841 2880 2974 2996 3047 3144 3242 3318 3363 3411 3428
15 83 129 152 183 200 271 354 407 499 560 608 611 681 683 744 836 849 897 984 1078 1132 1225 1306 1379 1463 1540 1614 1654 1730 1749 1794 1808 1886 1968 1980 2033 2062 2139 2160 2192 2290 2361 2365 2394 2409 2441 2456 2465 2562 2649 2729 2792 2839 2930 2971 3056 3141 3154 3167 3203 3255 3276 3353 3358 3365 3456 3460 3463 3511 3608 3618 3700 3725 3736 3815 3860 3875
97 148 167 247 249 307 361 412 440 509 560 609 703 715 756 776 866 955 994 1066 1158 1176 1176 1259 1340 1417 1505 1595 1598 1685 1782 1799 1835 1865 1883 1934 2024 2122 2127 2151 2155 2189 2237 2252 2326 2419 2484 2508 2574 2598 2651 2690 2753 2843 2847 2887 2970 2997 3020 3080 3109 3170 3232 3296 3390 3471 3554 3603 3613 3616 3705 3726 3759 3827 3866 3938 4000
3 58 64 67 69 136 157 200 286 289 310 385 416 454 499 528 581 632 726 756 770 848 908 986 1077 1094 1186 1222 1307 1377 1432 1461 1465 1551 1553 1614 1627 1714 1790 1817 1904 1929 1954 1984 2020 2094 2098 2099 2139 2150 2196 2207 2305 2356 2374 2448 2460 2488 2573 2619 2682 2754 2802 2806 2889 2964 3011 3025 3041 3045 3057 3129 3129 3155 3205 3240
59 113 155 161 182 204 255 267 353 387 388 419 447 447 494 496 555 616 692 767 817 885 959 999 1047 1135 1215 1311 1360 1363 1452 1538 1626 1709 1722 1783 1798 1896 1934 1950 2045 2088 2123 2169 2198 2243 2261 2315 2409 2446 2464 2553 2590 2638 2649 2679 2693 2694 2774 2847 2932 3015 3046 3131 3216 3273 3286 3331 3394 3485 3521 3543 3561 3638 3732
75 98 105 140 202 269 352 447 503 597 627 708 789 878 963 1023 1061 1138 1166 1230 1280 1363 1412 1501 1594 1624 1706 1773 1803 1819 1842 1843 1874 1918 1985 2019 2113 2161 2230 2307 2350 2350 2417 2427 2432 2459 2524 2539 2623 2643 2680 2751 2754 2840 2864 2900 2904 2907 2999 3052 3106 3133 3182 3200 3288 3331 3370 3420 3451 3526 3574 3653 3725 3772
45 59 77 121 178 258 325 352 392 426 500 572 593 685 717 803 874 885 903 959 968 1030 1110 1208 1278 1288 1344 1406 1461 1528 1561 1617 1696 1705 1752 1787 1838 1887 1984 2019 2022 2052 2061 2150 2224 2269 2361 2374 2383 2437 2491 2573 2615 2708 2806 2811 2857 2898 2966 3059 3072 3120 3188 3256 3284 3294 3324 3390 3423 3476 3526 3527 3554
33 90 146 241 267 327 358 380 474 476 534 602 623 719 801 883 947 1021 1048 1077 1157 1240 1282 1360 1385 1397 1470 1533 1605 1658 1666 1710 1723 1803 1870 1955 1971 2040 2055 2125 2167 2179 2185 2280 2376 2460 2533 2564 2566 2654 2742 2834 2901 2943 3008 3062 3121 3170 3235 3327 3363 3364 3418 3445 3486 3535 3620 3643 3686 3699 3758 3801
98 145 163 180 203 238 276 353 420 456 533 610 670 736 778 789 808 814 836 891 910 950 1016 1092 1172 1214 1260 1336 1417 1462 1544 1607 1673 1747 1810 1817 1867 1942 2007 2052 2130 2183 2252 2297 2352 2390 2391 2431 2434 2489 2584 2651 2695 2779 2868 2898 2993 3041 3100 3198 3249 3324 3345 3436 3482 3557 3636 3660 3730 3826 3883
85 127 208 213 249 347 349 440 509 517 599 613 644 722 723 813 872 913 981 984 1008 1030 1107 1143 1162 1194 1229 1305 1318 1345 1391 1437 1525 1591 1666 1667 1748 1827 1882 1966 2024 2053 2133 2200 2234 2271 2289 2349 2422 2498 2505 2535 2607 2613 2693 2705 2779 2796 2848 2885 2888 2899 2933 3013 3091 3148 3242 3287 3377 3416
62 136 138 193 245 273 320 403 427 436 447 501 584 646 695 761 836 887 906 995 1030 1044 1052 1106 1132 1165 1178 1192 1208 1304 1366 1425 1466 1541 1569 1647 1654 1689 1713 1740 1806 1876 1924 1945 1968 2065 2108 2120 2132 2211 2260 2297 2297 2331 2355 2397 2448 2546 2630 2664 2679 2766 2843 2917 2986 3012 3014 3092 3158
99 106 129 181 181 274 299 362 363 390 486 486 532 627 669 738 832 866 871 964 1056 1077 1091 1177 1197 1198 1259 1347 1430 1450 1489 1552 1557 1574 1649 1694 1768 1858 1867 1914 1927 1984 2007 2013 2036 2060 2143 2225 2291 2294 2310 2310 2363 2444 2489 2519 2588 2670 2716 2810 2840 2855 2894 2928 2936 2999 3032 3104
93 113 128 159 202 280 322 380 477 511 552 633 721 803 804 879 920 983 998 1050 1133 1188 1191 1237 1306 1359 1411 1442 1477 1518 1611 1630 1706 1797 1873 1952 2027 2042 2088 2133 2219 2276 2361 2383 2460 2466 2495 2580 2616 2710 2720 2794 2873 2912 2961 3021 3046 3082 3134 3146 3233 3256 3257 3285 3351 3407 3437
65 129 207 289 300 326 390 478 542 558 652 670 721 765 806 816 840 889 926 978 990 1033 1131 1138 1180 1213 1288 1331 1335 1363 1453 1459 1527 1563 1626 1663 1726 1797 1853 1872 1956 2018 2070 2101 2159 2246 2247 2345 2383 2438 2473 2498 2535 2627 2638 2721 2724 2741 2781 2841 2849 2896 2909 2940 3025 3116
51 100 166 169 239 278 341 385 450 529 577 594 600 648 711 742 749 776 807 870 945 988 1066 1119 1169 1206 1270 1304 1378 1409 1424 1521 1523 1523 1568 1591 1669 1679 1770 1833 1840 1861 1884 1884 1908 1941 1998 2082 2089 2155 2203 2271 2304 2350 2415 2445 2464 2465 2519 2536 2594 2619 2688 2786 2851
22 105 158 242 333 403 495 529 589 633 660 718 741 825 917 992 1087 1087 1128 1182 1231 1300 1306 1351 1385 1402 1451 1533 1566 1634 1642 1718 1807 1832 1871 1901 1937 1946 2023 2110 2158 2189 2201 2245 2329 2349 2356 2394 2410 2472 2510 2559 2566 2571 2580 2593 2651 2706 2709 2712 2782 2825 2838 2887
31 104 151 239 337 365 397 489 572 637 727 778 859 906 953 956 1031 1097 1133 1189 1257 1353 1397 1487 1534 1562 1636 1641 1689 1719 1787 1873 1886 1973 2040 2110 2136 2192 2240 2300 2312 2398 2416 2500 2573 2634 2643 2708 2774 2779 2814 2867 2946 3023 3108 3137 3156 3209 3292 3304 3379 3457 3464
75 130 222 231 248 312 344 426 510 535 626 699 783 803 869 925 928 961 988 1046 1096 1181 1271 1348 1412 1451 1462 1528 1606 1664 1711 1741 1822 1846 1913 1918 1925 1980 1983 2050 2094 2154 2196 2253 2277 2348 2419 2447 2522 2583 2628 2675 2766 2794 2881 2921 2940 2959 2996 3083 3180 3278
3 13 76 105 157 166 216 254 278 288 289 295 347 438 449 530 532 566 597 685 713 781 838 881 914 976 1073 1092 1123 1152 1246 1343 1364 1457 1515 1543 1589 1687 1782 1833 1898 1981 1985 2078 2078 2099 2186 2283 2370 2425 2428 2522 2527 2535 2594 2660 2754 2759 2848 2893 2941
95 122 172 261 357 446 474 484 555 579 604 604 641 724 727 749 761 792 857 924 968 971 979 1045 1120 1166 1196 1250 1254 1322 1372 1378 1391 1480 1528 1529 1538 1603 1683 1744 1791 1838 1928 1943 2031 2088 2148 2162 2213 2264 2290 2384 2410 2443 2448 2505 2507 2508 2569 2572
64 156 189 266 299 310 395 458 548 625 710 786 854 871 946 948 979 1004 1043 1074 1123 1218 1234 1260 1357 1434 1444 1530 1570 1607 1693 1731 1791 1797 1839 1937 1961 2015 2061 2148 2224 2226 2313 2407 2505 2522 2525 2592 2619 2692 2750 2837 2876 2919 2993 3024 3053 3057 3146
24 87 97 124 191 237 272 343 407 487 502 517 517 587 685 765 776 799 862 954 978 991 1059 1145 1201 1273 1280 1311 1399 1459 1523 1584 1673 1743 1746 1748 1760 1799 1890 1949 1975 1991 2016 2087 2117 2165 2180 2183 2263 2311 2324 2387 2479 2572 2637 2675 2746 2772
38 53 137 141 238 326 399 478 513 540 636 670 740 834 932 999 1051 1146 1169 1228 1305 1348 1368 1374 1422 1450 1458 1507 1510 1582 1607 1702 1718 1770 1788 1832 1858 1938 1957 1987 2046 2062 2119 2214 2268 2280 2334 2426 2520 2580 2609 2632 2635 2668 2672 2717 2808
99 109 141 144 241 311 313 374 441 533 569 622 716 746 829 897 974 1017 1077 1082 1172 1195 1266 1353 1390 1398 1431 1518 1572 1637 1677 1678 1761 1810 1873 1945 2013 2030 2115 2140 2219 2245 2256 2327 2363 2435 2459 2539 2557 2565 2603 2674 2734 2830 2836 2934
94 126 178 192 225 323 409 471 557 643 681 684 770 806 815 907 913 954 1020 1074 1126 1192 1251 1307 1347 1364 1371 1460 1555 1581 1602 1635 1732 1812 1830 1881 1925 1981 1981 1986 1996 2086 2108 2177 2178 2237 2294 2377 2434 2509 2583 2645 2689 2785 2802
85 132 175 197 272 290 310 371 398 406 447 484 531 539 588 608 691 745 786 840 871 876 949 987 1042 1088 1157 1237 1276 1329 1331 1376 1468 1501 1572 1578 1609 1704 1753 1848 1902 1986 1999 2089 2129 2222 2272 2278 2371 2385 2411 2455 2488 2530
30 108 202 283 360 458 468 541 627 643 684 778 871 925 969 1014 1054 1066 1085 1169 1175 1203 1253 1267 1356 1397 1457 1536 1579 1654 1659 1659 1693 1724 1751 1815 1878 1896 1986 2026 2037 2061 2086 2105 2118 2155 2238 2265 2346 2369 2433 2490 2523
75 155 186 244 274 322 364 364 366 425 441 496 562 572 668 764 860 935 977 1068 1150 1222 1319 1360 1453 1460 1512 1533 1594 1657 1713 1738 1762 1783 1836 1840 1840 1892 1980 1991 2038 2129 2199 2219 2297 2331 2409 2469 2535 2580 2587 2598
32 78 92 190 225 277 354 418 501 528 553 568 613 657 694 731 827 830 831 834 845 931 1027 1043 1127 1155 1157 1202 1233 1301 1317 1324 1350 1396 1444 1460 1504 1548 1552 1630 1694 1791 1799 1847 1923 1932 2017 2044 2135 2200 2259
14 76 85 152 238 260 312 372 420 483 573 667 743 793 797 877 911 990 1079 1160 1248 1252 1308 1351 1432 1462 1517 1561 1561 1637 1677 1718 1799 1841 1850 1858 1896 1947 1951 1991 2073 2087 2136 2152 2231 2237 2321 2406 2407 2472
84 93 171 195 208 279 356 443 454 466 508 573 632 651 717 783 805 893 928 980 991 1021 1085 1183 1243 1340 1370 1389 1478 1513 1588 1592 1595 1624 1718 1783 1799 1822 1831 1835 1920 1951 1953 2047 2138 2201 2230 2246 2313
27 28 59 95 105 128 138 167 174 181 213 268 366 391 453 460 490 527 619 665 697 757 764 839 929 1012 1031 1070 1113 1154 1206 1255 1338 1356 1367 1448 1507 1602 1611 1652 1709 1751 1770 1821 1863 1890 1977 2021
53 124 217 238 261 283 374 433 460 513 533 573 595 681 683 738 810 840 880 957 1011 1040 1071 1139 1148 1181 1247 1327 1354 1423 1515 1559 1638 1656 1731 1817 1839 1935 1969 1971 1997 2032 2129 2193 2253 2309 2374
59 109 148 236 328 396 475 557 625 692 726 813 895 910 958 1022 1042 1083 1143 1213 1246 1295 1390 1461 1510 1525 1539 1616 1635 1652 1703 1719 1732 1754 1760 1807 1837 1907 1920 1961 2040 2126 2183 2200 2230 2291
68 130 201 218 256 283 358 383 421 440 476 549 581 583 625 672 751 751 814 853 904 932 954 983 987 1044 1072 1141 1218 1228 1258 1278 1320 1336 1418 1448 1501 1522 1589 1651 1705 1769 1848 1871 1964
39 49 52 115 146 180 278 333 399 441 446 482 534 556 617 643 687 711 752 849 879 900 955 1018 1067 1164 1238 1320 1385 1464 1501 1559 1636 1667 1699 1729 1729 1763 1811 1867 1885 1979 2040 2044
23 78 136 230 249 337 408 474 549 587 595 682 709 797 865 937 987 1009 1041 1091 1118 1164 1244 1262 1327 1385 1462 1518 1581 1600 1653 1665 1695 1702 1702 1737 1795 1827 1881 1972 1972 2043 2098
8 103 197 250 331 353 431 504 552 572 608 698 772 831 917 943 953 955 1042 1078 1147 1161 1198 1273 1330 1332 1333 1365 1392 1413 1453 1461 1517 1533 1542 1571 1646 1698 1699 1771 1864 1877
12 14 73 160 240 321 357 413 422 482 483 567 661 680 711 729 803 845 876 906 957 985 1020 1091 1146 1241 1274 1362 1393 1481 1565 1645 1662 1712 1746 1770 1857 1931 1944 2014 2039
75 111 132 140 153 239 331 395 414 491 578 672 692 790 856 949 998 1037 1084 1173 1198 1279 1299 1334 1403 1482 1500 1540 1624 1699 1710 1725 1748 1765 1844 1938 2024 2037 2072 2094
94 141 169 212 249 312 342 359 442 529 547 632 667 671 724 805 893 969 1056 1110 1149 1167 1231 1317 1364 1456 1538 1592 1608 1663 1738 1762 1857 1885 1941 1995 2074 2080 2088
56 145 230 290 301 319 345 367 370 405 427 452 483 494 591 633 720 807 830 859 929 950 973 1041 1133 1182 1203 1253 1325 1417 1475 1548 1618 1671 1717 1725 1766 1786
88 176 260 293 312 404 458 479 508 582 678 754 830 916 928 1001 1084 1171 1246 1322 1355 1414 1439 1510 1527 1546 1604 1662 1754 1820 1857 1892 1976 2016 2062 2064 2145
30 124 158 242 259 288 337 366 462 494 584 645 674 732 829 910 913 934 990 1025 1083 1136 1222 1279 1290 1335 1335 1407 1489 1526 1586 1618 1655 1659 1726 1824
44 76 108 179 248 313 345 389 400 461 488 584 660 719 753 777 804 822 835 917 1008 1101 1104 1169 1214 1261 1282 1283 1380 1401 1480 1542 1593 1682 1735
1 93 131 142 215 289 328 407 421 464 484 522 579 664 718 733 754 782 878 955 995 1076 1172 1268 1300 1361 1430 1509 1538 1598 1617 1651 1671 1693
53 135 192 274 353 414 491 533 598 649 715 728 823 885 917 929 982 986 1015 1078 1118 1212 1286 1338 1393 1414 1424 1437 1508 1605 1651 1734 1736
52 109 127 132 215 260 339 383 385 427 437 449 473 559 567 610 619 645 730 797 817 906 969 1038 1043 1117 1186 1220 1275 1280 1358 1415
69 165 251 324 369 449 485 577 641 675 678 684 749 813 865 902 969 1054 1118 1123 1197 1242 1303 1391 1471 1525 1541 1568 1594 1624 1704
82 112 170 187 262 311 369 435 463 521 575 611 627 674 729 782 865 866 882 921 932 990 1012 1096 1165 1208 1246 1304 1308 1324
67 98 115 196 279 338 377 467 528 620 670 725 794 872 886 915 970 1058 1079 1153 1244 1314 1391 1456 1463 1506 1567 1601 1674
28 83 117 182 228 318 332 405 487 509 576 659 671 718 787 797 814 820 886 961 973 1039 1045 1087 1129 1161 1249 1347
22 110 153 223 294 298 383 473 489 504 569 657 739 759 824 851 941 1030 1093 1154 1220 1253 1266 1296 1342 1368 1422
59 115 152 168 171 240 306 312 407 470 479 549 562 657 744 765 813 886 949 1024 1028 1099 1132 1177 1251 1307
70 87 134 221 308 339 427 468 557 593 630 646 737 741 817 914 975 1061 1076 1096 1185 1198 1231 1325 1339
83 116 180 197 270 321 366 392 417 478 480 506 595 638 681 701 731 758 815 861 928 1026 1116 1204
30 116 206 291 310 390 393 462 527 574 627 692 741 802 809 855 935 956 985 1082 1114 1204 1237
92 171 178 241 337 410 419 498 551 640 666 749 774 839 929 1008 1072 1078 1163 1256 1341 1365
29 73 81 106 183 262 307 315 373 376 381 441 463 540 632 677 688 713 760 816 862
45 88 114 132 159 222 299 396 410 482 574 612 686 711 803 898 935 1029 1043 1075
67 162 208 234 245 314 366 435 444 448 463 526 619 676 695 775 845 911 962
41 54 56 154 188 230 273 292 342 398 454 544 603 661 689 697 778 826
48 62 72 104 189 236 243 262 333 344 400 457 468 565 649 709 743
36 56 67 111 144 167 229 254 284 330 368 376 389 452 501 530
91 104 128 218 251 264 351 423 436 513 568 633 715 720 721
19 56 113 181 224 290 295 351 433 500 557 640 710 735
52 92 95 189 213 243 296 345 373 403 435 522 563
55 89 158 246 295 376 464 535 556 648 687 687
7 96 183 201 296 382 389 425 448 489 572
43 62 102 169 180 234 240 281 283 349
57 74 106 198 238 261 302 303 377
76 93 148 244 264 276 374 437
15 36 106 106 169 198 279
54 111 136 174 208 236
71 98 102 182 224
89 180 196 204
58 67 160
78 96
37
