50
81 162 175 253 304 342 406 457 526 529 538 550 611 650 723 814 851 895 914 992 1076 1138 1205 1218 1228 1254 1340 1359 1446 1467 1525 1532 1625 1683 1766 1789 1874 1898 1965 2055 2074 2097 2142 2166 2213 2267 2338 2381 2392 2447
46 132 172 215 311 350 353 354 354 431 438 462 506 563 646 719 737 764 850 928 983 1081 1171 1263 1345 1422 1493 1567 1585 1649 1673 1677 1751 1771 1869 1943 1946 1989 2012 2109 2140 2156 2239 2293 2333 2410 2459 2473 2510
6 88 178 219 233 272 293 362 369 375 422 464 513 581 581 640 648 704 747 750 805 872 875 881 911 921 933 963 963 1033 1043 1063 1156 1194 1238 1281 1332 1337 1402 1413 1479 1540 1560 1637 1701 1715 1811 1818
95 136 168 191 259 275 318 329 364 377 468 472 498 510 553 558 611 663 682 776 867 880 907 981 1013 1096 1130 1199 1251 1271 1272 1357 1410 1431 1452 1548 1603 1642 1738 1831 1900 1953 2036 2096 2127 2151 2186
90 154 208 303 337 428 496 554 636 642 690 723 797 817 845 901 923 997 1091 1177 1247 1304 1387 1472 1529 1621 1647 1724 1735 1798 1838 1899 1931 1961 1974 2024 2035 2113 2179 2232 2255 2261 2328 2379 2435 2487
64 127 133 204 298 300 395 480 565 644 711 797 859 917 989 1030 1110 1149 1199 1272 1300 1351 1434 1485 1568 1625 1664 1739 1830 1852 1938 1942 1982 2043 2124 2205 2294 2333 2371 2398 2462 2559 2605 2659 2684
11 85 140 186 223 240 283 318 389 409 491 572 633 667 746 746 823 873 874 923 966 1022 1081 1163 1228 1298 1336 1361 1364 1442 1465 1478 1487 1540 1608 1634 1701 1772 1779 1784 1858 1956 1969 1975
3 73 78 87 133 170 213 285 328 422 508 519 562 634 683 736 741 747 784 844 877 932 945 1036 1124 1131 1186 1226 1251 1255 1314 1402 1464 1535 1593 1660 1710 1760 1760 1833 1878 1900 1964
45 81 117 176 198 261 292 360 394 449 487 584 680 690 766 864 943 1024 1057 1065 1105 1180 1197 1267 1328 1342 1343 1356 1357 1436 1456 1471 1560 1560 1623 1665 1754 1835 1851 1859 1894 1939
68 68 151 234 329 403 499 499 590 607 670 688 738 832 842 895 903 1000 1086 1110 1144 1228 1314 1405 1469 1511 1605 1617 1695 1760 1760 1827 1845 1914 1990 2001 2038 2073 2171 2205 2299
19 60 76 146 150 215 298 300 339 385 388 453 490 500 562 619 694 760 810 811 891 989 1078 1150 1179 1265 1305 1337 1396 1422 1456 1522 1535 1575 1615 1651 1744 1760 1776 1799
97 180 265 343 407 474 535 607 638 651 696 718 724 761 829 855 927 932 996 1069 1118 1173 1221 1262 1337 1349 1358 1426 1507 1589 1651 1669 1766 1849 1941 2033 2110 2113 2146
48 116 142 229 270 293 346 408 490 553 562 587 599 623 720 740 799 851 945 1034 1079 1087 1111 1136 1181 1226 1241 1327 1416 1422 1515 1536 1565 1586 1674 1689 1705 1735
23 50 103 145 208 219 277 304 399 488 563 624 632 723 727 759 787 796 866 879 914 992 1001 1007 1058 1120 1194 1285 1346 1360 1423 1473 1524 1536 1596 1613 1626
58 140 164 196 291 340 432 489 566 608 649 672 685 757 803 882 912 963 1017 1040 1136 1188 1243 1334 1352 1414 1443 1525 1589 1623 1691 1780 1824 1837 1840 1856
72 127 136 169 220 236 272 337 370 406 467 540 583 658 705 794 848 884 945 958 964 1012 1042 1133 1165 1183 1234 1244 1247 1287 1359 1457 1507 1576 1618
10 75 117 164 216 279 336 385 408 479 577 583 647 713 724 753 792 796 810 853 945 998 1057 1146 1215 1223 1234 1296 1355 1413 1498 1595 1638 1661
96 119 128 219 258 327 349 364 461 533 630 690 762 811 883 969 988 1065 1093 1161 1179 1259 1316 1396 1427 1454 1472 1495 1495 1550 1627 1694 1705
32 32 40 137 192 238 255 268 278 351 409 434 520 617 690 765 830 910 922 983 1076 1115 1208 1278 1318 1340 1406 1429 1490 1531 1623 1706
68 89 184 239 250 306 380 419 424 434 515 594 669 752 783 841 900 961 979 1049 1117 1186 1246 1299 1397 1456 1462 1534 1574 1618 1660
66 111 117 150 194 208 303 326 357 420 479 527 587 609 691 764 862 899 920 935 967 985 1068 1111 1177 1199 1247 1305 1378 1459
83 83 152 153 171 171 179 192 288 339 345 361 369 440 440 447 483 545 635 727 769 796 837 864 869 924 976 1024 1068
37 103 156 192 194 262 354 412 482 578 605 675 767 805 819 898 961 999 1079 1143 1147 1233 1280 1322 1401 1408 1459 1497
54 72 113 148 198 292 381 451 480 574 576 637 652 723 772 790 816 875 904 930 961 988 1052 1125 1179 1275 1317
72 162 204 223 298 335 361 445 488 495 510 511 546 555 592 621 716 719 723 767 787 868 932 990 1030 1111
26 80 136 150 241 279 297 373 445 476 565 626 723 806 831 838 928 996 1057 1074 1122 1220 1286 1384 1456
48 90 120 127 144 189 203 207 224 311 343 344 368 370 423 455 513 554 576 595 662 736 789 885
43 112 186 223 279 288 353 420 486 525 620 717 760 761 790 830 919 947 949 966 969 1045 1075
68 114 186 250 279 364 380 422 440 487 546 596 668 737 832 891 976 1057 1102 1145 1153 1153
99 120 144 227 248 315 399 404 438 452 480 488 501 580 609 617 626 693 738 819 838
60 142 171 205 244 280 325 403 492 562 630 697 781 833 913 1008 1026 1042 1122 1217
10 87 120 194 198 278 307 356 376 459 470 488 552 608 653 717 773 807 884
48 143 215 268 336 342 374 408 471 557 632 633 653 669 757 838 890 914
5 69 135 223 264 339 351 426 465 516 578 638 647 725 762 831 897
82 180 253 333 403 429 488 578 640 738 772 813 894 923 994 1071
52 76 133 174 263 304 351 390 393 428 524 617 630 653 719
61 159 247 316 338 425 484 547 596 674 734 791 818 858
69 94 133 182 200 207 221 255 284 367 390 466 497
12 49 68 129 218 240 316 319 392 484 538 573
77 172 261 325 401 447 477 500 512 599 637
83 99 197 262 347 382 397 467 491 531
91 101 195 282 361 368 409 473 509
15 16 37 72 126 133 214 221
98 122 123 204 224 308 370
47 59 60 157 157 165
30 53 73 140 190
57 76 80 116
14 21 98
92 160
33
