64
34 84 174 206 243 271 288 371 451 495 502 568 569 628 634 640 687 772 837 886 924 956 1035 1116 1213 1273 1309 1399 1437 1495 1550 1557 1586 1651 1661 1749 1791 1874 1956 2018 2021 2087 2176 2187 2214 2249 2262 2272 2358 2381 2430 2432 2513 2608 2664 2682 2740 2771 2852 2880 2939 2967 3000 3029
23 38 76 138 176 205 300 358 447 492 556 561 606 623 678 715 780 788 886 930 1015 1089 1177 1268 1284 1284 1367 1418 1469 1475 1509 1560 1576 1643 1694 1709 1729 1778 1845 1858 1953 2034 2035 2046 2088 2104 2185 2203 2276 2324 2383 2399 2406 2480 2515 2608 2669 2726 2763 2815 2829 2896 2900
7 89 164 229 292 301 368 377 448 502 564 579 629 659 731 768 858 926 964 988 1006 1032 1065 1118 1149 1211 1294 1379 1459 1525 1547 1634 1672 1743 1817 1862 1950 1991 2032 2055 2149 2214 2269 2342 2345 2386 2453 2518 2519 2603 2659 2689 2696 2738 2763 2859 2871 2928 2968 2982 3031 3086
15 41 139 235 320 325 351 428 488 503 550 552 569 656 665 695 704 708 715 740 808 872 872 950 1008 1025 1087 1141 1214 1273 1299 1343 1367 1423 1471 1523 1537 1541 1615 1619 1668 1750 1758 1768 1854 1869 1939 2011 2057 2147 2221 2288 2306 2365 2439 2516 2591 2654 2664 2699 2714
4 44 65 130 143 203 300 349 395 485 510 579 602 662 669 755 817 860 926 985 1043 1124 1180 1220 1314 1381 1389 1441 1518 1616 1667 1747 1819 1900 1993 2077 2106 2119 2185 2251 2338 2427 2492 2506 2535 2537 2618 2641 2721 2767 2800 2862 2897 2907 2920 2968 3065 3138 3192 3193
5 81 113 181 226 226 321 385 416 513 578 602 628 676 753 763 854 891 986 1075 1144 1203 1216 1222 1272 1328 1357 1402 1442 1490 1519 1585 1664 1666 1735 1799 1842 1939 2015 2038 2084 2097 2168 2230 2240 2338 2367 2388 2484 2562 2643 2706 2780 2798 2867 2938 2965 2989 3056
15 58 64 126 156 197 242 278 314 349 394 406 416 510 577 611 622 652 689 704 748 776 826 870 874 963 981 1071 1151 1235 1261 1325 1350 1422 1442 1452 1455 1476 1560 1629 1667 1705 1774 1774 1783 1880 1958 2030 2110 2139 2157 2205 2217 2284 2368 2428 2483 2535
18 99 181 222 308 333 366 410 435 480 516 562 569 654 659 674 726 784 826 894 969 1050 1116 1210 1262 1328 1415 1506 1531 1608 1657 1709 1737 1810 1876 1888 1923 1953 2027 2044 2056 2121 2133 2176 2186 2252 2310 2386 2428 2455 2518 2540 2633 2660 2709 2768 2779
28 101 176 199 216 312 332 361 377 430 437 452 482 553 554 587 678 725 763 860 928 936 1013 1055 1122 1181 1248 1326 1369 1462 1467 1496 1506 1509 1600 1637 1707 1707 1745 1795 1876 1973 2007 2081 2129 2161 2210 2211 2275 2369 2416 2504 2525 2565 2590 2604
65 120 130 216 257 307 367 461 478 523 529 569 572 610 643 728 795 883 981 1057 1134 1181 1243 1327 1372 1411 1500 1506 1530 1562 1629 1712 1736 1742 1795 1876 1876 1925 1926 1986 2059 2064 2148 2159 2209 2288 2366 2455 2544 2597 2602 2691 2776 2867 2956
16 36 40 116 199 248 290 292 324 398 403 403 441 514 525 571 605 630 648 737 776 796 871 965 1039 1126 1175 1222 1315 1325 1351 1378 1459 1554 1593 1613 1680 1719 1733 1806 1808 1873 1950 1994 2035 2118 2154 2219 2304 2343 2399 2478 2499 2590
62 113 123 143 212 236 310 371 466 481 513 513 552 579 587 598 673 747 839 906 990 1072 1153 1182 1194 1269 1313 1316 1343 1354 1420 1437 1494 1556 1584 1654 1696 1723 1755 1778 1805 1848 1924 2008 2032 2033 2101 2153 2191 2233 2298 2372 2390
5 68 143 151 189 285 316 388 423 515 535 603 691 708 751 778 823 894 941 975 1023 1103 1124 1176 1220 1242 1264 1265 1326 1367 1369 1379 1476 1572 1637 1718 1779 1870 1926 1990 1993 2019 2114 2196 2236 2266 2331 2354 2419 2430 2490 2505
13 85 88 106 161 210 262 304 368 466 552 576 623 626 634 704 707 741 772 788 848 849 860 934 1004 1077 1160 1220 1290 1364 1424 1474 1537 1575 1623 1669 1695 1735 1779 1807 1837 1913 2001 2057 2091 2106 2194 2195 2261 2351 2386
69 118 182 187 285 369 385 454 457 497 594 611 619 698 722 814 912 962 1056 1130 1140 1223 1294 1380 1419 1457 1525 1587 1666 1666 1751 1818 1819 1830 1899 1989 1990 2017 2101 2115 2164 2216 2242 2313 2349 2433 2466 2563 2634 2651
25 114 134 232 274 359 400 432 448 505 603 603 610 656 682 765 847 895 901 999 1066 1096 1132 1211 1225 1262 1334 1381 1411 1454 1546 1555 1599 1609 1686 1778 1784 1794 1854 1944 1958 2029 2066 2077 2171 2188 2279 2279 2352
34 58 97 109 164 192 283 305 403 437 523 564 599 627 639 724 748 833 866 904 910 943 1023 1055 1131 1185 1209 1264 1307 1385 1474 1503 1576 1626 1666 1688 1733 1764 1822 1847 1862 1887 1951 1999 2096 2171 2173 2256
96 127 161 235 275 305 375 422 438 536 611 661 672 674 755 793 859 923 959 1022 1101 1180 1223 1227 1240 1275 1366 1460 1538 1606 1664 1750 1809 1895 1948 1958 1965 2020 2040 2085 2089 2186 2236 2239 2267 2280 2280
7 89 119 132 194 254 300 306 357 450 484 511 590 637 711 761 811 831 838 838 935 950 996 1087 1110 1138 1205 1284 1377 1404 1498 1564 1603 1667 1762 1859 1860 1871 1907 1913 1979 2011 2093 2169 2236 2329
95 145 185 242 275 300 353 354 430 470 555 601 609 650 714 770 838 935 996 1022 1116 1187 1209 1285 1373 1469 1530 1599 1616 1703 1779 1811 1877 1902 1934 1955 2044 2077 2125 2143 2195 2215 2262 2351 2352
61 75 167 252 263 263 315 357 413 443 465 545 578 631 657 723 786 874 970 1027 1063 1073 1105 1190 1259 1275 1320 1336 1416 1449 1510 1525 1532 1536 1567 1602 1620 1714 1718 1759 1782 1868 1906 1923
62 134 220 259 303 345 388 463 509 575 660 675 703 750 832 875 944 1019 1052 1054 1056 1108 1195 1232 1257 1352 1360 1436 1526 1538 1572 1617 1645 1701 1714 1743 1768 1805 1857 1915 1926 1931 1978
56 107 200 252 297 327 346 400 497 507 545 550 600 641 698 764 783 805 893 936 974 1048 1101 1139 1156 1201 1231 1255 1334 1418 1458 1511 1579 1605 1671 1766 1831 1835 1851 1890 1914 1958
99 141 204 272 322 376 399 429 484 503 515 556 576 640 704 791 831 910 958 978 1068 1083 1086 1174 1208 1287 1370 1398 1425 1506 1591 1652 1684 1766 1770 1774 1822 1838 1864 1937 1950
40 50 113 137 205 224 312 354 416 422 484 573 585 673 693 720 811 825 863 886 927 999 1069 1164 1196 1224 1270 1310 1377 1430 1487 1507 1508 1521 1596 1635 1732 1746 1771 1845
43 71 130 207 305 345 394 427 467 469 535 619 671 729 753 756 774 807 895 914 916 926 959 1053 1077 1115 1122 1174 1246 1308 1333 1365 1368 1397 1446 1450 1548 1605 1658
3 57 89 128 131 151 153 173 203 291 337 357 446 521 611 613 627 678 712 795 851 935 1002 1063 1133 1190 1240 1314 1342 1353 1379 1432 1470 1560 1579 1660 1735 1757
47 54 68 83 112 139 204 228 298 304 320 366 448 478 534 628 641 694 697 732 808 875 895 898 911 930 941 963 979 998 1010 1018 1036 1113 1158 1247 1326
96 167 218 227 269 365 458 463 530 594 635 703 772 777 866 883 945 1000 1017 1088 1153 1199 1243 1250 1316 1346 1443 1470 1543 1623 1649 1679 1684 1725 1759 1813
48 61 62 112 124 129 159 247 269 276 374 397 483 507 569 609 667 695 771 783 825 882 966 1038 1118 1149 1211 1255 1288 1302 1323 1355 1365 1443 1541
10 88 96 135 145 219 224 283 360 428 450 477 516 521 524 581 665 724 752 787 819 853 922 978 1002 1056 1099 1131 1190 1252 1321 1358 1456 1534
18 39 95 126 173 261 358 387 441 506 580 644 717 770 784 810 901 986 1057 1072 1099 1185 1188 1228 1318 1378 1410 1495 1514 1604 1681 1701 1781
98 131 180 228 255 289 377 415 421 458 497 502 546 568 616 618 662 702 752 846 904 954 1013 1037 1106 1141 1148 1167 1219 1255 1261 1321
65 97 125 202 244 317 380 478 525 528 608 627 664 730 761 786 875 945 962 986 1079 1149 1224 1249 1344 1378 1378 1402 1442 1538 1580
26 111 139 157 222 236 274 342 410 475 503 588 686 747 786 861 894 972 1052 1087 1110 1146 1244 1295 1376 1422 1501 1586 1632 1725
20 44 98 99 182 195 195 248 329 342 434 434 493 494 580 644 709 784 795 826 898 972 1034 1091 1101 1148 1240 1241 1249
32 87 159 255 304 339 361 401 457 489 573 664 668 692 762 784 798 880 899 905 934 985 1031 1063 1112 1181 1225 1232
18 84 97 137 190 274 331 387 396 462 491 519 554 621 681 774 820 845 906 937 1002 1050 1070 1126 1149 1205 1294
32 55 88 98 131 145 164 168 248 261 283 339 398 489 544 620 678 764 839 893 937 978 1045 1077 1157 1196
4 83 127 175 213 217 243 246 344 429 493 580 657 727 743 759 778 871 875 960 977 1066 1097 1189 1272
60 97 183 215 231 284 352 378 415 449 537 555 652 705 754 829 858 866 949 1027 1105 1127 1148 1231
18 37 110 186 253 280 362 437 526 526 602 613 629 643 674 729 779 801 825 850 907 946 1006
29 43 52 98 164 232 288 317 401 497 567 601 673 752 765 800 800 886 976 980 983 988
12 66 154 156 199 234 235 273 365 453 533 575 620 636 731 781 839 928 975 1001 1058
46 91 157 194 263 323 331 338 393 410 442 523 530 616 708 768 864 955 1021 1025
32 52 85 115 143 173 182 238 335 397 414 428 508 560 602 639 700 721 757
79 96 168 184 225 237 298 346 424 503 563 605 658 687 776 806 817 835
45 141 201 298 372 379 387 397 452 543 574 596 603 676 744 816 912
46 141 176 267 283 314 367 438 473 571 647 739 835 902 917 938
42 109 185 274 324 365 367 393 465 487 506 604 652 729 729
30 115 145 232 247 310 396 481 485 575 663 671 763 784
18 65 116 157 210 284 356 385 436 456 503 515 515
63 105 110 147 223 239 307 323 354 376 456 506
37 80 102 154 163 174 184 193 233 270 336
86 157 207 251 262 287 298 311 345 356
38 52 66 139 151 154 165 237 306
80 141 207 293 310 315 325 353
93 122 137 227 286 296 298
4 22 45 120 137 184
85 150 196 261 272
61 143 208 262
65 135 230
91 124
41
