60
39 132 153 241 315 325 342 384 402 490 561 590 609 686 698 735 780 796 835 889 916 1003 1024 1087 1184 1278 1289 1373 1388 1451 1507 1534 1562 1616 1641 1654 1719 1783 1795 1818 1827 1834 1899 1935 1977 2026 2103 2113 2127 2127 2217 2285 2321 2345 2420 2485 2516 2582 2677 2727
57 142 196 240 265 319 335 372 424 468 472 477 506 554 622 699 775 816 835 870 940 1011 1039 1120 1202 1244 1334 1397 1443 1533 1578 1655 1722 1757 1801 1858 1883 1971 2063 2114 2154 2157 2168 2175 2265 2307 2373 2445 2482 2562 2594 2597 2622 2693 2695 2713 2780 2799 2813
89 113 206 251 322 332 346 349 363 417 464 522 538 562 597 607 679 725 742 794 809 834 874 947 969 994 1034 1103 1178 1253 1329 1382 1473 1554 1556 1654 1663 1686 1752 1813 1898 1972 1988 2015 2079 2157 2246 2283 2348 2423 2518 2548 2613 2639 2680 2736 2762 2811
13 13 35 108 191 266 316 386 424 435 474 510 598 614 679 764 843 865 866 930 989 1080 1150 1150 1248 1262 1322 1332 1381 1435 1500 1510 1529 1602 1602 1617 1673 1679 1738 1813 1832 1835 1917 1976 1994 2016 2082 2099 2117 2193 2195 2223 2307 2334 2428 2499 2543
28 36 65 144 145 164 223 313 388 407 445 505 536 574 589 652 652 685 774 819 907 933 968 979 1011 1029 1126 1176 1234 1302 1377 1423 1521 1605 1626 1718 1806 1888 1966 2019 2023 2089 2152 2155 2249 2275 2320 2401 2441 2497 2503 2505 2596 2600 2640 2670
41 107 193 282 344 387 421 437 509 553 564 660 728 802 885 915 979 1075 1171 1212 1215 1300 1354 1439 1506 1594 1668 1739 1799 1875 1941 1991 2054 2095 2189 2273 2343 2433 2437 2498 2498 2506 2508 2551 2606 2642 2672 2711 2784 2822 2853 2933 2950 2952 3014
80 120 158 202 281 366 416 499 535 604 611 615 676 753 760 834 920 959 1029 1117 1154 1169 1201 1201 1201 1255 1347 1385 1455 1517 1595 1626 1695 1715 1799 1846 1849 1868 1914 2008 2062 2102 2200 2279 2373 2410 2419 2487 2581 2641 2737 2780 2807 2886
46 62 84 126 155 233 241 261 307 356 409 492 575 576 638 707 717 753 819 882 906 981 986 1045 1080 1126 1210 1252 1279 1308 1313 1353 1437 1469 1489 1570 1663 1757 1795 1827 1879 1921 1949 1962 2018 2028 2055 2062 2073 2153 2186 2224 2287
28 88 106 152 154 204 277 349 436 451 494 570 609 609 634 637 653 706 804 873 944 1032 1034 1034 1091 1103 1162 1200 1236 1243 1315 1383 1435 1510 1550 1574 1634 1719 1772 1785 1834 1881 1978 2049 2107 2170 2205 2247 2301 2391 2472 2562
33 60 112 193 211 290 305 307 347 390 471 533 591 603 623 695 781 861 945 949 976 1010 1081 1124 1173 1188 1270 1341 1347 1383 1384 1416 1468 1498 1575 1618 1662 1701 1722 1758 1829 1919 2014 2055 2087 2166 2170 2191 2265 2284 2370
70 88 149 240 325 328 379 430 452 503 523 557 586 682 763 858 952 1027 1074 1156 1252 1289 1383 1429 1501 1548 1579 1583 1597 1651 1736 1822 1831 1835 1893 1937 1951 1999 2065 2093 2191 2248 2269 2291 2333 2394 2458 2496 2516 2553
8 75 133 215 215 296 388 450 519 604 627 719 778 794 885 935 1033 1107 1173 1218 1270 1287 1360 1432 1497 1558 1610 1689 1744 1791 1867 1905 1971 1971 1995 2080 2125 2181 2197 2216 2261 2339 2380 2469 2488 2509 2568 2577 2586
87 91 179 276 300 395 426 453 464 525 543 574 642 731 800 825 891 901 959 1027 1060 1084 1125 1178 1247 1327 1403 1439 1494 1519 1533 1590 1637 1645 1654 1743 1813 1896 1949 1973 2058 2152 2229 2293 2356 2416 2426 2451
10 71 119 124 210 281 323 360 364 440 463 544 627 700 785 847 926 1005 1075 1083 1165 1194 1234 1257 1320 1320 1413 1435 1533 1590 1609 1664 1696 1739 1776 1857 1954 2038 2056 2141 2229 2316 2347 2371 2447 2509 2535
87 152 200 270 302 399 490 569 605 682 725 760 831 883 909 953 1009 1106 1147 1187 1216 1277 1339 1384 1419 1507 1599 1637 1664 1681 1701 1725 1766 1815 1873 1917 1956 2020 2028 2070 2095 2120 2137 2143 2218 2227
80 95 107 138 201 209 279 355 430 519 589 617 709 724 776 871 919 971 1054 1086 1166 1224 1226 1263 1347 1432 1527 1586 1617 1663 1755 1821 1828 1874 1924 1934 1973 1997 2024 2079 2144 2241 2262 2352 2364
68 125 140 159 227 247 321 326 340 429 512 609 658 661 753 776 804 884 914 978 1016 1068 1144 1165 1174 1192 1210 1257 1262 1326 1347 1441 1478 1575 1658 1734 1746 1747 1844 1889 1937 2006 2082 2082
60 105 106 151 209 300 315 398 469 511 544 627 643 701 794 801 827 852 874 881 975 999 1020 1060 1069 1092 1174 1210 1240 1245 1247 1260 1283 1354 1369 1444 1521 1597 1641 1708 1724 1815 1852
24 54 115 138 139 201 274 327 366 418 503 560 654 723 757 824 858 922 978 1030 1058 1092 1167 1194 1211 1275 1358 1410 1499 1523 1542 1551 1607 1683 1715 1767 1827 1827 1853 1892 1894 1945
31 61 62 150 175 226 243 334 414 446 459 531 532 619 708 735 790 872 967 996 1084 1110 1131 1142 1220 1260 1346 1355 1405 1462 1486 1555 1651 1737 1829 1873 1907 1999 2086 2171 2203
53 58 155 188 195 230 241 274 359 363 419 434 461 542 564 569 623 676 721 776 828 893 912 938 1020 1092 1092 1141 1151 1216 1270 1332 1367 1380 1440 1449 1504 1524 1618 1672
25 31 40 96 105 125 163 171 242 247 292 294 313 411 458 512 599 617 619 620 697 793 831 850 862 882 968 977 1040 1072 1163 1218 1288 1349 1424 1443 1473 1515 1530
85 160 220 254 347 367 390 423 438 513 587 670 738 772 818 833 880 905 981 1075 1136 1154 1233 1284 1349 1351 1357 1388 1444 1447 1521 1572 1602 1665 1672 1691 1774 1845
58 149 187 218 280 339 419 493 497 593 679 701 712 796 839 906 999 1052 1065 1077 1120 1155 1222 1227 1292 1363 1395 1435 1442 1532 1602 1654 1699 1771 1820 1870 1944
33 43 96 173 200 279 341 358 396 474 494 522 538 564 660 711 739 837 908 993 1032 1110 1130 1222 1248 1249 1249 1299 1359 1433 1468 1541 1625 1699 1785 1785
89 146 162 226 253 286 328 383 472 495 562 642 681 727 821 850 902 955 978 1047 1132 1198 1207 1263 1336 1368 1369 1462 1548 1591 1637 1660 1753 1808 1869
95 97 122 180 254 314 340 379 429 506 553 582 591 633 671 757 770 787 794 830 902 964 1004 1072 1114 1207 1237 1302 1327 1416 1418 1502 1522 1523
20 77 79 125 175 216 270 312 403 491 553 626 635 685 757 803 814 911 939 956 970 1040 1138 1179 1274 1312 1314 1376 1398 1480 1505 1551 1574
82 160 164 171 181 238 248 261 306 353 400 441 508 576 664 674 740 813 868 930 978 993 1046 1094 1110 1181 1209 1249 1311 1376 1418 1511
36 103 123 130 221 318 366 456 484 529 627 632 727 819 861 946 1023 1105 1140 1236 1289 1302 1338 1379 1389 1466 1504 1578 1618 1688 1769
37 120 171 188 244 285 367 373 427 458 513 607 677 685 694 784 847 872 922 967 987 1031 1117 1198 1274 1363 1443 1520 1563 1602
41 77 77 125 162 214 274 298 390 404 483 486 490 530 532 615 670 670 690 750 842 853 887 979 981 1045 1048 1135 1202
70 129 223 268 335 419 432 485 504 520 533 614 705 791 845 881 953 1013 1025 1062 1082 1156 1250 1299 1389 1426 1502 1600
45 60 150 193 260 292 341 371 389 421 439 486 528 551 644 715 757 802 855 874 938 945 1034 1069 1157 1251 1253
81 158 184 267 354 420 474 524 561 620 690 749 760 777 812 877 968 1049 1122 1179 1238 1288 1358 1388 1432 1453
96 121 122 148 243 254 322 322 414 425 474 533 544 615 615 686 764 846 920 994 1025 1041 1121 1153 1213
8 21 108 131 201 221 303 381 419 477 512 551 564 583 601 629 695 733 769 789 814 818 877 933
96 176 264 270 358 387 411 480 534 608 618 634 657 737 763 770 822 825 832 865 922 979 1007
15 82 161 254 318 353 396 412 414 490 551 591 680 742 816 834 920 940 992 1046 1048 1141
83 143 169 172 173 185 219 272 302 365 403 440 511 526 601 689 722 791 803 819 837
95 158 235 310 325 417 452 484 532 617 667 670 699 777 815 907 916 960 1028 1038
87 165 178 262 326 352 385 398 477 552 568 595 598 650 681 694 738 805 844
71 168 184 199 237 248 255 267 355 395 406 437 523 620 632 671 730 823
42 114 155 198 279 363 399 494 522 602 691 767 851 932 1024 1120 1210
75 87 105 150 236 307 340 371 399 474 504 516 584 595 633 724
71 73 160 177 217 279 374 385 427 457 466 483 503 601 623
54 127 192 290 319 354 448 543 591 597 608 660 710 774
23 39 134 186 281 360 423 435 533 536 601 694 775
78 111 135 194 229 321 335 398 430 518 561 649
26 78 148 199 265 357 358 407 438 452 550
50 67 165 201 207 212 219 287 299 351
1 70 88 169 218 278 368 404 455
3 52 53 129 215 290 301 306
59 84 156 215 270 281 312
3 63 80 155 248 311
13 52 131 174 264
92 97 130 188
61 104 116
47 131
11
