62
72 142 188 201 241 324 331 380 412 487 534 547 606 693 759 767 851 938 961 968 1057 1125 1218 1277 1288 1294 1319 1368 1376 1441 1512 1554 1595 1624 1641 1657 1682 1728 1818 1825 1863 1945 1994 2038 2084 2123 2173 2191 2218 2273 2359 2430 2490 2538 2539 2567 2620 2623 2685 2748 2825 2890
18 61 146 205 286 301 389 456 475 556 605 621 669 722 800 890 912 921 924 931 972 1000 1065 1071 1097 1171 1222 1285 1305 1378 1461 1541 1585 1613 1706 1779 1853 1931 1932 1943 2011 2025 2036 2050 2057 2088 2161 2228 2301 2377 2467 2546 2599 2652 2694 2702 2754 2783 2874 2874 2915
27 87 171 172 200 235 267 358 455 520 562 589 610 664 722 770 853 933 1030 1037 1129 1185 1242 1287 1337 1397 1411 1483 1575 1622 1690 1718 1809 1884 1935 1979 2030 2097 2139 2226 2310 2331 2349 2438 2527 2619 2702 2753 2793 2877 2877 2909 2909 2956 3027 3030 3072 3100 3180 3265
37 111 186 227 287 317 366 405 481 511 569 644 716 757 853 915 991 1016 1081 1141 1196 1200 1293 1362 1373 1467 1562 1632 1703 1786 1851 1854 1861 1876 1946 1948 1993 2051 2098 2157 2210 2258 2338 2365 2383 2416 2446 2506 2520 2556 2586 2660 2661 2752 2844 2895 2909 2927 2983
48 57 60 78 121 139 233 285 374 456 491 499 589 592 624 679 755 853 889 959 965 969 1062 1110 1162 1235 1272 1282 1295 1359 1375 1401 1498 1538 1630 1718 1753 1813 1836 1903 1948 1974 2034 2124 2150 2169 2242 2320 2336 2351 2380 2444 2478 2498 2546 2584 2599 2689
62 116 120 214 290 309 353 429 525 547 564 657 751 757 821 878 955 1009 1078 1145 1195 1284 1378 1464 1485 1540 1628 1638 1675 1742 1781 1872 1892 1923 2006 2010 2078 2081 2145 2197 2289 2350 2388 2438 2526 2534 2544 2619 2677 2729 2762 2848 2875 2955 2979 3039 3095
84 105 194 275 320 383 422 428 472 489 555 600 688 690 710 803 849 901 934 999 1059 1153 1157 1167 1202 1240 1325 1373 1454 1528 1625 1640 1727 1818 1868 1954 1988 2073 2088 2129 2220 2303 2330 2378 2411 2465 2520 2564 2575 2603 2622 2698 2791 2889 2972 3047
52 69 115 159 236 311 398 407 411 483 537 579 618 679 703 790 860 926 932 932 975 1055 1113 1139 1229 1271 1325 1376 1464 1521 1605 1638 1685 1693 1713 1745 1841 1855 1893 1980 2041 2087 2121 2142 2154 2161 2254 2293 2365 2425 2513 2520 2592 2592 2639
54 68 145 205 212 282 346 438 529 590 654 688 701 715 753 835 868 956 1054 1149 1231 1284 1382 1456 1479 1569 1641 1678 1739 1755 1844 1909 1984 1992 2022 2050 2091 2106 2184 2202 2299 2333 2376 2459 2526 2579 2636 2707 2767 2779 2811 2828 2898 2909
70 104 107 117 133 218 258 281 367 442 519 616 618 639 682 723 736 829 860 862 875 913 979 1061 1099 1180 1202 1254 1308 1353 1362 1440 1456 1524 1598 1612 1627 1666 1670 1755 1842 1905 1981 1983 1992 2065 2144 2158 2198 2269 2276 2371 2424
39 102 121 126 133 136 166 247 253 266 359 447 536 607 690 690 762 858 901 949 986 1011 1049 1120 1213 1218 1268 1361 1388 1460 1503 1554 1651 1743 1769 1813 1879 1901 1963 2007 2093 2168 2214 2217 2253 2310 2407 2422 2456 2507 2588 2671
27 38 60 82 142 199 209 275 333 343 415 418 516 594 606 607 609 644 701 777 833 911 980 1009 1072 1105 1135 1146 1191 1267 1304 1372 1452 1506 1569 1573 1596 1654 1654 1666 1750 1788 1795 1810 1810 1836 1871 1949 2023 2052 2081
26 76 162 208 209 264 297 350 399 497 571 657 693 767 778 850 915 922 937 1012 1050 1097 1106 1171 1174 1202 1228 1229 1271 1340 1367 1448 1494 1570 1617 1621 1629 1640 1667 1699 1797 1855 1882 1941 2023 2024 2095 2147 2215 2218
21 59 77 85 93 157 247 330 382 438 453 544 630 651 655 673 768 783 783 837 854 889 931 990 990 1019 1076 1156 1215 1220 1300 1381 1429 1465 1546 1599 1654 1671 1686 1725 1791 1792 1868 1936 1936 1980 2052 2076 2125
5 92 125 167 190 255 265 309 325 398 447 481 510 592 671 730 793 811 898 905 940 959 996 1005 1083 1154 1204 1295 1345 1381 1402 1411 1450 1489 1503 1576 1630 1697 1787 1884 1973 1977 2045 2133 2155 2217 2223 2318
65 139 181 232 258 312 405 414 495 495 504 527 559 645 650 712 746 831 915 933 1018 1076 1128 1207 1270 1346 1366 1417 1490 1506 1551 1639 1666 1728 1793 1805 1896 1980 2076 2154 2201 2224 2260 2346 2428 2454 2497
80 132 145 204 220 288 340 359 452 550 634 644 726 800 852 900 951 1036 1083 1114 1161 1196 1276 1283 1298 1359 1418 1467 1483 1569 1638 1712 1729 1733 1800 1870 1912 1965 2042 2127 2156 2161 2237 2299 2377 2388
87 131 210 235 290 322 371 425 450 503 503 558 646 731 800 831 864 879 893 937 994 1066 1074 1159 1228 1247 1307 1343 1402 1429 1501 1566 1611 1639 1695 1768 1842 1927 1972 2014 2022 2062 2158 2165 2215
4 53 150 201 244 336 412 459 502 556 565 638 696 738 833 838 911 937 956 1018 1089 1135 1143 1192 1222 1316 1408 1436 1478 1535 1578 1620 1701 1784 1847 1908 1925 1988 2038 2103 2183 2245 2308 2352
18 37 69 108 200 241 288 372 387 389 441 526 548 643 735 831 838 852 888 909 936 978 982 997 1061 1080 1143 1235 1242 1286 1373 1419 1493 1510 1552 1600 1698 1747 1771 1834 1905 1962 2037
48 95 170 200 231 283 369 374 378 438 463 555 622 705 740 798 872 935 981 994 1046 1132 1178 1246 1326 1355 1376 1398 1462 1489 1520 1615 1672 1680 1680 1763 1823 1893 1969 1985 2052 2083
67 163 252 298 373 398 415 430 479 550 595 677 679 680 720 759 816 822 880 918 947 1021 1024 1053 1119 1154 1176 1200 1272 1355 1401 1408 1445 1527 1584 1679 1761 1763 1842 1890 1959
92 110 167 230 304 397 407 502 543 571 606 643 670 691 748 758 816 877 922 969 1035 1071 1148 1190 1204 1261 1307 1396 1469 1555 1625 1683 1777 1847 1930 2024 2098 2162 2202 2208
89 153 170 198 205 222 285 380 409 445 487 540 611 701 757 775 824 909 993 1004 1074 1092 1105 1203 1208 1223 1225 1268 1298 1335 1390 1485 1492 1559 1617 1676 1697 1748 1786
28 44 55 146 180 234 258 332 370 415 463 532 575 645 662 691 702 742 812 840 882 901 956 1054 1059 1110 1159 1161 1232 1252 1296 1389 1428 1512 1575 1621 1634 1647
10 101 111 166 226 258 330 428 508 598 644 659 727 773 782 847 868 907 914 986 1014 1079 1169 1171 1247 1312 1315 1316 1389 1414 1414 1509 1586 1669 1743 1774 1819
75 141 168 240 332 427 469 517 533 578 618 714 777 787 806 840 876 903 915 1002 1012 1035 1057 1095 1119 1206 1303 1325 1375 1385 1403 1440 1510 1584 1658 1667
55 132 161 216 282 318 379 384 467 526 564 568 643 717 760 836 842 880 887 946 954 1008 1068 1161 1174 1198 1259 1337 1403 1439 1444 1513 1529 1580 1662
51 149 199 292 316 347 378 449 534 549 561 594 594 647 670 681 731 745 807 877 880 895 956 957 978 1059 1129 1161 1252 1289 1295 1300 1397 1484
46 94 190 251 287 346 382 441 442 511 587 662 746 828 860 912 970 1035 1054 1078 1081 1155 1183 1187 1270 1286 1360 1363 1429 1524 1601 1678 1735
84 105 155 178 212 236 318 408 491 573 589 656 727 762 766 840 865 938 961 1022 1040 1109 1206 1271 1331 1402 1418 1511 1562 1633 1717 1728
7 63 157 227 260 281 315 328 382 438 479 523 546 548 570 594 673 724 748 831 892 918 1011 1099 1120 1121 1126 1207 1272 1351 1353
14 80 101 118 212 297 312 345 428 438 529 568 597 674 756 788 797 799 802 860 913 947 1034 1034 1046 1141 1177 1197 1254 1280
4 89 144 209 301 358 403 420 420 490 492 513 557 576 643 717 751 781 792 810 845 921 1007 1068 1121 1212 1291 1323 1338
30 113 136 192 263 279 326 335 413 418 469 549 560 615 627 655 667 704 752 778 864 864 959 974 1029 1062 1126 1158
20 36 60 88 114 172 210 274 338 392 398 463 532 624 635 702 789 800 846 863 936 991 1023 1061 1102 1131 1182
69 158 237 300 341 346 382 393 425 452 465 519 577 616 631 710 728 762 821 831 917 928 951 990 1034 1111
70 124 180 186 221 269 349 349 395 469 477 517 549 629 666 732 744 791 872 918 946 1003 1085 1090 1183
65 132 188 218 269 271 293 353 396 474 540 580 675 772 796 881 890 959 1048 1135 1203 1221 1224 1280
92 176 181 189 259 292 323 340 426 478 554 609 699 742 769 817 835 846 923 973 1024 1046 1072
87 163 235 326 390 444 449 466 546 605 634 641 692 694 698 782 865 949 1041 1134 1138 1149
79 111 193 195 262 330 384 403 422 510 583 667 737 790 803 869 956 966 1020 1038 1123
19 61 136 225 289 373 434 481 483 550 565 644 646 698 707 780 818 847 896 907
20 21 58 88 145 212 291 309 316 396 430 462 535 583 650 690 774 817 837
87 156 179 229 303 322 397 451 515 576 609 649 729 773 835 867 892 945
45 62 69 122 218 285 345 425 443 541 609 692 712 770 859 892 921
12 66 156 164 212 296 374 385 420 488 503 585 655 694 762 807
46 67 83 156 235 301 320 408 444 492 515 522 595 638 642
30 71 138 185 224 321 406 415 502 528 605 606 630 672
65 161 219 299 389 473 492 516 575 616 697 792 800
86 117 173 219 281 334 363 384 422 513 520 551
38 115 165 231 327 405 445 449 456 509 593
4 75 149 203 258 329 329 368 406 480
56 153 159 223 238 248 332 368 392
77 167 189 266 360 416 434 511
53 122 160 246 314 319 329
15 35 116 119 151 223
90 108 183 265 304
37 47 113 196
35 63 69
49 147
68
