78
68 122 204 257 313 319 357 365 387 462 536 634 730 774 860 876 939 992 1015 1052 1109 1157 1209 1293 1380 1418 1493 1509 1539 1607 1704 1757 1818 1865 1890 1923 1997 2036 2119 2195 2257 2311 2340 2427 2525 2564 2633 2703 2705 2725 2740 2790 2815 2902 2931 2951 2986 3052 3128 3211 3256 3341 3371 3379 3435 3509 3564 3652 3713 3804 3816 3903 3991 4025 4037 4038 4054 4081
52 140 194 216 297 315 325 357 368 439 477 496 518 578 581 632 714 716 748 818 861 939 948 1005 1010 1086 1157 1228 1256 1344 1417 1431 1518 1602 1663 1672 1711 1766 1807 1879 1883 1885 1967 1987 2004 2008 2021 2036 2119 2142 2232 2235 2293 2367 2446 2468 2557 2592 2600 2656 2740 2750 2812 2904 2982 3009 3094 3162 3170 3256 3275 3359 3415 3450 3521 3547 3614
78 132 141 150 174 231 305 369 425 437 489 529 547 561 574 656 692 743 780 855 901 913 933 1031 1078 1093 1118 1183 1233 1268 1296 1366 1422 1503 1554 1634 1649 1726 1751 1775 1789 1803 1900 1977 2012 2041 2041 2064 2108 2186 2194 2263 2295 2342 2362 2385 2465 2536 2576 2654 2747 2769 2822 2847 2871 2888 2932 2998 3062 3080 3107 3203 3246 3308 3401 3469
60 73 83 179 203 256 307 313 346 367 422 510 550 557 613 696 760 765 826 851 922 980 1054 1135 1136 1204 1288 1325 1378 1389 1453 1482 1505 1553 1624 1625 1696 1755 1847 1919 1977 2060 2111 2111 2198 2205 2290 2311 2333 2408 2456 2517 2520 2593 2605 2693 2704 2744 2783 2880 2942 3025 3034 3054 3067 3107 3152 3175 3271 3319 3365 3370 3442 3448 3512
56 152 183 209 283 371 421 462 483 513 515 528 625 668 735 802 832 928 1003 1023 1074 1154 1168 1197 1246 1259 1308 1320 1405 1411 1493 1583 1639 1685 1698 1755 1832 1874 1940 1945 2034 2107 2161 2178 2242 2248 2253 2329 2407 2497 2549 2617 2693 2728 2746 2799 2860 2906 2963 3030 3075 3119 3150 3201 3295 3322 3374 3419 3426 3446 3529 3564 3612 3675
17 65 156 217 247 259 346 436 491 506 603 647 670 751 792 826 868 950 1008 1038 1125 1137 1200 1240 1266 1306 1394 1416 1495 1562 1637 1677 1718 1733 1762 1799 1838 1890 1986 2037 2130 2227 2293 2328 2348 2361 2427 2445 2491 2496 2546 2618 2631 2697 2750 2845 2927 3001 3098 3104 3165 3230 3276 3328 3386 3395 3468 3487 3544 3554 3595 3630 3682
46 121 215 238 321 329 384 467 538 628 662 749 793 838 849 886 955 1005 1091 1142 1174 1207 1266 1332 1341 1410 1457 1481 1512 1570 1589 1672 1740 1810 1882 1948 2009 2047 2053 2090 2090 2185 2224 2242 2252 2277 2291 2374 2399 2414 2456 2552 2554 2559 2588 2625 2699 2705 2735 2739 2835 2911 2993 3009 3070 3108 3178 3189 3235 3258 3301 3366
97 127 196 223 286 355 398 480 511 515 522 586 630 657 694 707 760 782 808 892 918 942 961 1008 1012 1030 1087 1120 1197 1226 1277 1375 1421 1426 1495 1557 1592 1649 1693 1762 1819 1895 1971 2017 2080 2143 2215 2224 2297 2299 2360 2433 2497 2522 2552 2600 2660 2752 2806 2841 2867 2884 2903 2937 2960 3036 3076 3170 3263 3321 3394
51 113 153 157 212 309 381 411 422 474 547 561 564 565 567 595 655 733 824 871 911 1007 1050 1099 1148 1232 1283 1326 1339 1380 1425 1522 1526 1608 1658 1662 1686 1707 1718 1733 1812 1899 1918 1946 1967 2017 2088 2118 2216 2305 2397 2476 2567 2596 2659 2709 2794 2864 2942 3040 3073 3087 3170 3261 3340 3386 3392 3442 3451 3489
33 76 119 181 241 243 248 316 365 432 479 493 513 566 625 723 754 796 855 863 921 1007 1092 1173 1210 1250 1250 1311 1365 1438 1524 1617 1704 1742 1748 1793 1864 1959 2008 2051 2100 2178 2245 2295 2340 2370 2400 2415 2507 2561 2620 2625 2661 2709 2740 2789 2854 2888 2946 2967 3056 3122 3181 3242 3266 3299 3339 3425 3494
30 101 196 272 286 372 456 539 571 586 605 699 723 770 826 829 908 954 1011 1036 1114 1133 1137 1192 1271 1317 1369 1453 1524 1618 1643 1663 1743 1755 1837 1876 1905 1912 1999 2002 2043 2089 2179 2258 2259 2313 2354 2450 2491 2523 2600 2673 2760 2783 2854 2891 2916 3007 3020 3030 3037 3123 3202 3238 3325 3355 3448 3489
93 95 107 121 217 295 335 422 462 545 569 575 623 635 653 711 791 867 938 1009 1079 1140 1159 1199 1296 1301 1358 1434 1480 1492 1548 1625 1703 1719 1720 1793 1889 1976 1988 2041 2049 2061 2110 2171 2251 2279 2301 2330 2419 2481 2514 2555 2601 2643 2728 2735 2753 2765 2811 2859 2875 2935 2963 3012 3088 3155 3228
89 91 164 255 266 347 433 485 528 600 647 713 744 800 834 908 980 1021 1063 1123 1166 1213 1253 1274 1278 1289 1293 1296 1344 1423 1469 1506 1517 1548 1601 1690 1778 1822 1851 1896 1973 1993 2051 2113 2118 2145 2161 2253 2294 2299 2392 2419 2496 2570 2667 2707 2748 2754 2844 2855 2918 3010 3022 3108 3149 3209
71 129 145 237 263 295 333 410 480 534 622 688 693 765 837 878 926 1024 1058 1058 1118 1164 1174 1210 1300 1314 1396 1425 1523 1620 1642 1669 1757 1836 1851 1880 1926 2021 2066 2126 2140 2162 2181 2220 2290 2374 2408 2427 2509 2539 2574 2607 2683 2749 2753 2850 2850 2858 2946 2960 2970 2999 3048 3076 3169
73 80 147 170 176 240 283 328 409 437 462 514 593 635 699 790 795 797 885 955 967 1026 1066 1095 1120 1184 1263 1285 1312 1372 1393 1484 1573 1581 1612 1673 1691 1703 1760 1797 1876 1921 1933 1996 2091 2151 2214 2307 2349 2398 2494 2525 2604 2672 2752 2767 2799 2884 2951 3036 3059 3102 3120 3135
18 51 100 143 210 257 354 443 444 539 633 722 775 873 931 961 1056 1144 1237 1264 1312 1376 1464 1482 1509 1536 1565 1583 1609 1641 1735 1747 1823 1918 1984 2002 2080 2158 2172 2192 2253 2257 2338 2423 2483 2496 2552 2614 2670 2700 2725 2817 2900 2925 3021 3038 3085 3145 3171 3186 3226 3232 3317
58 82 83 115 124 180 238 255 324 337 423 509 588 594 603 624 698 742 822 868 906 941 1023 1118 1132 1191 1245 1273 1311 1354 1445 1528 1571 1620 1674 1680 1689 1783 1875 1954 1956 1999 2062 2099 2171 2236 2271 2344 2417 2436 2481 2503 2545 2579 2589 2625 2658 2724 2797 2812 2837 2842
66 109 200 276 334 392 479 545 570 602 603 672 718 782 817 914 1005 1100 1184 1254 1275 1302 1361 1362 1391 1418 1439 1448 1527 1602 1683 1757 1803 1876 1912 1976 1987 2054 2134 2167 2221 2281 2355 2405 2452 2466 2479 2525 2545 2578 2638 2663 2670 2714 2727 2762 2771 2809 2853 2909 2941
10 98 188 191 239 280 288 298 321 321 360 379 397 448 519 590 629 649 688 702 785 856 899 994 1060 1158 1183 1246 1343 1434 1449 1535 1557 1557 1627 1676 1771 1857 1887 1931 1952 1978 1990 2001 2010 2089 2149 2174 2175 2220 2309 2319 2328 2338 2358 2438 2534 2619 2659 2715
95 172 200 294 327 361 381 428 437 516 614 621 689 703 767 832 835 869 940 948 1021 1068 1160 1253 1282 1374 1457 1504 1551 1564 1601 1698 1772 1803 1870 1878 1945 2036 2064 2069 2105 2148 2154 2234 2315 2404 2500 2563 2589 2598 2598 2616 2651 2707 2736 2832 2854 2910 3007
81 119 211 265 308 352 363 408 479 541 578 645 724 810 837 919 971 1059 1109 1195 1232 1298 1316 1385 1436 1515 1593 1658 1756 1784 1843 1903 1967 1967 1975 1992 2086 2156 2246 2251 2279 2340 2350 2444 2516 2544 2546 2640 2737 2758 2823 2828 2887 2954 2956 3000 3098 3103
87 139 164 207 290 294 367 439 454 487 490 569 642 666 685 705 726 780 811 900 958 1000 1095 1122 1199 1296 1353 1389 1408 1425 1472 1493 1521 1543 1590 1618 1651 1745 1830 1835 1876 1970 2034 2088 2164 2180 2259 2263 2317 2387 2440 2497 2507 2565 2585 2642 2642
5 5 40 91 111 195 241 263 357 443 538 567 601 673 728 813 892 915 955 999 1026 1071 1154 1217 1272 1352 1428 1522 1533 1576 1652 1668 1707 1711 1799 1800 1817 1908 1916 1975 2046 2053 2079 2100 2157 2160 2253 2273 2322 2390 2429 2469 2508 2553 2597 2672
5 10 65 131 134 162 220 303 313 345 425 520 525 574 619 621 661 684 734 810 843 885 979 1064 1113 1151 1167 1219 1287 1296 1372 1460 1553 1613 1670 1679 1749 1792 1874 1908 1912 2008 2061 2144 2162 2194 2199 2282 2356 2450 2517 2601 2667 2720 2767
1 10 29 119 206 269 328 410 483 573 604 613 633 718 765 807 871 961 1016 1024 1055 1079 1092 1133 1147 1175 1204 1234 1293 1389 1485 1529 1577 1622 1660 1707 1783 1794 1814 1886 1958 2000 2047 2137 2159 2212 2213 2250 2300 2331 2343 2350 2379 2402
63 85 152 194 272 322 356 449 478 573 662 717 792 817 887 915 922 990 990 1070 1157 1206 1269 1284 1340 1418 1453 1516 1535 1605 1698 1750 1796 1817 1912 1953 1999 2003 2067 2135 2137 2150 2203 2227 2285 2311 2356 2425 2460 2558 2599 2622 2697
88 98 141 207 291 326 341 414 492 549 632 661 683 704 739 816 837 866 926 993 1014 1057 1074 1127 1135 1229 1251 1269 1271 1325 1396 1476 1540 1588 1636 1715 1800 1840 1934 1956 2025 2103 2122 2192 2214 2250 2266 2334 2429 2455 2499 2570
56 89 176 258 347 384 392 455 483 552 564 587 591 682 753 795 813 822 918 973 1018 1052 1053 1080 1099 1107 1170 1229 1305 1383 1416 1475 1531 1600 1673 1684 1736 1748 1831 1909 1942 2030 2043 2108 2193 2263 2355 2450 2481 2554 2555
14 74 98 99 154 184 257 295 333 408 438 508 578 654 724 816 867 900 979 1019 1082 1167 1250 1280 1300 1351 1391 1413 1494 1574 1613 1683 1763 1798 1871 1897 1902 1976 2017 2104 2143 2205 2249 2283 2327 2405 2431 2484 2545 2572
27 30 50 111 112 114 160 258 335 341 374 409 489 539 630 675 699 720 743 827 920 964 1010 1076 1086 1125 1140 1174 1270 1313 1361 1452 1506 1536 1579 1625 1684 1735 1783 1870 1949 1975 2059 2126 2171 2245 2269 2294 2337
62 118 119 203 224 311 388 423 457 469 490 508 545 610 654 745 761 788 824 869 956 1034 1071 1138 1234 1301 1365 1420 1479 1486 1560 1577 1634 1679 1750 1788 1807 1846 1887 1939 1939 2004 2037 2130 2223 2235 2295 2381
91 153 188 209 307 343 366 447 513 519 539 636 640 651 697 755 811 839 897 948 969 990 1055 1067 1119 1122 1187 1190 1244 1279 1351 1364 1380 1413 1470 1490 1556 1623 1707 1794 1815 1840 1879 1919 2012 2068 2122
97 134 175 204 296 393 399 418 507 550 591 621 713 760 787 862 921 1008 1035 1062 1107 1154 1219 1236 1305 1381 1427 1460 1477 1575 1587 1660 1745 1759 1775 1836 1839 1840 1849 1874 1956 2014 2018 2060 2146 2229
32 57 99 137 158 234 309 397 466 541 575 663 748 775 808 880 970 1007 1010 1046 1127 1170 1265 1332 1422 1493 1503 1521 1527 1557 1633 1693 1725 1756 1853 1886 1981 2028 2085 2103 2168 2245 2258 2297 2354
52 120 172 225 261 304 389 453 525 579 600 665 667 677 750 807 838 865 920 984 1052 1134 1206 1231 1321 1335 1385 1473 1567 1623 1677 1750 1797 1872 1934 1943 1967 1993 2072 2160 2213 2248 2312 2400
23 69 85 156 246 322 358 369 435 514 604 683 752 786 870 887 950 987 1073 1116 1181 1256 1263 1274 1286 1379 1449 1521 1523 1590 1679 1740 1834 1836 1903 1955 2019 2051 2101 2199 2217 2307 2364
28 80 162 164 243 318 369 396 465 532 594 672 732 801 810 855 887 931 981 1054 1092 1134 1217 1301 1306 1324 1398 1428 1431 1501 1539 1614 1648 1667 1765 1835 1885 1970 1984 1984 2038 2059
6 58 63 90 146 169 251 266 322 392 406 454 473 532 560 584 640 734 778 815 883 965 1027 1085 1172 1213 1263 1267 1333 1398 1493 1500 1539 1628 1670 1746 1788 1847 1881 1936 1964
30 65 117 174 193 214 280 282 328 420 505 553 604 674 745 773 822 868 871 937 951 1043 1054 1130 1163 1175 1237 1332 1374 1467 1488 1570 1644 1735 1793 1863 1885 1959 1998 2006
71 134 178 247 334 348 409 483 498 551 563 660 735 769 802 900 912 916 1012 1079 1176 1240 1313 1320 1338 1360 1386 1439 1501 1583 1627 1668 1706 1724 1725 1765 1797 1841 1890
49 92 126 149 213 224 235 313 372 411 465 509 537 618 667 751 811 870 880 954 972 1044 1075 1166 1209 1215 1280 1283 1379 1438 1452 1511 1557 1580 1674 1757 1850 1866
10 76 162 175 221 255 329 416 461 495 570 647 736 818 823 836 841 846 871 882 945 1003 1095 1175 1240 1270 1304 1331 1424 1430 1462 1484 1495 1514 1588 1602 1610
52 73 114 160 176 229 267 306 396 465 547 634 647 716 796 811 841 847 885 931 935 987 1001 1032 1088 1139 1233 1331 1404 1499 1509 1525 1567 1573 1577 1622
29 99 189 272 366 462 474 528 584 617 638 706 751 785 797 888 924 936 960 1016 1077 1120 1152 1198 1271 1360 1408 1502 1512 1601 1673 1704 1782 1856 1926
95 150 236 307 389 472 515 540 562 651 749 762 805 897 991 1074 1140 1151 1171 1238 1267 1341 1412 1479 1494 1515 1568 1642 1729 1817 1897 1992 2085 2170
67 125 169 223 320 390 407 413 455 543 576 621 677 682 685 733 752 823 841 878 903 988 1078 1176 1176 1251 1349 1434 1518 1586 1633 1697 1776
11 19 54 124 142 189 287 317 339 430 506 528 610 665 747 842 886 964 1001 1009 1015 1103 1130 1186 1260 1302 1308 1354 1430 1495 1520 1615
95 134 138 141 155 202 230 278 304 350 429 521 616 677 752 782 806 883 936 986 1003 1022 1069 1137 1141 1235 1332 1430 1520 1531 1595
7 25 27 75 85 173 176 196 201 254 276 331 368 376 380 434 459 539 613 692 741 831 869 931 938 969 999 1016 1067 1136
90 125 147 164 217 279 357 413 458 512 541 628 667 681 778 845 860 863 865 886 914 930 1012 1095 1148 1180 1242 1300 1317
30 110 161 217 268 346 411 465 518 585 603 653 723 796 843 861 938 1026 1034 1102 1164 1171 1256 1349 1420 1511 1549 1563
78 124 145 168 176 212 272 283 370 400 469 522 558 565 618 664 736 749 835 906 981 1076 1122 1212 1251 1257 1304
23 90 182 261 280 360 455 543 552 591 632 640 641 715 770 842 846 879 977 1010 1012 1029 1071 1163 1177 1223
79 161 214 304 392 408 469 500 575 592 604 682 748 817 856 873 962 1047 1068 1073 1125 1174 1225 1303 1322
10 48 73 152 238 290 328 392 394 466 509 573 607 666 667 668 713 800 870 906 1004 1073 1116 1161
72 83 112 158 168 209 226 239 255 274 347 411 438 530 538 594 671 684 757 824 904 961 987
1 43 126 143 150 202 253 283 331 361 422 479 556 556 570 668 765 840 897 898 955 958
39 63 91 151 238 262 311 375 470 532 607 680 764 796 796 834 874 876 882 888 894
61 73 169 176 262 327 420 432 437 480 520 607 670 694 785 838 930 1019 1054 1062
76 81 163 189 283 343 441 523 610 611 640 667 734 772 788 843 894 969 1028
91 132 157 254 292 304 366 460 477 518 602 672 702 744 779 784 868 909
54 63 84 111 195 212 264 331 394 398 486 560 622 669 713 741 773
72 154 217 248 322 353 438 492 579 669 718 805 859 948 1014 1081
82 82 155 239 308 366 374 393 437 475 518 551 567 640 678
14 101 112 136 227 253 344 349 389 425 441 528 579 612
13 40 52 114 170 253 348 417 485 579 638 690 718
59 122 129 154 161 197 205 216 223 300 323 371
36 44 141 172 235 325 349 421 456 475 505
27 54 142 228 279 376 432 511 590 619
3 51 143 172 268 300 365 401 494
30 121 193 235 326 383 472 514
99 138 203 245 245 286 367
5 78 100 141 150 160
14 86 158 208 226
58 66 156 211
45 60 146
64 137
50
