22
68 108 124 164 234 282 331 409 429 507 519 561 585 620 699 707 805 886 949 1023 1103 1159
58 135 212 264 359 397 401 444 491 516 597 620 713 763 805 845 856 926 937 1019 1025
18 27 32 47 68 125 171 210 268 294 335 345 442 535 595 640 690 762 842 860
15 81 127 212 235 244 330 419 497 559 639 732 816 817 830 886 932 1010 1028
15 101 113 193 261 262 318 357 399 427 437 447 469 540 574 624 660 757
33 115 190 193 247 259 291 336 400 437 482 520 602 609 641 643 729
9 106 171 178 225 317 349 366 367 392 472 489 505 593 616 659
7 15 113 196 245 321 334 373 413 483 488 503 559 594 650
67 115 127 156 160 232 232 258 325 335 373 450 520 572
82 135 181 200 274 359 434 437 514 524 558 627 693
17 56 105 164 177 219 222 290 379 412 456 518
89 96 169 188 253 322 330 382 440 456 525
7 47 120 132 214 279 308 363 379 379
44 137 177 217 291 354 428 432 529
18 94 99 151 167 240 242 255
63 96 108 111 200 281 378
44 98 135 157 234 247
47 95 131 173 182
22 120 124 207
86 112 201
39 109
93
