33
42 134 186 260 276 373 374 457 526 570 636 712 745 841 883 927 992 1042 1134 1231 1285 1288 1352 1387 1461 1556 1557 1617 1662 1665 1690 1722 1769
89 173 203 236 283 369 392 475 505 545 573 637 702 751 772 779 867 915 947 1044 1127 1150 1200 1278 1329 1356 1426 1472 1488 1517 1554 1610
67 161 250 285 342 387 460 534 604 695 718 743 791 879 957 1038 1047 1066 1109 1157 1203 1232 1274 1372 1410 1447 1542 1543 1603 1651 1708
31 49 130 162 217 217 252 291 384 471 499 516 544 630 642 677 681 720 816 847 916 990 996 1012 1100 1165 1244 1309 1311 1350
54 115 154 161 185 271 358 429 474 502 503 579 621 632 676 720 725 734 735 812 866 916 999 1073 1083 1158 1171 1184 1272
53 151 227 272 286 349 418 510 535 621 710 808 848 914 916 922 976 982 986 1073 1085 1090 1188 1240 1335 1408 1483 1517
23 68 102 181 261 262 280 344 421 511 526 563 634 694 785 841 916 984 989 1071 1110 1207 1280 1296 1352 1413 1457
35 49 129 154 157 208 278 330 388 404 482 512 592 602 622 643 737 826 908 946 955 983 1078 1171 1186 1197
74 156 234 282 304 334 361 455 462 557 635 691 772 836 844 921 979 983 984 1052 1112 1152 1235 1332 1415
13 98 190 235 286 318 376 413 492 590 681 732 777 820 896 909 990 1044 1076 1154 1190 1193 1218 1248
51 117 122 148 244 252 308 363 381 429 484 510 541 588 603 662 701 736 824 842 890 970 1014
19 114 172 234 308 320 414 482 522 524 576 643 689 774 833 905 949 1030 1122 1128 1178 1237
57 122 187 239 317 354 360 430 450 480 481 558 614 647 739 739 763 827 922 935 1003
6 62 134 143 147 209 260 310 335 382 416 460 498 540 579 637 668 673 687 713
14 15 100 145 171 230 313 329 344 405 468 526 585 585 585 599 650 726 824
85 177 229 253 326 337 373 408 442 504 518 574 622 641 657 755 811 831
20 42 120 191 255 306 306 376 409 484 502 566 580 593 687 774 782
73 170 176 226 226 227 246 290 332 353 372 377 401 458 546 562
40 44 73 160 254 259 335 356 439 486 524 586 595 612 693
69 159 210 303 353 368 456 543 556 647 710 744 825 906
50 57 69 105 174 206 282 322 344 354 389 466 477
18 86 109 127 172 270 335 386 477 537 623 685
50 99 194 272 302 326 347 413 454 528 610
38 108 142 191 224 226 284 371 375 463
38 49 49 95 163 215 218 279 341
38 58 142 231 248 300 319 386
10 89 147 227 250 302 384
25 35 88 167 250 258
9 100 135 188 189
52 115 195 289
18 18 34
96 164
82
