72
16 21 63 132 178 248 332 429 517 567 623 666 741 766 802 879 882 889 916 934 1019 1036 1055 1140 1191 1230 1245 1286 1322 1387 1476 1551 1643 1653 1679 1691 1762 1772 1868 1887 1960 2058 2110 2180 2231 2277 2336 2400 2446 2512 2595 2625 2674 2772 2801 2838 2902 2944 2977 3021 3076 3122 3174 3253 3330 3397 3417 3433 3485 3551 3557 3577
4 66 134 171 261 290 321 413 503 537 607 681 721 745 790 869 946 974 1026 1107 1147 1171 1221 1224 1244 1249 1270 1328 1359 1452 1476 1520 1544 1611 1611 1654 1725 1745 1839 1854 1914 1932 1979 2027 2074 2172 2186 2233 2295 2350 2429 2449 2515 2561 2574 2612 2628 2635 2687 2737 2781 2834 2865 2882 2917 2919 2976 2997 3063 3133 3193
66 92 171 268 347 401 444 500 559 598 637 673 733 738 811 848 910 920 936 989 1031 1055 1075 1159 1208 1284 1295 1375 1415 1461 1506 1524 1586 1589 1633 1656 1689 1734 1819 1879 1896 1971 2027 2096 2134 2159 2230 2326 2365 2457 2494 2584 2598 2600 2677 2688 2724 2763 2765 2788 2789 2868 2886 2906 2915 2971 3064 3113 3120 3120
64 152 161 242 284 332 356 449 467 499 511 511 544 593 673 680 697 705 761 821 859 926 969 999 1066 1164 1259 1354 1426 1451 1486 1578 1600 1678 1683 1702 1794 1857 1877 1948 1949 2008 2020 2038 2064 2103 2196 2258 2300 2346 2420 2443 2489 2502 2537 2594 2681 2734 2828 2907 2988 3006 3091 3188 3207 3239 3302 3396 3457
27 93 113 128 194 247 323 419 508 545 635 695 763 802 859 868 950 1034 1056 1134 1192 1252 1266 1347 1367 1425 1508 1528 1559 1583 1646 1706 1776 1812 1906 1973 1983 2018 2071 2157 2210 2240 2249 2342 2429 2511 2551 2620 2642 2674 2751 2802 2858 2894 2941 3034 3079 3169 3187 3187 3211 3222 3246 3310 3363 3397 3447 3517
23 66 141 237 240 266 297 368 457 478 574 606 606 655 730 754 817 863 944 1041 1066 1118 1182 1225 1258 1291 1315 1322 1374 1379 1414 1464 1468 1509 1521 1607 1641 1652 1723 1757 1792 1849 1945 2002 2003 2050 2116 2141 2210 2212 2269 2303 2322 2370 2452 2494 2546 2630 2690 2767 2833 2856 2954 2994 3024 3106 3189
76 142 150 188 216 267 342 400 467 505 573 666 760 795 892 962 963 968 986 1016 1017 1064 1108 1179 1207 1224 1321 1403 1486 1534 1540 1594 1635 1674 1748 1785 1796 1836 1882 1929 1971 2015 2104 2105 2185 2275 2285 2345 2401 2484 2519 2580 2613 2668 2739 2785 2854 2901 2975 3004 3035 3109 3140 3178 3199 3211
2 71 123 198 223 296 320 393 417 444 481 523 526 535 552 629 637 664 722 807 824 844 914 938 972 1047 1092 1092 1153 1245 1259 1327 1338 1375 1402 1405 1454 1550 1560 1561 1578 1587 1619 1682 1708 1759 1820 1850 1927 2002 2012 2032 2041 2116 2178 2212 2299 2355 2451 2536 2624 2649 2724 2738 2804
36 57 96 140 162 222 248 297 375 418 421 428 495 521 529 551 603 631 643 706 746 778 863 947 951 1018 1084 1169 1256 1278 1354 1413 1468 1499 1573 1588 1590 1682 1751 1788 1854 1905 1985 2051 2133 2138 2236 2288 2384 2444 2529 2608 2697 2725 2736 2741 2787 2832 2878 2890 2970 2999 3004 3023
91 150 217 272 306 391 460 488 489 544 631 633 704 758 770 783 832 901 940 983 1031 1089 1150 1218 1226 1257 1260 1270 1321 1351 1419 1427 1453 1474 1528 1568 1634 1710 1803 1809 1812 1868 1956 2054 2107 2193 2273 2358 2404 2426 2466 2487 2570 2659 2671 2695 2708 2741 2826 2831 2922 2943 3003
23 69 109 146 177 267 327 354 444 538 607 623 650 744 823 881 963 979 1075 1106 1173 1186 1232 1291 1347 1424 1492 1510 1521 1565 1618 1714 1808 1840 1889 1981 2053 2100 2193 2268 2301 2394 2410 2490 2530 2540 2603 2621 2673 2765 2846 2868 2887 2985 3002 3025 3111 3131 3195 3284 3307 3401
44 56 146 206 295 367 462 484 575 643 665 679 707 765 841 902 933 992 1071 1169 1241 1241 1338 1390 1433 1475 1544 1596 1655 1721 1741 1819 1878 1944 1954 1960 1974 2066 2078 2126 2156 2215 2291 2357 2403 2404 2461 2515 2550 2551 2632 2690 2766 2785 2794 2822 2853 2930 3020 3102 3199
87 155 231 265 302 388 429 512 561 582 589 629 648 701 759 783 814 906 951 1037 1120 1128 1219 1227 1235 1277 1309 1354 1370 1446 1466 1501 1558 1574 1591 1651 1679 1770 1802 1868 1872 1878 1903 1921 1965 2006 2102 2121 2164 2232 2266 2321 2392 2438 2452 2546 2613 2689 2704 2711
63 143 209 246 306 404 476 562 626 652 698 741 833 866 942 958 1008 1074 1156 1158 1163 1228 1297 1370 1418 1436 1477 1544 1613 1678 1750 1848 1892 1988 2010 2086 2132 2162 2229 2253 2342 2371 2416 2420 2445 2498 2580 2623 2700 2786 2801 2852 2906 2946 2994 3021 3041 3116 3197
72 129 185 236 298 310 361 445 483 524 539 609 649 721 792 877 924 1003 1006 1018 1093 1177 1272 1360 1415 1416 1454 1465 1534 1551 1562 1605 1665 1713 1789 1828 1828 1864 1868 1915 1930 1970 2010 2105 2169 2171 2232 2257 2335 2343 2345 2422 2462 2517 2538 2633 2645 2671
88 134 138 226 272 302 397 425 461 539 611 622 669 672 681 694 769 776 860 949 986 1003 1021 1056 1109 1151 1181 1273 1296 1322 1349 1434 1438 1528 1530 1538 1577 1621 1672 1728 1762 1814 1911 1962 1975 2012 2044 2140 2215 2228 2275 2344 2420 2428 2517 2571 2620
15 106 132 132 198 216 221 301 328 416 483 564 645 651 715 766 858 914 1007 1071 1107 1111 1117 1198 1265 1325 1420 1506 1553 1584 1618 1677 1725 1762 1762 1843 1843 1855 1934 1936 2019 2069 2155 2158 2197 2248 2305 2356 2433 2518 2615 2713 2792 2849 2871 2887
77 165 211 225 302 389 403 447 494 528 614 646 651 691 773 807 846 879 879 940 948 1035 1043 1129 1163 1248 1294 1342 1389 1419 1421 1510 1599 1658 1678 1713 1750 1763 1766 1810 1870 1879 1956 2009 2069 2120 2173 2199 2214 2256 2324 2378 2452 2475 2538
89 123 137 176 255 270 343 415 506 509 563 599 661 726 795 880 964 1046 1095 1180 1256 1294 1390 1394 1409 1490 1532 1606 1616 1644 1722 1765 1842 1938 2022 2026 2118 2170 2213 2246 2248 2306 2326 2364 2407 2500 2534 2551 2629 2687 2689 2737 2806 2816
41 65 83 139 194 215 308 355 434 471 527 614 690 773 797 828 838 894 975 1025 1083 1174 1234 1289 1377 1399 1419 1495 1566 1586 1624 1668 1723 1788 1829 1833 1899 1932 1937 1950 2015 2026 2037 2059 2082 2131 2174 2190 2240 2322 2397 2410 2444
83 112 188 212 214 301 374 399 481 497 500 523 584 654 688 706 765 839 840 921 1015 1029 1088 1108 1198 1253 1323 1372 1400 1415 1446 1512 1529 1626 1707 1749 1773 1820 1852 1938 1974 2049 2097 2132 2143 2222 2228 2238 2306 2376 2460 2545
97 120 125 148 167 262 315 320 400 414 451 492 521 574 665 720 753 799 882 921 927 950 988 1079 1165 1190 1211 1217 1268 1362 1395 1438 1534 1609 1623 1666 1736 1776 1797 1818 1914 1984 1992 2087 2154 2167 2194 2275 2316 2331 2337
28 62 159 187 191 224 271 305 332 353 437 451 479 521 618 704 759 759 853 881 896 905 976 1044 1076 1084 1115 1115 1167 1203 1276 1298 1351 1439 1513 1582 1671 1738 1810 1852 1902 1914 1923 2012 2037 2093 2191 2261 2352 2435
3 26 35 54 134 223 233 278 372 396 401 475 497 501 579 638 698 710 791 868 879 968 985 1065 1138 1159 1187 1220 1291 1350 1393 1416 1452 1506 1543 1543 1595 1687 1735 1831 1858 1867 1957 2042 2088 2155 2180 2234 2236
1 14 37 93 162 189 196 213 279 319 356 450 545 606 645 654 719 760 760 782 823 848 852 934 992 1056 1130 1146 1225 1298 1307 1379 1455 1489 1527 1614 1636 1672 1762 1776 1853 1927 1934 1966 2033 2090 2165 2228
98 172 208 220 269 347 373 425 500 595 606 692 742 807 881 968 1047 1049 1074 1141 1170 1234 1288 1359 1367 1418 1470 1497 1506 1506 1603 1682 1770 1770 1867 1892 1965 1971 2018 2082 2144 2202 2242 2336 2376 2473 2504
92 140 223 281 325 352 439 479 511 516 520 574 585 588 607 699 771 843 929 977 1030 1051 1114 1186 1260 1272 1312 1394 1460 1512 1544 1617 1682 1695 1747 1835 1883 1978 2018 2036 2108 2119 2190 2254 2257 2334
5 74 161 243 259 279 349 394 461 491 569 587 624 649 656 695 780 803 827 831 926 960 1057 1114 1135 1208 1212 1283 1286 1297 1394 1403 1405 1463 1472 1516 1594 1613 1646 1692 1786 1852 1856 1928 1979
29 40 41 77 98 116 166 173 259 350 439 522 538 609 631 691 778 862 881 900 914 965 1049 1119 1141 1226 1296 1373 1427 1441 1502 1600 1627 1679 1762 1782 1815 1844 1916 2006 2016 2031 2042 2085
78 133 134 145 209 236 313 338 347 413 440 445 523 576 587 598 683 691 758 761 786 878 956 991 1034 1110 1203 1262 1299 1336 1424 1495 1508 1577 1614 1646 1728 1810 1810 1854 1895 1936 2023
96 108 159 169 219 294 306 379 473 571 646 672 708 765 778 808 844 922 936 972 976 1072 1135 1197 1210 1265 1349 1400 1462 1490 1582 1666 1738 1750 1821 1874 1880 1938 2033 2087 2106 2202
35 49 87 95 120 215 268 279 359 374 405 432 451 452 501 566 623 664 687 697 774 803 873 917 1012 1087 1137 1232 1291 1378 1403 1442 1520 1594 1610 1654 1687 1691 1742 1827 1886
33 40 62 116 193 240 310 315 339 373 424 505 537 575 622 710 768 784 848 885 928 1003 1023 1033 1122 1127 1168 1262 1321 1403 1428 1488 1530 1572 1595 1616 1626 1649 1746 1766
8 63 96 125 223 251 279 377 405 498 568 663 752 792 793 802 885 981 1072 1072 1142 1147 1171 1241 1288 1295 1388 1394 1411 1413 1461 1536 1574 1586 1649 1726 1761 1768 1837
63 124 157 190 230 321 417 436 478 511 556 570 640 676 764 813 882 977 1008 1025 1052 1064 1081 1173 1205 1222 1308 1376 1394 1432 1480 1500 1591 1670 1715 1716 1725 1736
38 120 182 240 300 345 413 471 485 525 540 622 627 630 671 674 686 762 793 879 898 996 1071 1078 1113 1121 1214 1265 1363 1404 1477 1485 1543 1614 1619 1646 1663
50 133 162 230 235 285 334 409 485 522 620 662 676 679 718 730 756 768 803 865 892 945 1036 1058 1101 1140 1176 1243 1279 1368 1422 1465 1470 1516 1559 1607
27 34 118 172 261 300 304 371 463 521 533 558 601 623 636 666 712 752 815 818 837 885 934 1017 1018 1039 1040 1070 1089 1105 1193 1255 1313 1408 1434
6 23 27 46 107 180 274 364 443 509 542 571 621 625 636 711 799 800 874 970 1001 1062 1149 1223 1250 1267 1358 1411 1438 1466 1481 1536 1593 1642
27 69 73 159 250 256 309 341 352 420 464 479 485 569 654 698 726 752 800 883 946 979 1023 1069 1071 1089 1155 1186 1232 1233 1329 1333 1362
68 154 189 205 243 328 426 477 488 533 593 640 732 791 816 869 947 1025 1033 1038 1116 1164 1241 1253 1317 1334 1373 1429 1470 1539 1558 1634
89 99 192 209 223 296 345 432 469 557 653 697 748 784 829 857 952 1028 1073 1128 1185 1252 1255 1277 1346 1369 1461 1555 1652 1730 1784
64 156 237 248 277 280 357 440 525 546 572 623 712 767 769 792 857 870 878 956 997 1064 1153 1188 1253 1259 1297 1301 1397 1439
90 181 200 264 284 289 360 386 397 426 473 506 523 546 606 655 752 754 766 832 876 937 1008 1059 1119 1131 1141 1185 1210
61 143 232 260 294 303 389 445 510 555 604 655 687 695 740 766 850 869 894 923 969 1017 1101 1170 1192 1235 1333 1418
89 147 200 258 275 330 337 411 420 450 489 514 570 609 695 728 787 823 845 878 954 962 979 1037 1079 1172 1268
76 133 166 211 241 286 334 428 446 451 454 456 529 589 605 703 777 789 814 909 962 964 1001 1028 1053 1069
63 74 82 82 175 201 264 304 312 389 409 491 542 575 671 694 791 826 852 912 945 980 1041 1078 1135
88 153 225 272 292 388 476 569 608 667 713 749 844 889 900 915 937 974 999 1069 1093 1187 1233 1328
9 101 198 282 305 354 366 443 455 536 540 582 637 691 743 744 822 875 910 948 969 1010 1093
87 145 172 190 238 262 283 300 340 415 510 597 604 628 643 728 739 810 885 939 967 1054
13 53 121 174 264 304 357 377 455 498 536 546 637 662 719 802 898 950 1005 1037 1052
64 133 138 179 258 323 336 417 515 560 627 720 772 836 871 902 960 1030 1034 1132
52 126 173 264 302 311 364 414 455 506 532 619 702 779 803 827 915 950 982
89 128 198 240 274 337 377 421 514 520 531 612 662 696 775 863 914 981
44 119 139 182 204 252 267 292 363 403 466 543 640 709 759 855 870
57 133 153 185 230 287 308 339 396 484 578 600 698 746 790 830
97 150 240 287 324 378 466 488 496 571 655 671 683 758 771
25 75 146 187 248 299 357 425 446 481 564 571 630 719
26 50 60 112 120 208 295 375 399 494 533 610 688
20 56 151 185 240 313 373 455 470 504 524 619
30 37 51 61 77 104 123 202 284 284 365
49 60 154 163 163 255 319 414 420 482
91 95 151 162 241 263 341 346 384
60 86 95 143 232 287 324 375
93 165 182 272 289 341 347
96 98 116 159 234 244
98 165 257 319 350
88 176 244 287
44 92 112
64 99
39
