83
61 84 139 187 211 214 297 342 362 399 455 531 598 605 669 669 703 771 815 872 969 1040 1137 1163 1188 1201 1235 1287 1306 1396 1471 1520 1562 1652 1653 1673 1769 1839 1917 2014 2055 2116 2159 2206 2243 2309 2393 2410 2495 2570 2586 2611 2686 2743 2789 2796 2796 2864 2931 2993 3023 3068 3133 3137 3175 3259 3310 3348 3402 3415 3470 3473 3498 3540 3574 3653 3735 3735 3821 3826 3913 3953 4036
96 144 172 199 221 296 390 440 476 476 535 594 691 761 779 813 903 907 999 1093 1175 1251 1286 1325 1349 1382 1476 1546 1579 1589 1621 1635 1690 1732 1809 1844 1906 1966 2017 2096 2162 2192 2196 2216 2232 2287 2305 2356 2409 2501 2533 2538 2632 2634 2639 2678 2692 2754 2757 2817 2821 2838 2868 2908 2976 3008 3067 3152 3203 3258 3266 3285 3314 3383 3392 3425 3504 3511 3530 3602 3689 3709
16 30 61 158 183 268 336 428 462 466 520 591 615 687 776 815 900 920 968 1026 1070 1078 1158 1173 1237 1241 1283 1317 1379 1421 1455 1485 1567 1637 1654 1716 1794 1796 1882 1975 2031 2096 2153 2183 2196 2285 2335 2367 2394 2492 2537 2601 2647 2704 2773 2779 2797 2858 2952 2996 3000 3075 3097 3111 3147 3193 3207 3297 3357 3442 3500 3579 3580 3618 3637 3687 3690 3734 3807 3830 3845
3 74 142 157 206 228 261 340 396 454 497 501 562 625 635 671 705 721 793 864 869 921 934 986 1016 1097 1181 1194 1252 1315 1391 1429 1464 1551 1609 1663 1700 1753 1784 1800 1862 1955 1987 2023 2081 2136 2140 2143 2195 2247 2343 2368 2466 2490 2493 2553 2630 2648 2729 2797 2825 2833 2931 2980 3006 3096 3116 3197 3243 3300 3383 3435 3505 3595 3601 3680 3778 3854 3879 3895
35 120 167 207 285 300 306 335 369 409 497 503 523 604 650 704 725 736 772 796 871 891 911 988 988 1066 1129 1157 1241 1337 1393 1405 1445 1460 1467 1515 1545 1591 1617 1644 1720 1810 1859 1928 2002 2043 2065 2088 2178 2192 2279 2293 2386 2390 2406 2442 2528 2545 2638 2716 2807 2868 2887 2977 3029 3100 3152 3241 3248 3275 3287 3365 3369 3416 3419 3434 3436 3464 3536
82 108 204 256 354 395 457 552 585 676 678 762 802 868 877 965 975 1046 1068 1126 1138 1175 1226 1285 1353 1391 1413 1498 1504 1588 1656 1751 1770 1813 1909 1911 1942 1976 2004 2033 2066 2161 2222 2247 2282 2309 2361 2444 2527 2551 2619 2619 2694 2714 2810 2824 2864 2885 2949 2982 2999 3077 3150 3184 3265 3339 3418 3425 3498 3555 3577 3611 3670 3674 3736 3828 3916 3982
1 70 160 216 262 305 352 378 400 465 563 579 634 708 737 746 786 864 938 1018 1066 1102 1102 1167 1215 1287 1383 1423 1425 1496 1535 1580 1616 1677 1743 1779 1802 1857 1862 1863 1938 1988 1993 2004 2013 2051 2086 2161 2206 2270 2332 2370 2410 2463 2553 2641 2733 2790 2875 2927 2940 2973 3005 3103 3136 3154 3160 3215 3219 3219 3253 3309 3395 3449 3532 3546 3622
50 86 134 188 262 333 383 410 431 470 499 529 573 601 611 675 729 755 787 833 878 939 962 990 1025 1057 1136 1205 1212 1226 1280 1321 1349 1393 1462 1477 1516 1600 1639 1652 1746 1791 1849 1864 1903 1990 1994 2050 2052 2137 2162 2180 2277 2325 2400 2467 2485 2490 2521 2545 2632 2670 2756 2781 2874 2953 3006 3065 3102 3146 3197 3235 3266 3285 3305 3395
94 176 223 248 292 377 404 475 552 591 658 687 689 754 794 826 848 903 984 1062 1121 1192 1276 1281 1372 1426 1477 1555 1635 1714 1747 1827 1833 1927 2000 2041 2085 2094 2153 2169 2201 2267 2345 2400 2437 2476 2485 2549 2628 2655 2690 2780 2819 2877 2901 2954 3027 3105 3133 3174 3267 3322 3405 3501 3521 3583 3624 3635 3697 3749 3767 3812 3865 3886 3894
23 93 152 165 234 314 386 453 535 577 665 762 850 852 886 980 1050 1066 1152 1185 1217 1246 1331 1359 1429 1485 1502 1568 1605 1689 1745 1821 1860 1907 1977 2073 2159 2247 2315 2332 2343 2415 2436 2446 2530 2569 2575 2656 2699 2786 2806 2819 2886 2958 2978 3013 3109 3188 3203 3245 3299 3312 3392 3419 3471 3477 3498 3578 3612 3631 3684 3727 3794 3827
23 57 147 245 277 321 393 444 456 483 544 578 664 748 844 928 997 1053 1096 1170 1234 1260 1299 1385 1461 1512 1532 1560 1586 1618 1693 1717 1786 1801 1851 1890 1903 1961 1963 2002 2031 2084 2149 2197 2255 2275 2286 2303 2314 2403 2436 2486 2523 2582 2596 2620 2627 2700 2732 2755 2795 2882 2979 3021 3068 3137 3219 3283 3290 3311 3326 3414 3462
37 48 142 217 225 243 267 346 439 481 550 637 675 699 747 837 916 961 1019 1033 1068 1093 1172 1223 1310 1310 1337 1369 1422 1447 1473 1525 1622 1635 1635 1667 1704 1732 1778 1805 1900 1969 1977 2041 2132 2185 2273 2293 2368 2385 2417 2439 2467 2553 2580 2666 2695 2784 2812 2879 2975 3057 3137 3175 3203 3274 3309 3391 3407 3494 3515 3526
92 190 276 349 422 438 506 598 636 726 817 817 849 894 964 1031 1058 1088 1098 1146 1163 1233 1306 1313 1404 1477 1500 1542 1618 1695 1781 1782 1832 1929 2006 2088 2145 2208 2220 2240 2257 2350 2380 2420 2463 2560 2655 2672 2759 2841 2910 2982 3077 3084 3113 3188 3211 3297 3327 3410 3482 3490 3562 3636 3649 3670 3765 3782 3823 3906 3944
16 49 85 174 272 347 423 503 571 657 748 791 886 930 974 1035 1098 1127 1191 1259 1300 1379 1410 1419 1439 1530 1535 1539 1603 1645 1737 1800 1810 1891 1907 1962 2046 2110 2156 2162 2225 2297 2383 2402 2436 2525 2595 2681 2686 2775 2821 2822 2829 2924 2953 2975 3008 3079 3149 3161 3227 3229 3275 3372 3411 3435 3448 3510 3584 3652
9 53 105 170 251 282 341 425 430 445 483 538 592 627 660 699 717 752 773 780 805 884 914 995 1028 1081 1129 1226 1315 1407 1503 1570 1664 1732 1830 1887 1961 2019 2027 2029 2035 2090 2108 2155 2249 2274 2304 2355 2407 2474 2572 2600 2658 2664 2683 2748 2823 2858 2951 2965 3061 3133 3176 3240 3317 3361 3431 3445 3492
30 101 135 196 208 210 272 331 402 473 568 583 620 710 745 790 834 887 946 978 1026 1066 1117 1185 1264 1329 1411 1469 1509 1558 1628 1696 1713 1719 1722 1818 1905 1965 2031 2054 2077 2159 2214 2244 2298 2332 2429 2473 2565 2583 2673 2764 2855 2916 2978 2999 3032 3103 3170 3244 3259 3281 3314 3402 3445 3464 3506 3574
79 150 246 291 367 423 461 508 540 609 672 672 766 820 830 912 975 1016 1087 1143 1145 1177 1265 1363 1393 1481 1565 1609 1683 1766 1782 1856 1939 1964 2028 2100 2172 2214 2287 2348 2426 2476 2520 2560 2602 2665 2754 2817 2872 2944 3019 3081 3084 3158 3190 3228 3267 3324 3398 3451 3478 3511 3516 3554 3647 3664 3716
32 32 76 88 180 274 315 345 420 491 497 518 549 610 668 709 718 815 901 913 945 1039 1082 1109 1130 1192 1247 1261 1283 1381 1435 1448 1484 1578 1612 1636 1636 1720 1731 1810 1815 1884 1885 1905 1918 1985 1995 2004 2055 2149 2165 2226 2283 2331 2406 2442 2480 2567 2567 2636 2659 2742 2798 2870 2952 2992
38 43 117 162 205 228 237 305 334 359 431 489 536 626 656 708 778 812 833 878 965 1037 1113 1172 1248 1268 1339 1371 1415 1445 1500 1565 1605 1675 1721 1790 1819 1885 1936 1981 2008 2101 2109 2126 2128 2199 2267 2337 2351 2360 2430 2458 2484 2555 2647 2726 2778 2812 2845 2871 2926 2979 2996 3043 3129
60 132 184 249 330 414 441 535 544 596 616 629 634 707 709 781 864 944 982 1027 1073 1103 1200 1257 1262 1270 1308 1344 1428 1449 1456 1540 1571 1622 1701 1765 1782 1822 1907 1995 2065 2135 2177 2208 2227 2267 2308 2339 2417 2482 2493 2503 2582 2597 2606 2681 2726 2753 2799 2837 2874 2875 2893 2989
67 79 118 161 253 291 332 358 363 427 485 498 511 556 589 623 660 732 814 906 932 990 1045 1100 1191 1251 1270 1294 1390 1467 1561 1608 1678 1696 1708 1739 1836 1915 1974 2056 2114 2184 2220 2248 2305 2354 2421 2505 2529 2612 2693 2768 2780 2833 2862 2865 2867 2878 2901 2969 2989 3042 3046
21 88 155 230 295 389 444 496 589 589 644 684 737 834 932 1015 1060 1085 1098 1135 1187 1222 1303 1367 1450 1503 1517 1541 1593 1628 1644 1697 1753 1759 1854 1862 1953 1972 2006 2088 2142 2162 2187 2222 2297 2343 2368 2430 2470 2518 2530 2602 2626 2692 2698 2744 2765 2814 2856 2939 3006 3051
39 41 100 153 220 302 369 444 516 572 591 620 640 719 808 897 937 975 1022 1047 1111 1120 1121 1170 1245 1251 1349 1362 1363 1421 1435 1456 1533 1587 1676 1679 1765 1833 1890 1934 1945 1970 1972 2034 2043 2073 2075 2164 2208 2294 2305 2312 2401 2467 2471 2567 2588 2606 2666 2752 2782
6 7 14 88 150 217 283 371 403 440 513 588 679 754 830 833 873 901 975 996 1031 1061 1127 1168 1226 1289 1384 1444 1451 1461 1502 1506 1579 1631 1652 1706 1730 1803 1881 1923 1959 2049 2135 2207 2211 2282 2330 2370 2430 2520 2565 2604 2656 2721 2723 2730 2827 2844 2847 2943
46 54 115 146 159 250 300 328 411 459 555 610 654 666 742 840 894 977 1054 1151 1188 1212 1290 1338 1397 1432 1460 1467 1558 1571 1620 1634 1684 1759 1820 1874 1944 2004 2059 2147 2182 2270 2368 2432 2442 2447 2457 2487 2573 2633 2718 2805 2822 2892 2913 3000 3021 3038 3125
2 50 61 96 177 263 358 428 480 566 571 640 656 673 727 812 857 945 1025 1049 1078 1164 1178 1196 1249 1285 1368 1456 1531 1580 1630 1669 1744 1813 1889 1924 1979 2044 2052 2098 2134 2136 2218 2311 2384 2397 2457 2536 2541 2573 2634 2660 2703 2792 2806 2842 2915 2951
25 96 115 119 150 216 276 329 415 508 581 627 637 698 750 801 861 869 876 933 1019 1043 1127 1214 1292 1293 1296 1375 1464 1495 1556 1607 1670 1702 1710 1800 1818 1894 1906 2004 2032 2060 2119 2151 2213 2231 2312 2381 2394 2450 2499 2530 2598 2684 2746 2746 2818
2 26 109 139 147 213 225 306 312 327 388 413 507 532 627 720 748 768 846 929 962 1000 1086 1113 1173 1190 1247 1249 1303 1352 1364 1457 1505 1509 1585 1668 1670 1739 1785 1855 1950 2047 2065 2093 2163 2192 2230 2320 2375 2423 2505 2556 2605 2676 2703 2797
13 22 34 73 110 199 260 262 305 336 419 474 536 622 703 728 806 808 815 876 951 1034 1044 1076 1118 1139 1229 1230 1260 1327 1344 1366 1438 1451 1465 1563 1630 1696 1778 1842 1895 1966 2038 2053 2119 2189 2226 2284 2291 2343 2363 2384 2384 2473 2568
42 133 230 324 355 416 458 534 554 632 726 757 809 905 995 1005 1064 1083 1159 1217 1302 1311 1316 1350 1435 1533 1594 1595 1653 1713 1788 1864 1915 1997 2021 2058 2154 2206 2255 2276 2290 2326 2337 2413 2446 2449 2461 2531 2605 2658 2744 2752 2807 2817
13 101 137 187 212 246 333 424 433 463 467 529 558 560 574 603 676 743 778 805 902 915 950 1032 1045 1137 1146 1186 1207 1235 1303 1311 1353 1364 1407 1431 1454 1508 1587 1641 1729 1760 1810 1863 1890 1912 1967 2012 2051 2077 2101 2101 2179
46 54 108 120 215 281 318 405 480 508 574 659 672 728 783 803 847 914 940 991 1041 1094 1139 1155 1234 1289 1361 1459 1464 1495 1570 1630 1660 1723 1781 1841 1846 1908 1979 2055 2111 2111 2180 2246 2247 2276 2333 2397 2428 2469 2481 2543
57 137 140 218 220 229 236 280 289 307 359 393 460 533 593 637 668 691 734 794 814 820 842 882 959 987 994 1085 1173 1225 1258 1287 1301 1315 1377 1458 1520 1588 1654 1655 1694 1746 1840 1914 1921 1989 2032 2114 2205 2286 2311
3 66 92 144 144 187 212 270 288 327 336 371 457 542 584 616 691 772 816 902 928 1023 1038 1079 1121 1164 1200 1215 1248 1343 1426 1485 1526 1559 1565 1574 1643 1739 1745 1780 1825 1877 1958 2046 2054 2084 2145 2236 2334 2363
10 40 52 125 217 220 302 321 348 351 432 482 562 624 632 649 694 760 771 799 861 894 954 997 1094 1173 1270 1273 1355 1446 1515 1532 1625 1704 1791 1856 1939 2000 2022 2043 2089 2145 2200 2260 2296 2318 2333 2389 2394
17 35 68 164 185 219 293 338 360 458 514 535 592 683 692 781 820 836 896 990 1060 1136 1224 1289 1340 1349 1376 1396 1494 1550 1584 1588 1660 1681 1776 1797 1835 1858 1912 1983 2031 2117 2158 2162 2245 2300 2313 2356
36 126 169 213 268 308 309 317 396 433 480 496 519 535 618 640 715 796 798 854 950 1015 1054 1138 1152 1221 1224 1289 1325 1358 1441 1506 1521 1564 1564 1618 1634 1730 1819 1881 1938 2005 2021 2034 2130 2187 2270
98 179 277 311 343 424 508 540 588 681 771 854 907 964 1047 1071 1096 1145 1184 1193 1255 1275 1287 1318 1392 1414 1471 1497 1508 1604 1635 1692 1720 1792 1796 1865 1954 2001 2090 2173 2262 2352 2383 2408 2430 2484
46 129 178 208 285 331 344 353 390 438 486 521 527 591 612 680 751 832 905 957 1022 1106 1183 1202 1275 1364 1456 1478 1479 1543 1577 1590 1639 1695 1720 1789 1881 1967 2026 2121 2127 2138 2186 2263 2303
19 79 112 209 281 328 371 453 503 557 557 571 664 666 697 745 779 843 928 932 1019 1117 1123 1175 1176 1240 1308 1347 1383 1480 1532 1558 1626 1683 1760 1772 1868 1896 1990 2080 2116 2202 2259 2330
88 108 192 245 310 403 404 409 474 549 642 700 755 756 836 875 963 1044 1130 1193 1286 1335 1403 1403 1471 1521 1593 1653 1660 1714 1753 1845 1853 1864 1930 1964 2050 2066 2123 2153 2180 2202 2218
49 65 117 180 274 352 392 417 498 570 653 691 726 773 782 849 944 972 1015 1070 1077 1115 1209 1295 1334 1355 1387 1410 1455 1510 1572 1642 1734 1776 1785 1802 1880 1944 2021 2060 2110 2186
17 109 181 220 278 372 406 461 510 604 634 645 700 773 827 918 971 1013 1110 1191 1270 1351 1351 1444 1515 1529 1575 1624 1677 1695 1766 1840 1853 1865 1919 1920 1931 2014 2063 2112 2188
18 77 80 114 193 289 305 305 334 354 436 454 548 555 579 628 726 765 850 939 1016 1096 1129 1177 1221 1225 1254 1296 1389 1436 1496 1538 1589 1668 1708 1738 1818 1839 1848 1849
69 100 182 263 340 428 513 576 665 749 821 886 935 982 1000 1007 1020 1051 1124 1206 1208 1279 1320 1388 1389 1447 1539 1540 1610 1624 1705 1801 1821 1850 1902 1931 1948 2003 2030
42 114 204 257 277 369 447 535 616 626 654 682 707 714 810 847 936 975 1021 1101 1171 1238 1336 1380 1414 1426 1426 1435 1520 1544 1592 1686 1709 1718 1770 1792 1846 1930
14 15 92 95 168 203 223 253 287 379 427 440 522 591 605 616 647 649 721 767 784 803 831 863 909 939 993 1024 1072 1087 1110 1137 1160 1171 1176 1204 1234
82 160 177 203 252 350 390 475 546 617 679 681 738 814 910 942 1034 1035 1129 1188 1261 1354 1396 1438 1458 1505 1544 1560 1628 1715 1811 1855 1859 1928 1958 2012
44 44 54 116 162 199 204 239 249 274 283 367 455 553 640 677 736 742 761 840 910 912 981 1017 1039 1093 1180 1227 1308 1331 1390 1422 1434 1457 1542
3 100 169 213 305 362 365 463 560 572 657 668 724 746 813 821 915 960 982 1062 1122 1138 1187 1242 1296 1341 1370 1383 1388 1470 1521 1522 1599 1680
85 92 158 247 254 311 390 406 483 566 601 692 757 787 790 858 865 927 1025 1117 1136 1161 1226 1295 1327 1349 1406 1493 1564 1623 1671 1766 1823
42 128 128 168 212 234 332 384 431 453 547 637 712 716 733 742 766 862 951 976 1069 1132 1210 1252 1289 1295 1347 1432 1470 1526 1614 1637
21 36 110 127 219 219 226 272 336 336 390 440 450 533 542 585 682 716 760 794 824 843 883 910 945 946 1040 1040 1130 1160 1212
76 109 156 253 313 321 396 428 485 509 597 690 746 810 820 832 914 950 976 1061 1087 1161 1243 1313 1322 1334 1360 1398 1431 1464
80 109 177 273 289 337 342 408 502 517 557 587 625 651 680 731 769 808 870 887 908 955 1043 1083 1176 1211 1288 1374 1377
96 109 171 174 179 192 240 328 334 424 440 524 567 578 592 629 697 702 747 752 804 877 911 912 962 979 990 1063
42 116 116 201 283 358 400 477 491 575 618 679 722 791 868 928 976 1019 1046 1054 1086 1109 1109 1144 1203 1271 1280
84 106 126 169 196 242 249 260 322 329 396 403 472 510 523 587 660 693 697 740 760 772 843 883 886 910
34 69 101 115 173 255 276 355 365 429 474 530 567 574 629 703 745 813 840 845 933 945 1035 1079 1140
78 125 185 273 324 338 388 485 533 622 640 654 670 670 709 722 798 801 819 906 998 1020 1110 1178
8 91 180 242 253 269 308 333 350 358 426 475 549 614 626 709 713 795 814 879 976 1015 1032
64 114 174 207 248 344 399 452 470 542 601 614 658 665 754 837 918 985 1037 1093 1155 1207
18 25 97 139 209 223 225 256 351 373 380 410 468 511 549 616 695 756 829 920 973
46 50 116 197 229 259 270 287 380 383 425 485 518 568 640 738 782 854 900 956
62 155 186 213 254 336 413 469 478 507 566 619 620 688 768 866 909 987 1084
25 117 214 241 265 346 362 438 532 628 713 806 852 891 980 1020 1097 1160
36 56 133 219 305 349 378 421 448 507 589 659 702 753 828 845 886
12 80 120 195 204 276 287 294 338 362 419 481 500 508 605 617
11 86 167 225 311 349 428 454 492 499 559 611 678 739 811
79 101 192 290 336 430 459 525 591 685 764 776 872 967
99 171 266 350 363 441 507 603 622 689 762 831 913
61 101 115 169 187 210 217 241 278 332 365 410
94 142 200 241 242 322 399 413 481 504 508
87 146 185 245 339 349 382 415 468 484
53 82 93 147 188 223 252 289 323
92 180 250 347 422 493 506 522
37 43 56 148 195 224 227
19 51 125 182 213 238
97 160 204 228 303
30 89 90 97
74 104 118
11 29
23
