70
9 84 151 206 219 289 381 432 434 447 453 503 505 513 535 613 669 739 810 859 955 1040 1075 1145 1214 1257 1266 1284 1303 1327 1355 1429 1494 1522 1616 1628 1670 1746 1778 1809 1852 1855 1867 1921 1992 2065 2144 2201 2297 2328 2342 2389 2418 2425 2488 2566 2603 2618 2694 2705 2803 2847 2930 3022 3022 3104 3139 3215 3305 3391
73 143 169 184 195 195 257 320 345 346 401 403 429 454 503 562 562 627 707 755 761 841 918 1004 1017 1067 1078 1084 1146 1156 1211 1299 1324 1332 1340 1390 1464 1511 1570 1654 1662 1699 1719 1814 1867 1891 1908 1956 1959 1980 2070 2108 2197 2215 2269 2297 2363 2444 2518 2566 2659 2690 2741 2746 2746 2836 2856 2950 2970
19 95 175 248 254 305 310 396 439 448 460 491 542 577 638 707 781 831 909 994 1024 1062 1111 1205 1223 1244 1335 1337 1414 1476 1495 1508 1601 1646 1674 1738 1792 1872 1880 1945 1984 2011 2035 2073 2141 2191 2271 2305 2365 2376 2459 2472 2519 2536 2563 2641 2650 2674 2713 2746 2782 2791 2868 2931 2945 2964 3004 3023
38 51 119 194 225 317 410 485 578 623 666 684 729 827 849 934 1029 1032 1120 1124 1126 1169 1241 1334 1376 1380 1388 1420 1498 1571 1634 1708 1732 1756 1789 1839 1933 1982 2044 2133 2190 2193 2272 2275 2334 2337 2343 2381 2427 2483 2506 2583 2635 2720 2772 2852 2932 2999 3033 3056 3102 3112 3189 3252 3341 3402 3438
67 133 198 206 234 237 311 316 333 423 454 537 540 618 632 636 687 762 839 909 994 1044 1130 1193 1280 1314 1359 1455 1471 1489 1533 1625 1679 1722 1748 1787 1817 1894 1981 2000 2039 2126 2142 2181 2188 2271 2348 2437 2463 2513 2579 2636 2636 2688 2712 2801 2827 2850 2873 2944 3003 3008 3072 3073 3156 3234
44 48 83 124 161 167 254 312 320 406 482 540 566 591 639 646 670 745 756 758 768 854 938 986 992 1078 1095 1147 1233 1281 1359 1447 1493 1573 1652 1715 1807 1842 1877 1945 2028 2106 2139 2154 2164 2197 2210 2252 2297 2318 2320 2342 2392 2409 2464 2470 2550 2608 2617 2693 2735 2739 2742 2787 2879
84 176 198 291 348 442 486 525 525 621 688 736 766 822 833 874 899 951 997 1020 1044 1121 1172 1225 1265 1319 1417 1459 1478 1549 1631 1684 1746 1753 1757 1812 1825 1858 1928 2021 2091 2172 2219 2255 2262 2332 2355 2403 2458 2500 2516 2590 2628 2667 2669 2724 2743 2808 2858 2923 2959 3004 3096 3125
99 145 152 211 233 291 384 470 513 516 603 639 687 774 824 852 862 906 991 1018 1091 1163 1193 1228 1243 1296 1368 1426 1499 1531 1559 1597 1609 1644 1680 1744 1833 1860 1878 1957 1966 2033 2069 2155 2171 2260 2288 2345 2369 2399 2411 2483 2511 2570 2641 2709 2794 2821 2838 2887 2927 3013 3014
22 73 165 174 270 277 320 325 382 468 552 600 696 756 760 804 844 911 980 1046 1120 1204 1229 1247 1295 1314 1406 1450 1480 1507 1517 1596 1637 1642 1677 1725 1783 1833 1891 1970 1996 2034 2089 2177 2223 2237 2241 2290 2290 2332 2357 2386 2453 2463 2507 2530 2623 2664 2715 2737 2804 2814
52 147 230 321 397 485 504 579 648 672 684 736 817 848 934 1029 1044 1098 1180 1266 1327 1417 1480 1534 1574 1672 1713 1722 1723 1754 1852 1899 1902 1941 1995 2062 2089 2163 2187 2217 2238 2318 2385 2440 2499 2559 2602 2609 2612 2640 2695 2767 2801 2848 2886 2940 3016 3032 3084 3103 3140
60 96 179 190 247 329 350 444 504 591 629 634 682 745 753 835 902 915 949 1032 1032 1039 1046 1049 1056 1100 1131 1202 1209 1220 1313 1365 1369 1430 1479 1541 1600 1618 1694 1776 1782 1782 1797 1854 1943 2033 2038 2081 2137 2200 2247 2266 2321 2372 2401 2419 2507 2514 2601 2687
60 79 80 116 186 213 270 361 373 406 498 589 674 692 747 812 836 903 977 1006 1044 1076 1080 1100 1144 1163 1179 1207 1224 1245 1259 1286 1312 1316 1348 1423 1501 1561 1564 1647 1690 1714 1773 1794 1872 1946 1987 2047 2077 2106 2185 2209 2242 2276 2318 2360 2430 2496 2572
81 109 160 241 292 306 319 338 391 442 501 570 638 676 680 685 750 825 897 935 956 1004 1040 1062 1072 1145 1198 1283 1371 1373 1443 1496 1517 1585 1626 1677 1737 1827 1846 1873 1921 1945 2036 2059 2078 2122 2135 2224 2240 2318 2403 2496 2569 2642 2709 2739 2803 2900
43 85 92 155 185 212 296 387 484 545 550 635 646 703 741 784 882 897 959 1022 1032 1043 1103 1197 1260 1306 1394 1459 1488 1558 1622 1678 1707 1715 1811 1851 1916 1926 1939 2000 2006 2045 2123 2208 2210 2251 2347 2408 2505 2582 2648 2711 2787 2884 2970 3014 3036
11 97 138 181 226 305 310 325 381 383 458 479 526 563 615 635 731 756 793 824 872 965 1006 1076 1109 1158 1224 1241 1253 1326 1380 1433 1523 1559 1634 1690 1779 1860 1875 1944 1995 2005 2078 2137 2157 2246 2293 2359 2387 2422 2467 2519 2598 2695 2751 2825
85 158 214 269 325 328 390 411 485 531 536 574 648 683 745 782 818 878 974 1041 1089 1184 1221 1265 1278 1321 1395 1443 1516 1588 1676 1715 1734 1787 1863 1905 1965 2014 2030 2087 2120 2199 2223 2300 2301 2304 2338 2369 2413 2451 2518 2572 2648 2730 2754
24 40 74 125 143 143 222 251 316 325 367 393 436 528 614 684 754 777 821 906 994 1004 1049 1074 1112 1199 1270 1338 1386 1480 1549 1569 1614 1697 1736 1796 1879 1944 2019 2097 2123 2135 2182 2249 2299 2354 2438 2529 2567 2650 2739 2745 2749 2823
18 59 78 143 185 222 225 243 319 362 388 438 473 515 607 618 636 683 747 815 835 857 934 1017 1028 1083 1093 1134 1155 1212 1291 1292 1365 1463 1466 1529 1600 1678 1770 1771 1788 1813 1862 1894 1938 1938 1950 1959 2015 2069 2069 2074 2130
71 129 179 204 250 257 261 343 413 506 534 597 617 708 755 789 839 851 882 885 888 964 994 1032 1130 1158 1226 1268 1298 1316 1347 1352 1402 1454 1510 1601 1657 1682 1746 1817 1856 1903 1940 1974 2013 2073 2142 2189 2259 2338 2369 2414
29 62 92 129 184 237 271 288 298 378 418 473 534 568 612 679 768 797 800 827 840 898 933 965 965 1020 1087 1162 1181 1214 1270 1318 1372 1396 1399 1402 1457 1476 1558 1585 1629 1648 1660 1706 1769 1776 1862 1867 1926 1982 2062
38 41 113 180 275 328 422 482 515 548 583 681 696 748 769 771 819 854 934 958 967 1055 1091 1100 1165 1236 1326 1416 1472 1556 1572 1615 1653 1732 1788 1802 1864 1926 1993 2047 2125 2135 2204 2286 2330 2425 2495 2562 2594 2690
15 23 25 37 48 127 172 234 267 267 336 337 427 449 461 532 626 711 778 874 909 949 966 974 1015 1082 1115 1188 1277 1298 1357 1455 1471 1485 1520 1605 1693 1747 1810 1885 1982 2072 2159 2204 2236 2269 2355 2422 2520
35 79 117 151 241 245 285 362 409 482 561 627 698 779 837 847 902 943 1041 1130 1180 1228 1231 1303 1376 1430 1498 1563 1639 1677 1694 1792 1829 1847 1923 1989 2051 2087 2169 2194 2244 2301 2319 2381 2391 2489 2542 2576
82 128 170 175 242 314 317 385 479 487 518 606 642 730 755 800 816 832 841 852 855 917 989 1047 1088 1159 1161 1172 1185 1242 1264 1318 1396 1470 1493 1591 1682 1737 1823 1840 1873 1956 1957 2027 2106 2115 2174
17 35 95 142 161 195 271 273 339 353 450 507 524 567 615 675 730 794 839 892 897 987 1052 1082 1152 1157 1171 1227 1278 1340 1354 1400 1406 1436 1506 1513 1521 1592 1609 1633 1699 1701 1720 1736 1792 1834
15 39 84 173 251 306 338 357 373 438 444 500 527 611 653 671 737 808 842 913 972 988 1062 1069 1142 1194 1287 1356 1368 1387 1465 1506 1544 1572 1624 1666 1750 1811 1870 1886 1953 2039 2059 2130 2179
83 114 184 261 340 381 477 520 531 611 636 715 774 779 797 848 868 871 925 981 1029 1058 1102 1181 1195 1230 1232 1261 1304 1336 1404 1409 1465 1535 1560 1564 1639 1726 1819 1849 1887 1950 2038 2053
77 160 241 250 328 350 430 477 493 542 591 657 718 802 886 938 987 1070 1167 1179 1200 1291 1364 1413 1434 1492 1577 1603 1656 1690 1735 1745 1839 1868 1897 1949 2012 2012 2013 2053 2079 2085 2133
55 120 122 177 219 293 328 374 462 466 558 646 710 750 810 840 877 897 967 996 1033 1097 1163 1227 1273 1329 1402 1484 1492 1524 1540 1605 1648 1743 1795 1885 1930 1977 2052 2085 2132 2169
46 78 123 140 161 178 238 252 279 338 358 452 494 518 570 616 665 742 813 859 879 940 972 1003 1078 1126 1183 1241 1250 1266 1364 1428 1523 1567 1606 1697 1786 1861 1955 1973 1999
38 65 121 142 223 255 287 294 316 414 451 528 555 570 628 709 782 801 858 922 1002 1052 1092 1149 1204 1239 1303 1340 1402 1434 1460 1525 1574 1646 1721 1817 1859 1897 1917 1918
35 40 79 149 239 327 403 455 549 569 620 712 765 772 798 817 892 964 1061 1119 1192 1258 1296 1308 1373 1393 1435 1511 1558 1583 1611 1663 1683 1733 1773 1777 1791 1828 1921
43 69 165 173 237 327 394 487 526 531 566 577 644 683 767 834 840 882 959 961 1057 1128 1170 1251 1306 1373 1418 1508 1512 1604 1654 1677 1752 1816 1847 1902 1979 2064
33 57 106 128 184 267 269 291 360 396 455 474 477 539 550 575 610 629 708 758 802 802 821 881 891 983 1034 1125 1179 1255 1299 1363 1457 1467 1521 1612 1627
53 74 93 97 169 226 245 343 433 530 581 627 710 773 799 847 883 901 979 1074 1111 1150 1222 1262 1283 1288 1377 1424 1473 1499 1564 1598 1615 1621 1685 1751
19 71 121 134 143 196 224 243 273 291 328 337 362 456 503 587 588 667 727 741 833 851 904 982 1033 1048 1124 1213 1247 1305 1328 1360 1380 1453 1460
45 49 49 119 204 227 253 263 282 338 399 401 452 491 578 665 710 765 831 920 992 1028 1065 1109 1207 1230 1235 1331 1404 1444 1465 1531 1568 1589
83 106 190 226 268 322 347 422 477 485 550 563 611 685 737 770 822 882 896 925 1010 1079 1107 1162 1251 1270 1329 1371 1434 1522 1600 1661 1721
68 111 163 256 320 334 421 452 523 617 712 729 754 850 858 861 925 1004 1074 1095 1137 1229 1299 1381 1442 1496 1503 1550 1571 1580 1669 1694
21 112 175 253 276 299 358 427 454 457 526 549 576 666 690 754 789 836 843 921 954 1003 1065 1139 1168 1191 1211 1295 1387 1400 1426
83 114 166 236 302 392 428 444 516 562 614 641 710 763 853 936 942 981 1068 1162 1226 1323 1331 1414 1489 1546 1570 1647 1708 1727
20 73 135 219 267 350 351 369 452 490 553 587 587 654 680 740 744 791 810 888 962 1059 1116 1191 1211 1260 1283 1305 1319
85 125 222 229 243 261 262 357 384 479 515 557 628 714 746 748 749 788 876 955 989 1005 1094 1164 1255 1261 1354 1441
34 103 131 177 233 283 296 297 303 325 356 368 393 429 490 527 546 554 568 577 624 650 714 730 757 791 835
42 102 136 195 253 318 412 430 501 517 607 640 713 802 873 937 946 966 1046 1142 1181 1223 1241 1328 1398 1433
73 170 229 292 318 362 408 409 443 510 535 575 672 740 776 873 913 923 965 1049 1133 1157 1250 1310 1370
29 92 153 179 276 307 311 352 435 437 480 553 584 626 637 710 804 835 842 842 930 1015 1060 1102
80 153 222 319 382 454 457 531 555 632 691 756 776 810 810 872 970 1051 1075 1150 1227 1312 1320
88 92 155 231 276 299 359 371 387 449 528 609 684 759 807 822 918 958 1051 1125 1213 1281
21 102 143 150 235 258 312 403 429 440 525 567 624 643 741 793 889 944 994 1059 1078
20 20 103 124 196 269 283 350 358 432 519 542 555 609 665 709 727 783 799 810
52 104 144 238 302 350 438 468 518 526 602 700 737 811 860 946 1008 1031 1101
7 26 46 105 181 252 299 378 417 462 507 534 620 690 727 740 744 744
3 82 174 250 273 343 415 467 497 563 602 682 715 731 792 816 861
97 108 151 191 281 377 475 484 520 613 632 700 761 822 897 986
10 22 44 44 49 87 128 141 201 267 296 361 404 437 438
92 144 197 217 243 333 422 458 517 606 676 730 770 837
90 186 253 345 359 446 461 485 528 564 657 754 811
26 77 105 171 259 284 291 318 326 393 459 496
71 97 162 215 262 285 287 344 374 381 461
22 103 124 178 260 294 360 432 527 616
96 127 180 262 290 370 422 442 540
86 93 168 232 311 384 457 513
17 97 101 108 165 215 238
37 43 137 223 267 286
63 119 196 293 328
39 48 72 119
77 104 105
16 100
49
