32
75 101 147 232 245 269 270 290 303 336 408 502 532 552 593 605 696 717 763 804 893 944 1013 1016 1107 1157 1230 1238 1255 1293 1330 1414
65 115 125 162 252 283 332 421 512 562 598 664 702 716 757 794 821 876 917 918 942 992 1046 1072 1094 1156 1242 1264 1287 1348 1432
64 110 116 168 202 281 328 366 394 479 524 603 651 707 747 804 876 920 1010 1106 1109 1177 1178 1220 1286 1299 1363 1398 1419 1428
46 99 171 214 216 236 248 306 321 340 399 399 485 558 562 642 728 730 789 790 817 899 908 920 931 1013 1067 1116 1181
62 105 137 227 234 240 288 320 329 389 415 424 462 481 488 515 554 603 631 706 789 835 863 913 928 972 1036 1059
23 49 142 203 264 352 422 464 465 530 558 631 689 721 724 765 803 850 902 905 944 1008 1047 1109 1118 1206 1232
33 94 178 237 254 255 286 363 391 463 477 502 571 658 723 742 831 890 925 959 1014 1077 1175 1230 1265 1352
87 160 199 277 334 403 429 460 534 584 587 648 674 678 709 788 826 844 925 946 972 1003 1029 1072 1113
86 117 165 199 205 233 276 289 305 334 427 452 454 523 605 617 631 658 695 770 820 838 854 891
93 114 162 242 288 303 398 478 521 601 631 655 719 790 802 803 874 967 1017 1097 1140 1227 1250
55 103 173 235 291 353 372 434 482 499 564 577 644 661 731 774 813 828 880 918 967 1033
41 89 154 221 247 287 306 386 474 479 501 573 620 687 742 803 854 898 964 1041 1065
59 96 164 258 320 386 420 449 451 451 468 560 611 693 744 798 854 896 971 1032
24 116 146 155 232 296 334 350 385 432 515 559 581 631 727 795 870 940 991
27 74 149 241 312 378 464 558 600 683 749 810 894 922 924 1006 1043 1061
90 147 242 296 301 369 374 415 489 561 623 674 690 732 828 921 1004
45 47 134 206 296 380 387 403 445 464 475 523 542 593 603 645
52 114 184 197 281 301 346 433 467 495 502 533 538 562 626
44 134 232 289 381 433 449 455 476 571 580 592 676 719
4 71 116 145 213 307 312 320 357 421 498 594 599
7 8 63 92 163 243 270 325 385 445 463 561
59 85 154 237 254 283 369 449 458 490 560
53 143 215 251 293 319 360 403 416 473
70 106 170 200 233 250 302 335 383
46 82 121 202 286 343 403 458
2 5 47 91 116 151 217
70 157 208 259 343 373
60 78 120 127 147
49 96 193 247
56 143 156
61 82
49
