25
61 104 113 204 296 324 343 394 469 527 581 655 752 845 854 862 930 1024 1024 1082 1121 1155 1216 1312 1337
37 125 146 205 280 326 419 422 497 528 597 610 657 749 762 778 862 945 965 967 1029 1115 1163 1201
82 133 206 273 338 436 516 577 658 695 774 778 859 900 990 1065 1099 1125 1200 1209 1258 1338 1381
95 148 153 183 271 309 382 453 477 501 524 588 662 721 764 805 857 868 956 1014 1019 1077
97 104 199 240 243 299 320 414 488 539 603 688 716 761 778 798 847 863 947 966 970
34 50 77 119 141 182 252 335 341 431 431 525 589 653 718 749 826 846 889 962
16 76 126 153 178 259 262 263 355 421 428 470 482 561 636 683 721 776 825
26 121 142 145 176 238 309 330 369 401 413 462 543 630 632 693 724 778
9 87 115 198 294 370 417 467 558 566 587 666 673 762 833 853 944
55 60 125 209 280 295 323 362 427 447 539 633 713 745 779 839
37 72 115 202 268 354 373 381 408 444 447 540 611 654 747
31 77 108 125 185 211 216 217 291 332 344 369 396 413
77 169 202 266 306 400 438 494 580 595 617 647 718
43 138 169 191 246 246 308 336 362 399 439 456
6 35 59 155 206 277 302 379 457 513 556
69 107 138 214 248 300 358 369 390 487
79 123 165 228 229 310 338 415 456
18 35 52 97 155 172 184 269
7 7 67 163 217 272 315
31 36 110 179 259 320
83 129 221 258 263
99 162 246 315
28 108 115
31 66
5
