65
15 94 108 124 168 223 306 338 407 495 546 548 629 692 753 835 923 999 1088 1160 1205 1257 1321 1376 1448 1501 1551 1557 1638 1654 1751 1796 1823 1879 1937 2026 2038 2098 2134 2202 2267 2297 2309 2359 2371 2441 2539 2594 2652 2750 2807 2901 2920 2997 3047 3067 3073 3093 3120 3137 3222 3230 3287 3310 3373
33 129 138 203 227 295 309 403 486 580 628 664 716 748 823 889 948 988 1069 1132 1221 1282 1321 1394 1476 1495 1580 1581 1596 1622 1624 1639 1648 1648 1677 1701 1767 1854 1869 1965 1978 2067 2072 2080 2108 2183 2264 2337 2394 2412 2482 2523 2608 2695 2716 2747 2795 2866 2922 2991 3073 3117 3147 3154
82 136 208 295 352 417 455 495 569 662 663 726 793 794 827 898 985 1062 1135 1230 1237 1316 1407 1475 1501 1537 1581 1602 1605 1619 1701 1701 1747 1797 1833 1878 1889 1918 1993 2027 2053 2068 2152 2171 2255 2292 2307 2396 2437 2455 2526 2580 2620 2663 2666 2676 2697 2771 2808 2873 2886 2982 3032
89 182 275 362 427 518 584 620 638 658 730 812 895 935 1010 1040 1127 1137 1183 1202 1233 1258 1306 1332 1344 1376 1438 1533 1535 1535 1545 1595 1597 1608 1700 1767 1771 1777 1803 1856 1923 1928 2018 2106 2148 2193 2259 2263 2326 2404 2482 2522 2545 2586 2606 2664 2731 2789 2866 2914 2922 3014
36 54 58 141 210 296 298 311 323 406 497 524 530 601 671 723 740 826 873 903 943 978 991 1010 1053 1066 1070 1164 1174 1175 1228 1299 1309 1323 1414 1504 1559 1589 1670 1682 1775 1778 1814 1846 1909 1977 2003 2068 2165 2211 2215 2260 2326 2397 2463 2498 2565 2593 2673 2706 2768
28 112 173 207 224 321 334 423 475 526 582 674 686 763 819 838 930 978 1010 1044 1120 1151 1151 1153 1245 1278 1290 1385 1450 1545 1605 1648 1722 1759 1795 1856 1888 1975 2001 2022 2103 2108 2150 2245 2273 2301 2340 2376 2401 2467 2516 2531 2620 2685 2754 2755 2766 2815 2838 2930
6 81 144 214 275 304 318 330 412 476 476 484 500 519 530 578 674 709 723 809 829 918 978 1063 1084 1158 1180 1205 1216 1249 1329 1410 1460 1547 1572 1644 1723 1787 1848 1909 1925 1988 1994 2014 2041 2096 2152 2203 2284 2366 2379 2434 2441 2455 2510 2562 2591 2651 2679
50 101 190 242 287 315 343 366 453 543 572 663 706 707 758 766 800 858 918 931 999 1069 1151 1212 1245 1326 1344 1412 1492 1585 1644 1692 1746 1805 1811 1857 1885 1969 2001 2034 2095 2124 2218 2283 2337 2363 2398 2467 2502 2527 2590 2655 2678 2747 2834 2918 2942 2959
67 152 245 260 303 350 382 419 474 497 527 615 681 711 761 763 782 870 918 923 975 1026 1046 1060 1138 1185 1280 1289 1370 1373 1408 1461 1468 1503 1580 1596 1614 1694 1776 1832 1925 2009 2024 2057 2088 2170 2190 2276 2317 2334 2373 2444 2519 2527 2621 2703 2709
35 62 103 186 223 311 315 387 482 556 598 620 626 642 704 766 849 850 879 943 1001 1047 1080 1164 1212 1310 1390 1401 1494 1568 1629 1657 1708 1727 1768 1815 1816 1831 1888 1967 2058 2145 2206 2237 2309 2362 2433 2519 2538 2606 2620 2656 2675 2689 2752 2813
33 93 105 108 167 248 302 316 386 416 421 479 484 536 606 635 727 804 864 919 949 970 1043 1119 1152 1210 1251 1301 1327 1341 1413 1475 1535 1552 1616 1640 1691 1742 1777 1792 1803 1881 1929 1970 2030 2078 2150 2158 2176 2244 2295 2330 2354 2413 2439
28 50 117 208 254 292 344 369 436 514 532 590 677 692 718 767 833 871 916 928 978 1050 1111 1176 1261 1292 1330 1396 1445 1542 1557 1618 1635 1658 1714 1778 1876 1882 1922 1980 2018 2089 2162 2201 2238 2327 2385 2399 2489 2553 2619 2675 2754 2796
61 84 101 144 173 232 242 330 375 460 470 490 530 612 628 711 809 891 912 987 1042 1112 1164 1177 1187 1210 1303 1352 1391 1457 1507 1577 1597 1687 1726 1741 1781 1788 1850 1885 1902 1975 2025 2073 2170 2260 2298 2317 2378 2455 2501 2572 2663
41 86 107 158 191 254 351 372 416 441 495 521 605 683 733 762 770 858 926 931 1004 1077 1163 1227 1281 1324 1378 1444 1444 1475 1564 1635 1691 1754 1798 1861 1942 2016 2078 2105 2126 2222 2306 2380 2475 2516 2517 2534 2614 2617 2636 2730
5 98 158 193 254 297 331 396 467 541 546 587 639 730 741 777 849 933 978 1012 1055 1147 1201 1270 1353 1371 1438 1516 1583 1638 1653 1733 1789 1801 1845 1912 1934 2016 2111 2128 2217 2276 2316 2327 2405 2449 2496 2564 2648 2686 2777
75 156 231 279 304 385 469 563 616 649 677 755 822 916 930 988 1061 1128 1170 1244 1333 1358 1414 1477 1522 1533 1605 1679 1747 1812 1872 1967 2012 2041 2085 2136 2201 2295 2300 2375 2411 2473 2512 2543 2610 2664 2730 2799 2826 2877
34 37 99 115 132 224 295 340 403 416 471 507 571 668 765 766 795 837 860 958 980 1029 1112 1175 1219 1308 1312 1354 1380 1470 1532 1583 1592 1602 1623 1699 1778 1868 1943 1945 1979 2054 2109 2200 2245 2329 2375 2407 2502
3 43 87 152 156 167 232 259 326 334 370 399 482 554 614 662 683 747 837 901 967 968 987 1027 1105 1110 1204 1287 1378 1438 1519 1563 1566 1633 1681 1731 1803 1894 1914 1924 2002 2024 2113 2211 2266 2274 2276 2346
61 158 174 252 329 380 438 508 538 589 673 716 716 791 821 831 849 916 922 994 1029 1089 1187 1235 1263 1358 1381 1423 1485 1565 1580 1608 1655 1691 1769 1782 1810 1903 1910 1956 1992 2041 2108 2181 2217 2297 2375
62 75 83 163 180 198 210 306 339 362 452 484 533 537 597 658 663 663 670 749 789 858 906 973 1000 1002 1065 1090 1098 1174 1200 1252 1254 1309 1379 1386 1436 1531 1627 1660 1747 1811 1885 1967 2063 2092
79 108 131 159 200 291 313 410 508 576 578 604 673 683 748 789 810 905 973 978 1022 1117 1139 1230 1258 1303 1373 1425 1453 1467 1511 1544 1569 1591 1628 1673 1756 1812 1910 1967 2052 2114 2211 2216 2264
47 92 93 129 205 238 260 287 310 379 449 526 618 694 772 810 845 882 940 986 1056 1093 1151 1240 1332 1334 1375 1386 1404 1479 1513 1608 1637 1674 1743 1840 1926 1929 1991 2017 2060 2072 2120 2194
61 91 130 133 162 164 256 309 333 378 448 467 551 592 676 710 738 767 772 784 811 821 832 927 961 980 1057 1117 1196 1249 1336 1348 1398 1495 1518 1548 1597 1650 1723 1735 1790 1809 1892
46 139 154 230 307 317 405 409 418 500 519 552 629 682 738 757 811 838 923 1016 1053 1142 1213 1229 1263 1284 1370 1452 1500 1558 1610 1704 1751 1802 1806 1850 1868 1869 1886 1902 1911 1914
7 99 146 147 171 202 247 299 377 402 460 486 569 569 611 654 739 788 838 887 959 1057 1075 1135 1206 1276 1370 1428 1439 1462 1502 1577 1668 1759 1832 1884 1950 2008 2085 2179 2269
85 131 163 261 316 405 490 507 557 620 687 725 814 871 967 1037 1116 1123 1187 1191 1195 1241 1295 1380 1461 1542 1549 1610 1650 1657 1723 1787 1804 1832 1927 1945 2005 2025 2114 2144
11 103 173 219 272 345 350 382 424 435 457 518 550 621 688 769 827 880 965 987 1000 1095 1143 1170 1193 1283 1315 1387 1473 1561 1628 1688 1783 1785 1826 1853 1929 2015 2021
78 158 181 235 321 402 481 494 550 615 650 681 775 788 807 903 989 1031 1109 1188 1220 1227 1285 1290 1316 1343 1358 1441 1484 1524 1547 1636 1644 1704 1725 1735 1748 1768
36 98 169 262 294 301 362 429 488 525 565 631 632 723 820 906 906 965 998 1065 1080 1102 1196 1221 1242 1261 1272 1365 1405 1460 1471 1485 1500 1560 1632 1712 1715
1 39 46 54 124 191 220 240 290 299 390 486 546 612 640 685 689 704 711 738 766 825 866 938 1019 1101 1128 1136 1155 1244 1254 1327 1347 1421 1475 1542
65 96 115 177 232 266 349 390 397 398 463 470 470 540 596 693 716 724 734 810 813 882 900 909 937 974 987 1011 1105 1160 1193 1241 1302 1382 1443
12 41 122 140 172 244 337 421 482 482 544 592 592 675 771 823 885 935 977 1019 1043 1088 1103 1170 1265 1344 1442 1499 1569 1646 1693 1729 1739 1759
90 142 222 225 308 345 375 391 420 463 469 526 578 649 654 734 745 799 866 964 969 1067 1154 1199 1259 1305 1368 1465 1513 1580 1640 1732 1764
38 45 59 156 178 270 355 393 403 405 474 555 568 604 676 688 693 757 851 928 1006 1067 1153 1178 1189 1256 1334 1419 1443 1469 1504 1524
23 61 154 200 283 371 434 529 534 615 625 704 776 824 848 874 915 962 967 1048 1074 1109 1135 1151 1209 1239 1291 1337 1364 1393 1452
95 146 160 163 185 199 216 244 285 372 419 465 489 579 670 729 791 798 856 932 988 994 1081 1179 1270 1365 1374 1393 1489 1527
48 144 178 245 326 397 403 455 489 570 617 630 643 660 736 790 867 887 951 992 1045 1071 1092 1122 1178 1246 1284 1311 1382
52 146 216 240 242 291 304 402 409 468 552 612 656 680 709 806 837 921 922 996 1067 1079 1164 1253 1299 1379 1438 1478
19 104 152 245 342 418 500 556 608 695 715 745 827 857 899 969 1030 1043 1129 1165 1234 1313 1324 1339 1340 1358 1428
42 138 165 263 355 406 495 553 616 688 756 835 840 885 916 939 992 1039 1089 1096 1098 1196 1284 1313 1379 1463
76 89 172 191 223 253 340 352 384 385 417 512 559 609 682 747 821 834 921 922 1013 1065 1116 1137 1173
4 53 99 164 262 301 303 374 458 488 542 575 667 685 781 835 901 934 937 1021 1034 1064 1103 1192
83 164 223 243 278 299 392 479 485 554 564 649 682 696 716 771 817 879 939 980 1062 1095 1124
38 80 112 151 216 251 297 321 410 444 469 556 557 651 714 743 833 867 942 967 999 1067
60 66 157 224 271 283 289 311 350 409 417 438 458 459 545 643 689 716 749 810 824
70 121 171 266 329 342 397 438 481 498 536 589 590 626 692 702 708 719 749 806
7 84 128 181 182 261 347 409 433 501 504 508 520 544 565 602 606 616 699
1 41 130 198 281 299 324 328 364 425 503 527 540 604 646 744 786 861
10 84 121 183 205 251 260 305 311 332 352 379 397 476 520 533 566
89 136 176 254 344 415 432 494 509 551 649 731 750 811 895 971
38 60 124 134 158 164 184 203 265 353 440 501 551 578 660
66 86 135 160 165 250 269 305 354 367 459 504 565 651
42 48 65 112 189 210 238 254 282 293 311 361 451
6 51 103 160 248 285 366 373 374 467 556 600
3 66 90 108 123 152 181 253 295 392 463
76 172 233 284 352 363 454 546 633 709
63 147 156 249 282 373 418 485 504
56 125 146 207 261 345 429 449
21 27 45 68 144 236 264
76 78 157 194 261 350
49 114 200 296 305
84 161 223 319
96 138 216
77 98
36
