30
83 120 160 164 179 207 229 312 320 353 381 467 512 544 588 635 658 748 832 848 879 946 967 1062 1135 1202 1250 1256 1267 1347
24 100 131 207 298 325 363 374 406 450 506 513 550 568 626 684 725 772 862 898 937 1007 1032 1065 1160 1189 1285 1310 1392
28 85 183 243 340 362 370 395 429 447 456 496 584 599 659 742 754 809 819 841 864 929 991 1036 1131 1188 1246 1312
39 134 183 214 278 340 345 379 399 474 514 600 667 760 840 879 889 970 1040 1046 1071 1111 1162 1224 1239 1337 1427
13 44 114 204 275 362 413 490 542 567 653 654 667 676 747 754 804 875 888 945 957 1005 1020 1058 1136 1150
26 49 74 86 87 153 235 255 271 317 348 438 536 608 644 654 748 804 857 935 987 1049 1079 1164 1196
47 64 149 182 268 278 306 340 373 430 478 518 570 609 707 763 780 830 835 872 889 896 917 983
22 113 196 213 294 366 411 429 450 453 512 524 585 627 642 736 798 887 893 941 978 1071 1074
65 128 148 186 209 226 252 303 386 396 449 481 503 568 625 708 755 785 789 834 922 947
53 73 123 187 225 239 253 282 375 440 457 477 489 530 601 699 784 880 926 939 983
76 164 195 293 324 327 419 452 524 583 650 700 784 834 898 899 947 1029 1088 1110
13 20 112 196 212 269 280 295 341 396 486 543 556 649 670 719 734 815 816
93 106 183 183 266 313 365 425 490 521 584 664 757 826 857 915 997 1006
19 45 122 209 235 310 379 468 542 543 631 689 775 791 859 945 1003
52 81 125 153 171 267 299 323 392 454 513 513 578 611 623 667
36 104 109 190 264 304 402 429 481 519 600 630 705 732 794
76 152 156 162 215 295 344 410 498 519 531 533 564 599
46 114 206 259 279 355 410 471 487 568 575 662 710
3 38 124 148 199 261 313 369 433 450 511 571
1 45 96 157 168 217 279 297 360 432 448
99 181 269 355 379 402 431 463 470 505
36 62 158 175 187 260 327 370 385
43 93 132 167 172 238 238 333
11 40 72 132 213 217 312
35 104 184 241 310 350
36 125 195 242 310
66 141 202 257
67 121 202
29 72
65
